Title: Logistic Regression - Advanced Cleaning, TF-IDF Unigrams, N/A, Other Removed (380)

Results of Training Set

--------------------
Accuracy: 0.6438917752934081, F1 Score: 0.34928651308661995, Precision: 0.6966933541934627, Recall: 0.31206643665589595

              precision    recall  f1-score   support

     Country       0.66      0.27      0.39     11081
  Electronic       0.89      0.02      0.04      5366
        Folk       0.94      0.05      0.09      1438
     Hip-Hop       0.87      0.77      0.82     19071
       Indie       0.00      0.00      0.00      2336
        Jazz       0.71      0.18      0.29      5846
       Metal       0.80      0.52      0.63     14880
         Pop       0.58      0.35      0.44     29773
         R&B       0.90      0.04      0.07      2647
        Rock       0.61      0.92      0.73     80018

   micro avg       0.64      0.64      0.64    172456
   macro avg       0.70      0.31      0.35    172456
weighted avg       0.66      0.64      0.60    172456


[[ 3017     0     0    20     0    84    23   637     1  7299]
 [   16   110     0   255     0     4   117   772     2  4090]
 [   49     1    67     8     0     7    23   106     0  1177]
 [   29     3     1 14652     0     6   100  1079     1  3200]
 [   10     0     0    17     0     1    12   139     0  2157]
 [  198     0     0    61     0  1052    27   783     1  3724]
 [   10     1     0   274     0     0  7779   308     0  6508]
 [  349     8     2   874     0   128   203 10421     2 17786]
 [   26     0     0    91     0    30    27   419    99  1955]
 [  838     1     1   544     0   170  1416  3198     4 73846]]

Results of Test Set

--------------------
Accuracy: 0.61265482209955, F1 Score: 0.3135275857678627, Precision: 0.6549417324335499, Recall: 0.2845999611293387

              precision    recall  f1-score   support

     Country       0.58      0.22      0.32      2774
  Electronic       0.88      0.01      0.02      1293
        Folk       0.92      0.04      0.07       338
     Hip-Hop       0.85      0.74      0.79      4903
       Indie       0.00      0.00      0.00       612
        Jazz       0.60      0.14      0.22      1467
       Metal       0.74      0.48      0.58      3673
         Pop       0.50      0.30      0.37      7475
         R&B       0.88      0.02      0.04       655
        Rock       0.59      0.90      0.71     19924

   micro avg       0.61      0.61      0.61     43114
   macro avg       0.65      0.28      0.31     43114
weighted avg       0.62      0.61      0.56     43114


[[  608     0     0     8     0    13    10   198     1  1936]
 [    2    15     0    66     0     1    29   191     0   989]
 [   11     0    12     3     0     4     4    29     0   275]
 [   12     0     0  3639     0     5    36   319     0   892]
 [    5     0     0     6     0     3     4    39     0   555]
 [   63     0     0    23     0   199     5   192     0   985]
 [    1     0     0    79     0     2  1769    82     0  1740]
 [   89     1     1   254     0    34    71  2221     0  4804]
 [    8     0     0    13     0     6    10   114    15   489]
 [  248     1     0   188     0    64   450  1036     1 17936]]

Total training time: 98.68 secs or 1.64 mins