Title: Logistic Regression - Advanced Cleaning, TF-IDF Bigrams, N/A, Other Removed (380)

Results of Training Set

--------------------
Accuracy: 0.6481479333859071, F1 Score: 0.3070223653212652, Precision: 0.7991243088127288, Recall: 0.27036658508336237

              precision    recall  f1-score   support

     Country       0.91      0.14      0.24     11081
  Electronic       0.99      0.03      0.05      5366
        Folk       1.00      0.00      0.01      1438
     Hip-Hop       0.94      0.71      0.81     19071
       Indie       0.00      0.00      0.00      2336
        Jazz       0.83      0.14      0.24      5846
       Metal       0.99      0.26      0.41     14880
         Pop       0.81      0.43      0.56     29773
         R&B       0.94      0.01      0.02      2647
        Rock       0.58      0.99      0.73     80018

   micro avg       0.65      0.65      0.65    172456
   macro avg       0.80      0.27      0.31    172456
weighted avg       0.74      0.65      0.59    172456


[[ 1505     0     0    10     0    19     2   348     1  9196]
 [    6   137     0   121     0     3     7   415     0  4677]
 [    6     0     6     3     0     2     0    58     0  1363]
 [    2     0     0 13512     0     3     6   552     0  4996]
 [    1     0     0    10     0     0     0    56     0  2269]
 [   35     1     0    38     0   812     0   425     1  4534]
 [    0     0     0   165     0     0  3831   144     0 10740]
 [   37     0     0   343     0    57    17 12905     0 16414]
 [    1     0     0    52     0    17     2   386    32  2157]
 [   56     0     0   130     0    70     8   717     0 79037]]

Results of Test Set

--------------------
Accuracy: 0.5638771628705292, F1 Score: 0.21320021223325378, Precision: 0.7003950274174578, Recall: 0.20064176431980335

              precision    recall  f1-score   support

     Country       0.66      0.05      0.09      2774
  Electronic       0.83      0.01      0.02      1293
        Folk       1.00      0.01      0.01       338
     Hip-Hop       0.88      0.58      0.70      4903
       Indie       0.00      0.00      0.00       612
        Jazz       0.69      0.08      0.14      1467
       Metal       0.86      0.09      0.16      3673
         Pop       0.55      0.24      0.34      7475
         R&B       1.00      0.00      0.00       655
        Rock       0.53      0.96      0.68     19924

   micro avg       0.56      0.56      0.56     43114
   macro avg       0.70      0.20      0.21     43114
weighted avg       0.63      0.56      0.48     43114


[[  135     0     0     1     0     7     1   122     0  2508]
 [    1    10     0    28     0     1     2   112     0  1139]
 [    0     0     2     2     0     0     1    22     0   311]
 [    3     0     0  2859     0     2     3   269     0  1767]
 [    0     0     0     2     0     2     0    25     0   583]
 [   14     0     0    18     0   111     0   134     0  1190]
 [    0     0     0    58     0     0   314    52     0  3249]
 [   14     0     0   172     0     9     6  1799     0  5475]
 [    3     0     0    11     0     3     4    94     1   539]
 [   34     2     0   116     0    26    34   632     0 19080]]

Total training time: 278.49 secs or 4.64 mins