Title: Logistic Regression - Basic Cleaning, TF-IDF Unigrams, N/A, Other Removed (380)

Results of Training Set

--------------------
Accuracy: 0.5901945825798673, F1 Score: 0.31934536879362146, Precision: 0.7470871865300556, Recall: 0.28411215369341253

               precision    recall  f1-score   support

      country       0.62      0.27      0.38     11496
   electronic       0.80      0.03      0.06      6348
         folk       0.95      0.07      0.14      1799
      hip-hop       0.82      0.76      0.79     19932
        indie       1.00      0.00      0.01      2534
         jazz       0.60      0.17      0.27      6400
        metal       0.77      0.56      0.65     19061
not available       0.66      0.19      0.30     18771
        other       0.79      0.04      0.09      4200
          pop       0.52      0.35      0.42     32217
          r&b       0.89      0.03      0.06      2709
         rock       0.55      0.92      0.69     86885

    micro avg       0.59      0.59      0.59    212352
    macro avg       0.75      0.28      0.32    212352
 weighted avg       0.63      0.59      0.54    212352


[[ 3103     0     0    32     0    95    51    64     3   663     1  7484]
 [   15   184     0   253     0     9   201    83     4   780     1  4818]
 [   47     2   132     7     0     8    35    54     0   110     0  1404]
 [   30    11     1 15171     0    11   126   199     5  1071     1  3306]
 [   11     0     0    20     7     3    21    25     1   148     0  2298]
 [  196     0     0    71     0  1114    34   159     0   730     0  4096]
 [   11     2     0   285     0     3 10695    78     4   328     1  7654]
 [  343     8     3   789     0    47   484  3601     5  2433     2 11056]
 [   57     1     0   355     0   207    80   272   189   609     0  2430]
 [  321    14     1   856     0   136   289   457    12 11361     2 18768]
 [   31     0     0    92     0    28    33    26     2   410    85  2002]
 [  827     7     2   547     0   183  1904   461    15  3249     3 79687]]

Results of Test Set

--------------------
Accuracy: 0.5531466028744184, F1 Score: 0.2723952656840999, Precision: 0.5397650808295889, Recall: 0.24990928539586862

               precision    recall  f1-score   support

      country       0.54      0.22      0.32      2891
   electronic       0.60      0.02      0.03      1616
         folk       0.57      0.03      0.05       438
      hip-hop       0.81      0.74      0.77      4917
        indie       0.00      0.00      0.00       614
         jazz       0.46      0.11      0.18      1570
        metal       0.70      0.50      0.58      4686
not available       0.45      0.14      0.21      4682
        other       0.50      0.02      0.03       989
          pop       0.44      0.30      0.36      8243
          r&b       0.88      0.03      0.06       692
         rock       0.53      0.89      0.66     21751

    micro avg       0.55      0.55      0.55     53089
    macro avg       0.54      0.25      0.27     53089
 weighted avg       0.55      0.55      0.50     53089


[[  649     0     0     7     0    19    10    30     0   183     0  1993]
 [    3    25     0    78     0     2    60    35     0   214     0  1199]
 [   12     0    12     4     0     1    12    15     0    35     0   347]
 [    6     7     1  3615     0     3    38    73     2   307     0   865]
 [    1     1     0     4     0     1     5     7     1    27     0   567]
 [   55     0     0    20     0   179     9    38     0   226     1  1042]
 [    2     1     0    70     0     3  2344    28     0    90     0  2148]
 [  100     2     0   184     0    18   131   654     5   757     0  2831]
 [   14     0     0    79     0    50    20    90    17   135     0   584]
 [   96     4     2   259     0    43    79   241     3  2508     0  5008]
 [    4     0     0    19     0    11    10     5     0   117    22   504]
 [  251     2     6   141     0    62   631   238     6  1071     2 19341]]

Total training time: 146.12 secs or 2.44 mins