Title: Logistic Regression - Basic Cleaning, TF-IDF Bigrams, N/A, Other Removed (380)

Results of Training Set

--------------------
Accuracy: 0.6023489300783604, F1 Score: 0.2897467116145153, Precision: 0.7673101778832517, Recall: 0.2544023958309806

               precision    recall  f1-score   support

      country       0.88      0.15      0.25     11496
   electronic       0.96      0.03      0.05      6348
         folk       1.00      0.00      0.01      1799
      hip-hop       0.89      0.72      0.80     19932
        indie       0.00      0.00      0.00      2534
         jazz       0.70      0.15      0.24      6400
        metal       0.98      0.38      0.55     19061
not available       0.93      0.18      0.30     18771
        other       0.69      0.01      0.03      4200
          pop       0.74      0.45      0.56     32217
          r&b       0.90      0.01      0.01      2709
         rock       0.53      0.99      0.69     86885

    micro avg       0.60      0.60      0.60    212352
    macro avg       0.77      0.25      0.29    212352
 weighted avg       0.71      0.60      0.54    212352


[[ 1680     0     0    24     0    24     7    16     0   351     0  9394]
 [    2   172     0   135     0     5    11     9     2   465     0  5547]
 [    6     0     7     4     0     2     2    11     0    83     0  1684]
 [    1     3     0 14355     0     4     6    20     0   580     0  4963]
 [    0     0     0    11     0     1     2     5     0    76     0  2439]
 [   32     1     0    47     0   934     0    39    18   455     0  4874]
 [    1     0     0   178     0     0  7226     5     0   181     0 11470]
 [   57     1     0   455     0    19    36  3293     2  1376     1 13531]
 [   10     0     0   248     0   210    13    72    56   389     0  3202]
 [   37     2     0   432     0    49    29    40     0 14448     1 17179]
 [    8     0     0    59     0    13     3     3     0   381    18  2224]
 [   67     0     0   166     0    69    17    27     3   815     0 85721]]

Results of Test Set

--------------------
Accuracy: 0.5092203658008251, F1 Score: 0.1884032320016693, Precision: 0.63354602878494, Recall: 0.17960050646060302

               precision    recall  f1-score   support

      country       0.57      0.04      0.08      2891
   electronic       1.00      0.01      0.02      1616
         folk       1.00      0.00      0.00       438
      hip-hop       0.82      0.61      0.70      4917
        indie       0.00      0.00      0.00       614
         jazz       0.45      0.07      0.12      1570
        metal       0.84      0.13      0.23      4686
not available       0.56      0.06      0.12      4682
        other       0.40      0.00      0.01       989
          pop       0.48      0.26      0.34      8243
          r&b       1.00      0.00      0.01       692
         rock       0.48      0.95      0.64     21751

    micro avg       0.51      0.51      0.51     53089
    macro avg       0.63      0.18      0.19     53089
 weighted avg       0.57      0.51      0.42     53089


[[  127     0     0     9     0    10     1    10     0   115     0  2619]
 [    1    15     0    59     0     2     6     5     0   133     0  1395]
 [    1     0     1     2     0     0     1     4     0    23     0   406]
 [    2     0     0  3014     0     3     8    31     0   267     0  1592]
 [    0     0     0     2     0     0     0     4     0    17     0   591]
 [   12     0     0    17     0   109     2    14     3   166     0  1247]
 [    0     0     0    48     0     0   625     6     0    60     0  3947]
 [   12     0     0   144     0     6    12   302     0   596     0  3610]
 [    1     0     0    60     0    54     3    26     4   106     0   735]
 [   19     0     0   205     0    20    16    67     1  2159     0  5756]
 [    3     0     0    12     0     7     1     0     0   110     2   557]
 [   44     0     0   126     0    31    67    68     2   737     0 20676]]

Total training time: 382.27 secs or 6.37 mins