Title: Random Forest - Basic Cleaning, N/A, Other Removed (380)

Results of Training Set

--------------------
Accuracy: 0.9777350813743219, F1 Score: 0.9672847527561114, Precision: 0.9794874033865932, Recall: 0.9557903857307392

               precision    recall  f1-score   support

      country       0.99      0.98      0.98     11496
   electronic       0.99      0.94      0.97      6348
         folk       1.00      0.92      0.95      1799
      hip-hop       1.00      0.99      0.99     19932
        indie       1.00      0.98      0.99      2534
         jazz       0.92      0.92      0.92      6400
        metal       1.00      0.97      0.98     19061
not available       0.98      0.94      0.96     18771
        other       0.95      0.91      0.93      4200
          pop       0.99      0.98      0.98     32217
          r&b       0.98      0.95      0.96      2709
         rock       0.97      1.00      0.98     86885

    micro avg       0.98      0.98      0.98    212352
    macro avg       0.98      0.96      0.97    212352
 weighted avg       0.98      0.98      0.98    212352


[[11250     0     0     1     0    38     1    50     5    28     1   122]
 [    4  5959     0     9     0     2     7     6     3    20     0   338]
 [    4     0  1650     1     0     3     1     3     1     7     1   128]
 [    2     2     1 19764     0     9     1     7     5    29     1   111]
 [    0     2     0     0  2472     2     0     1     0     0     0    57]
 [   16     2     2     4     1  5913     1    35   115    70    19   222]
 [    0     2     0     1     1     1 18426    10     0    26     1   593]
 [   61     6     0    14     3    54    14 17614    14   151     4   836]
 [   15     5     0    12     0   238     1    17  3830    33     6    43]
 [   21    13     2    27     1    68    10    85    19 31635    12   324]
 [    3     1     1     2     0    29     1     2     3    28  2571    68]
 [   41     3     1    14     2    85    33    61    17    79     9 86540]]

Results of Test Set

--------------------
Accuracy: 0.5560097195275857, F1 Score: 0.315397045098677, Precision: 0.6283499541760289, Recall: 0.26512200789179524

               precision    recall  f1-score   support

      country       0.64      0.14      0.22      2891
   electronic       0.86      0.14      0.24      1616
         folk       0.73      0.10      0.18       438
      hip-hop       0.85      0.74      0.79      4917
        indie       0.61      0.04      0.08       614
         jazz       0.51      0.22      0.30      1570
        metal       0.86      0.27      0.41      4686
not available       0.50      0.15      0.23      4682
        other       0.29      0.05      0.09       989
          pop       0.63      0.26      0.36      8243
          r&b       0.55      0.13      0.20       692
         rock       0.51      0.95      0.66     21751

    micro avg       0.56      0.56      0.56     53089
    macro avg       0.63      0.27      0.32     53089
 weighted avg       0.61      0.56      0.49     53089


[[  394     2     1     2     0    29     0    48     8    58     2  2347]
 [    2   222     0    46     0     2     7    14     1    41     0  1281]
 [    2     0    45     1     0     4     2    11     1    15     1   356]
 [    2     0     0  3619     0     7     5    29     8   107     0  1140]
 [    0     0     0     2    27     1     1     7     0    13     0   563]
 [   25     1     0    13     1   340     0    64    68   103    16   939]
 [    1     2     0    49     0     0  1270    32     1    39     0  3292]
 [   65     6     2   143     3    30    31   715    11   375     8  3293]
 [    5     3     0    58     0    88     3    57    53    98     5   619]
 [   33    10     7   196     2    64    33   207     9  2120    12  5550]
 [    2     1     0    14     0    15     0     4     3    21    87   545]
 [   85    11     7   118    11    87   117   251    17   394    27 20626]]

Total training time: 74678.81 secs or 1244.65 mins