Title: Logistic Regression - Advanced Cleaning, N/A, Other Removed (200)

Results of Training Set

--------------------
Accuracy: 0.5006524078044761, F1 Score: 0.46343284848756444, Precision: 0.5278152400531892, Recall: 0.4569590567650792

              precision    recall  f1-score   support

     country       0.52      0.69      0.60     17629
  electronic       0.67      0.26      0.38      7874
        folk       0.54      0.20      0.29      9397
       indie       0.45      0.38      0.41     13889
        jazz       0.59      0.41      0.48     10237
       metal       0.54      0.73      0.62     15705
         pop       0.42      0.60      0.49     24628
         rap       0.59      0.61      0.60     16997
        rock       0.43      0.23      0.30     14697

   micro avg       0.50      0.50      0.50    131053
   macro avg       0.53      0.46      0.46    131053
weighted avg       0.51      0.50      0.48    131053


[[12191    66   262   545   416   549  2270   664   666]
 [  410  2055   113   613   388  1007  1841  1098   349]
 [ 1792    83  1900  1252   445   896  2239   174   616]
 [ 1366   164   338  5247   397  1290  3891   380   816]
 [ 1136   182   165   435  4216   656  1959  1157   331]
 [  722   102   116   559   172 11395  1654   444   541]
 [ 1978   152   299  1510   515  1478 14898  2951   847]
 [  636   142    41   242   257  1985  3116 10321   257]
 [ 3066   116   264  1287   397  1882  4003   293  3389]]

Results of Test Set

--------------------
Accuracy: 0.4002563789525089, F1 Score: 0.34840522615799385, Precision: 0.3840204507854162, Recall: 0.3549501217574667

              precision    recall  f1-score   support

     country       0.47      0.63      0.54      4367
  electronic       0.41      0.14      0.21      2064
        folk       0.30      0.10      0.15      2335
       indie       0.28      0.24      0.26      3438
        jazz       0.41      0.28      0.34      2542
       metal       0.48      0.65      0.55      3892
         pop       0.33      0.49      0.40      6135
         rap       0.52      0.52      0.52      4310
        rock       0.25      0.13      0.17      3681

   micro avg       0.40      0.40      0.40     32764
   macro avg       0.38      0.35      0.35     32764
weighted avg       0.39      0.40      0.38     32764


[[2757   25   90  184  124  160  640  177  210]
 [ 101  299   36  209  162  277  549  337   94]
 [ 485   30  238  402  118  237  609   49  167]
 [ 423   55  132  820  117  403 1132   72  284]
 [ 324  107   54  164  717  184  568  319  105]
 [ 209   45   44  204   53 2532  457  158  190]
 [ 593   64   94  518  209  429 3017  890  321]
 [ 197   54    6   73  115  537 1012 2250   66]
 [ 829   42   91  376  113  563 1108   75  484]]

Total training time: 97.93 secs or 1.63 mins