Title: Random Forest - Advanced Cleaning, N/A, Other Removed (200)

Results of Training Set

--------------------
Accuracy: 0.9855936147970669, F1 Score: 0.9853985056550143, Precision: 0.9863135521484074, Recall: 0.9845067548252958

              precision    recall  f1-score   support

     country       0.99      0.99      0.99     17629
  electronic       0.98      0.97      0.98      7874
        folk       0.99      0.98      0.99      9397
       indie       0.99      0.99      0.99     13889
        jazz       0.99      0.98      0.98     10237
       metal       0.99      1.00      0.99     15705
         pop       0.98      0.99      0.98     24628
         rap       0.98      0.99      0.98     16997
        rock       0.99      0.98      0.99     14697

   micro avg       0.99      0.99      0.99    131053
   macro avg       0.99      0.98      0.99    131053
weighted avg       0.99      0.99      0.99    131053


[[17428     8    12     3    20     3    55    64    36]
 [   15  7641     6    14    46    16    73    50    13]
 [   18     6  9256    22    11     2    50     8    24]
 [   10    18    11 13736     3     5    76    16    14]
 [   19    40    10     6 10036    11    48    54    13]
 [    7     8     1     1     4 15628    12    27    17]
 [   52    27    32    28    26    12 24269   154    28]
 [   33    17     0     7    16    34   131 16750     9]
 [   91    15    16    13    12    31    87    11 14421]]

Results of Test Set

--------------------
Accuracy: 0.4124649005005494, F1 Score: 0.3624435006995535, Precision: 0.45502265291816335, Recall: 0.3673560589976488

              precision    recall  f1-score   support

     country       0.47      0.62      0.53      4367
  electronic       0.54      0.31      0.39      2064
        folk       0.49      0.07      0.12      2335
       indie       0.32      0.20      0.24      3438
        jazz       0.66      0.26      0.38      2542
       metal       0.47      0.64      0.54      3892
         pop       0.30      0.55      0.39      6135
         rap       0.51      0.59      0.55      4310
        rock       0.34      0.07      0.12      3681

   micro avg       0.41      0.41      0.41     32764
   macro avg       0.46      0.37      0.36     32764
weighted avg       0.43      0.41      0.38     32764


[[2701   23   25  111   42  193  959  211  102]
 [  81  634    8  169   85  218  503  344   22]
 [ 529   51  167  252   38  306  895   39   58]
 [ 511   92   20  682   28  470 1488   73   74]
 [ 257  119   21  158  669  159  693  424   42]
 [ 198   63    3  175   15 2483  750  131   74]
 [ 547   89   51  326   70  428 3392 1121  111]
 [ 108   54    5   31   30  484 1048 2529   21]
 [ 802   58   39  248   35  536 1625   81  257]]

Total training time: 39087.2 secs or 651.45 mins