Title: Logistic Regression - Advanced Cleaning, N/A, Other Removed (200), 50.000 Features

Results of Training Set

--------------------
Accuracy: 0.49338054069727516, F1 Score: 0.4544132882221693, Precision: 0.5165693130209964, Recall: 0.4489952904081915

              precision    recall  f1-score   support

     country       0.52      0.69      0.59     17629
  electronic       0.64      0.25      0.36      7874
        folk       0.53      0.19      0.28      9397
       indie       0.44      0.37      0.40     13889
        jazz       0.57      0.40      0.47     10237
       metal       0.53      0.72      0.61     15705
         pop       0.41      0.60      0.49     24628
         rap       0.59      0.60      0.59     16997
        rock       0.42      0.22      0.29     14697

   micro avg       0.49      0.49      0.49    131053
   macro avg       0.52      0.45      0.45    131053
weighted avg       0.50      0.49      0.48    131053


[[12103    66   273   556   426   556  2296   671   682]
 [  418  1942   110   623   413  1029  1876  1098   365]
 [ 1788    80  1827  1271   450   899  2279   174   629]
 [ 1374   178   357  5098   407  1307  3943   376   849]
 [ 1158   209   171   441  4104   665  1980  1168   341]
 [  730   111   124   559   178 11305  1701   450   547]
 [ 2001   161   302  1557   526  1486 14738  2978   879]
 [  644   152    42   247   272  2000  3145 10238   257]
 [ 3071   117   273  1294   411  1888  4035   304  3304]]

Results of Test Set

--------------------
Accuracy: 0.39970699548284705, F1 Score: 0.3478685444229434, Precision: 0.3826127810793822, Recall: 0.35439134432733016

              precision    recall  f1-score   support

     country       0.46      0.63      0.53      4367
  electronic       0.41      0.14      0.21      2064
        folk       0.30      0.10      0.15      2335
       indie       0.28      0.24      0.26      3438
        jazz       0.41      0.28      0.33      2542
       metal       0.48      0.65      0.55      3892
         pop       0.33      0.49      0.40      6135
         rap       0.52      0.52      0.52      4310
        rock       0.25      0.13      0.17      3681

   micro avg       0.40      0.40      0.40     32764
   macro avg       0.38      0.35      0.35     32764
weighted avg       0.39      0.40      0.38     32764


[[2751   26   94  182  128  163  631  176  216]
 [  99  298   38  207  162  275  554  334   97]
 [ 487   31  242  400  120  234  604   51  166]
 [ 421   53  131  817  111  406 1137   74  288]
 [ 332  111   54  164  712  184  565  313  107]
 [ 211   47   45  207   58 2531  449  153  191]
 [ 594   64   94  526  206  422 3021  887  321]
 [ 195   57    6   72  117  538 1014 2243   68]
 [ 832   43   94  373  116  559 1111   72  481]]

Total training time: 94.97 secs or 1.58 mins