Title: Random Forest - Advanced Cleaning, N/A, Other Removed (200), 50.000 Features

Results of Training Set

--------------------
Accuracy: 0.9855783537957925, F1 Score: 0.9853590088195276, Precision: 0.986357269827809, Recall: 0.9843877855308918

              precision    recall  f1-score   support

     country       0.99      0.99      0.99     17629
  electronic       0.98      0.97      0.98      7874
        folk       0.99      0.98      0.99      9397
       indie       0.99      0.99      0.99     13889
        jazz       0.99      0.98      0.98     10237
       metal       0.99      0.99      0.99     15705
         pop       0.98      0.99      0.98     24628
         rap       0.98      0.99      0.98     16997
        rock       0.99      0.98      0.99     14697

   micro avg       0.99      0.99      0.99    131053
   macro avg       0.99      0.98      0.99    131053
weighted avg       0.99      0.99      0.99    131053


[[17417     8    12     9    19     2    61    64    37]
 [   14  7624     4    20    52    15    77    53    15]
 [   15     9  9254    23    11     2    54     5    24]
 [    5    13    12 13744     5     4    78    18    10]
 [   20    34    11     3 10046     9    45    51    18]
 [    7     8     2     2     6 15619    12    31    18]
 [   43    26    28    28    29    11 24282   151    30]
 [   32    12     2     5    19    30   138 16749    10]
 [   91    15    19    16     7    30    82     9 14428]]

Results of Test Set

--------------------
Accuracy: 0.41359418874374315, F1 Score: 0.3602598360045646, Precision: 0.4546165254398962, Recall: 0.3685729638193471

              precision    recall  f1-score   support

     country       0.46      0.63      0.53      4367
  electronic       0.56      0.29      0.38      2064
        folk       0.50      0.07      0.12      2335
       indie       0.32      0.19      0.24      3438
        jazz       0.65      0.27      0.38      2542
       metal       0.45      0.67      0.54      3892
         pop       0.31      0.53      0.39      6135
         rap       0.51      0.60      0.55      4310
        rock       0.34      0.06      0.11      3681

   micro avg       0.41      0.41      0.41     32764
   macro avg       0.45      0.37      0.36     32764
weighted avg       0.43      0.41      0.38     32764


[[2752   21   24  125   42  199  883  219  102]
 [  92  599    8  152   95  247  484  362   25]
 [ 544   43  164  250   36  361  828   51   58]
 [ 580   76   18  664   39  531 1385   84   61]
 [ 282  108   22  140  683  193  664  415   35]
 [ 205   45    2  152   19 2592  673  142   62]
 [ 614   88   48  307   71  496 3263 1145  103]
 [ 117   42    5   44   32  520  940 2599   11]
 [ 855   44   38  233   38  591 1564   83  235]]

Total training time: 16603.58 secs or 276.73 mins