Title: Logistic Regression - Initial Cleaning (380)

Results of Training Set

--------------------
Accuracy: 0.6905978737930362, F1 Score: 0.4162197931899577, Precision: 0.8493889543358675, Recall: 0.40231634800571486

              precision    recall  f1-score   support

     country       0.78      0.60      0.68     11557
  electronic       0.92      0.09      0.16      6382
        folk       0.99      0.05      0.09      1796
     hip-hop       0.87      0.82      0.84     19857
       indie       1.00      0.01      0.01      2534
        jazz       0.85      0.30      0.44      6354
       metal       0.70      0.85      0.77     18972
         pop       0.59      0.89      0.71     32366
         r&b       0.95      0.03      0.05      2712

   micro avg       0.69      0.69      0.69    102530
   macro avg       0.85      0.40      0.42    102530
weighted avg       0.75      0.69      0.65    102530


[[ 6937     3     0   178     0    71   663  3704     1]
 [  135   551     0   440     0    14  1620  3622     0]
 [  209     1    81    43     0    21   575   866     0]
 [   90    13     1 16243     0    18   701  2791     0]
 [  156     3     0    91    14     7   482  1781     0]
 [  561     3     0   187     0  1886   569  3146     2]
 [  128     4     0   403     0    13 16117  2307     0]
 [  512    15     0   852     0   139  1940 28907     1]
 [  205     5     0   174     0    53   345  1859    71]]

Results of Test Set

--------------------
Accuracy: 0.5935707876565365, F1 Score: 0.3325684761135988, Precision: 0.7589326527106207, Recall: 0.3281736808953632

              precision    recall  f1-score   support

     country       0.60      0.40      0.48      2830
  electronic       0.72      0.03      0.05      1582
        folk       1.00      0.04      0.08       441
     hip-hop       0.81      0.75      0.78      4992
       indie       1.00      0.00      0.00       614
        jazz       0.71      0.19      0.29      1616
       metal       0.61      0.75      0.67      4775
         pop       0.50      0.79      0.62      8094
         r&b       0.89      0.01      0.02       689

   micro avg       0.59      0.59      0.59     25633
   macro avg       0.76      0.33      0.33     25633
weighted avg       0.65      0.59      0.55     25633


[[1133    1    0   79    0   31  236 1350    0]
 [  39   43    0  105    0    5  442  948    0]
 [  64    0   18   15    0    3  142  199    0]
 [  48    3    0 3720    0    6  245  970    0]
 [  40    2    0   24    1    1  115  431    0]
 [ 171    0    0   71    0  301  147  925    1]
 [  55    3    0  135    0    2 3565 1015    0]
 [ 306    8    0  409    0   66  879 6426    0]
 [  43    0    0   43    0   10   97  488    8]]

Total training time: 228.86 secs or 3.81 mins