Title: Logistic Regression - Advanced Cleaning, N/A, Other Removed, Best TF-IDF Configuration 20000 (380)

Results of Training Set

--------------------
Accuracy: 0.6384527067773809, F1 Score: 0.3478942630143177, Precision: 0.6830849268795344, Recall: 0.3102089078471854

              precision    recall  f1-score   support

     Country       0.65      0.27      0.38     11081
  Electronic       0.84      0.02      0.04      5366
        Folk       0.90      0.06      0.12      1438
     Hip-Hop       0.87      0.76      0.81     19071
       Indie       0.00      0.00      0.00      2336
        Jazz       0.70      0.18      0.28      5846
       Metal       0.79      0.52      0.63     14880
         Pop       0.57      0.34      0.42     29773
         R&B       0.91      0.04      0.07      2647
        Rock       0.60      0.92      0.73     80018

   micro avg       0.64      0.64      0.64    172456
   macro avg       0.68      0.31      0.35    172456
weighted avg       0.65      0.64      0.59    172456


[[ 2941     0     0    21     0    84    23   625     0  7387]
 [   20   108     1   261     0     2   124   810     2  4038]
 [   52     1    92     9     0     8    29   116     0  1131]
 [   31     7     1 14550     0     7   107  1119     1  3248]
 [    9     0     0    20     0     1    15   140     0  2151]
 [  207     0     0    63     0  1038    30   771     0  3737]
 [    7     2     1   281     0     0  7716   320     0  6553]
 [  338     9     4   902     0   137   220 10097     2 18064]
 [   24     0     0    91     0    31    26   421    96  1958]
 [  880     2     3   591     0   176  1488  3407     4 73467]]

Results of Test Set

--------------------
Accuracy: 0.6123069072691005, F1 Score: 0.31799445941576876, Precision: 0.6507169880102073, Recall: 0.2870626858513445

              precision    recall  f1-score   support

     Country       0.57      0.22      0.32      2774
  Electronic       0.85      0.01      0.03      1293
        Folk       0.87      0.06      0.11       338
     Hip-Hop       0.85      0.74      0.79      4903
       Indie       0.00      0.00      0.00       612
        Jazz       0.60      0.14      0.23      1467
       Metal       0.74      0.48      0.58      3673
         Pop       0.50      0.29      0.37      7475
         R&B       0.94      0.02      0.04       655
        Rock       0.59      0.90      0.71     19924

   micro avg       0.61      0.61      0.61     43114
   macro avg       0.65      0.29      0.32     43114
weighted avg       0.62      0.61      0.56     43114


[[  605     0     0     8     0    14    10   191     1  1945]
 [    2    17     1    67     0     1    25   197     0   983]
 [   13     0    20     2     0     3     6    29     0   265]
 [   13     0     0  3645     0     6    36   321     0   882]
 [    5     1     0     6     0     2     4    39     0   555]
 [   69     0     0    25     0   205     5   191     0   972]
 [    2     0     0    78     0     2  1761    89     0  1741]
 [   91     1     0   254     0    33    69  2205     0  4822]
 [    9     0     0    12     0     5    11   115    15   488]
 [  251     1     2   191     0    69   453  1031     0 17926]]

Total training time: 74.03 secs or 1.23 mins