Title: Logistic Regression - Advanced Cleaning, N/A, Other Removed, Best TF-IDF Configuration 30000 (380)

Results of Training Set

--------------------
Accuracy: 0.6402908567982558, F1 Score: 0.3486583580072578, Precision: 0.6866279973924058, Recall: 0.31098795464376394

              precision    recall  f1-score   support

     Country       0.66      0.27      0.38     11081
  Electronic       0.84      0.02      0.04      5366
        Folk       0.91      0.06      0.11      1438
     Hip-Hop       0.87      0.76      0.81     19071
       Indie       0.00      0.00      0.00      2336
        Jazz       0.71      0.18      0.29      5846
       Metal       0.79      0.52      0.63     14880
         Pop       0.57      0.34      0.43     29773
         R&B       0.91      0.04      0.07      2647
        Rock       0.60      0.92      0.73     80018

   micro avg       0.64      0.64      0.64    172456
   macro avg       0.69      0.31      0.35    172456
weighted avg       0.66      0.64      0.59    172456


[[ 2965     0     0    22     0    82    21   625     0  7366]
 [   17   109     1   263     0     4   121   786     2  4063]
 [   53     1    86     9     0     8    29   112     0  1140]
 [   30     7     1 14569     0     6   106  1107     1  3244]
 [    9     0     0    19     0     1    15   141     0  2151]
 [  203     0     0    63     0  1047    29   771     0  3733]
 [    8     2     1   277     0     0  7751   322     0  6519]
 [  343     9     3   880     0   136   213 10199     2 17988]
 [   24     0     0    94     0    30    26   422    95  1956]
 [  870     2     2   578     0   171  1461  3329     4 73601]]

Results of Test Set

--------------------
Accuracy: 0.6122837129470705, F1 Score: 0.3169305991619064, Precision: 0.659132163252704, Recall: 0.2863951163996098

              precision    recall  f1-score   support

     Country       0.58      0.22      0.32      2774
  Electronic       0.85      0.01      0.03      1293
        Folk       0.95      0.05      0.10       338
     Hip-Hop       0.85      0.74      0.79      4903
       Indie       0.00      0.00      0.00       612
        Jazz       0.61      0.14      0.22      1467
       Metal       0.74      0.48      0.58      3673
         Pop       0.50      0.30      0.37      7475
         R&B       0.94      0.02      0.04       655
        Rock       0.59      0.90      0.71     19924

   micro avg       0.61      0.61      0.61     43114
   macro avg       0.66      0.29      0.32     43114
weighted avg       0.62      0.61      0.56     43114


[[  608     0     0     8     0    12    11   192     1  1942]
 [    2    17     0    62     0     1    27   197     0   987]
 [   13     0    18     2     0     3     6    30     0   266]
 [   12     0     0  3638     0     5    36   327     0   885]
 [    5     1     0     6     0     3     4    41     0   552]
 [   69     0     0    25     0   201     5   196     0   971]
 [    1     0     0    78     0     2  1766    85     0  1741]
 [   89     1     0   258     0    33    70  2214     0  4810]
 [    8     0     0    12     0     5    10   113    15   492]
 [  250     1     1   191     0    67   449  1044     0 17921]]

Total training time: 79.7 secs or 1.33 mins