Title: Logistic Regression - Advanced Cleaning, N/A, Other Removed, Best TF-IDF Configuration 40000 (380)

Results of Training Set

--------------------
Accuracy: 0.6413230041285893, F1 Score: 0.34937051933229357, Precision: 0.6914094733064544, Recall: 0.31156105904008796

              precision    recall  f1-score   support

     Country       0.66      0.27      0.38     11081
  Electronic       0.87      0.02      0.04      5366
        Folk       0.93      0.06      0.11      1438
     Hip-Hop       0.87      0.77      0.81     19071
       Indie       0.00      0.00      0.00      2336
        Jazz       0.71      0.18      0.29      5846
       Metal       0.80      0.52      0.63     14880
         Pop       0.57      0.34      0.43     29773
         R&B       0.90      0.04      0.07      2647
        Rock       0.61      0.92      0.73     80018

   micro avg       0.64      0.64      0.64    172456
   macro avg       0.69      0.31      0.35    172456
weighted avg       0.66      0.64      0.60    172456


[[ 2979     0     0    23     0    82    20   628     1  7348]
 [   16   113     1   259     0     4   118   773     2  4080]
 [   50     1    81     9     0     8    26   113     0  1150]
 [   29     5     1 14600     0     6   105  1097     1  3227]
 [    9     0     0    17     0     1    14   140     0  2155]
 [  204     0     0    62     0  1050    27   782     1  3720]
 [    9     2     1   273     0     0  7764   319     0  6512]
 [  348     8     2   881     0   131   211 10241     2 17949]
 [   25     0     0    92     0    31    25   417   100  1957]
 [  853     1     1   570     0   170  1435  3312     4 73672]]

Results of Test Set

--------------------
Accuracy: 0.6123301015911304, F1 Score: 0.3166484339655605, Precision: 0.663422216052013, Recall: 0.2862664605840536

              precision    recall  f1-score   support

     Country       0.57      0.22      0.32      2774
  Electronic       0.89      0.01      0.03      1293
        Folk       1.00      0.05      0.10       338
     Hip-Hop       0.85      0.74      0.79      4903
       Indie       0.00      0.00      0.00       612
        Jazz       0.61      0.14      0.23      1467
       Metal       0.74      0.48      0.58      3673
         Pop       0.50      0.30      0.37      7475
         R&B       0.88      0.02      0.04       655
        Rock       0.59      0.90      0.71     19924

   micro avg       0.61      0.61      0.61     43114
   macro avg       0.66      0.29      0.32     43114
weighted avg       0.62      0.61      0.56     43114


[[  607     0     0     8     0    13    11   194     1  1940]
 [    2    17     0    62     0     1    28   190     0   993]
 [   13     0    17     2     0     4     6    30     0   266]
 [   12     0     0  3645     0     5    36   326     0   879]
 [    5     0     0     6     0     3     4    40     0   554]
 [   68     0     0    24     0   204     5   195     0   971]
 [    1     0     0    78     0     2  1762    85     0  1745]
 [   90     1     0   254     0    32    69  2211     0  4818]
 [    8     0     0    12     0     5    10   114    15   491]
 [  255     1     0   194     0    67   446  1038     1 17922]]

Total training time: 81.48 secs or 1.36 mins