Title: Logistic Regression - Advanced Cleaning, N/A, Other Removed, Best TF-IDF Configuration 50000 (380)

Results of Training Set

--------------------
Accuracy: 0.6419898408869509, F1 Score: 0.34916134439682583, Precision: 0.6927580644026873, Recall: 0.31160169451558456

              precision    recall  f1-score   support

     Country       0.66      0.27      0.38     11081
  Electronic       0.88      0.02      0.04      5366
        Folk       0.93      0.05      0.10      1438
     Hip-Hop       0.87      0.77      0.81     19071
       Indie       0.00      0.00      0.00      2336
        Jazz       0.71      0.18      0.29      5846
       Metal       0.80      0.52      0.63     14880
         Pop       0.58      0.35      0.43     29773
         R&B       0.90      0.04      0.07      2647
        Rock       0.61      0.92      0.73     80018

   micro avg       0.64      0.64      0.64    172456
   macro avg       0.69      0.31      0.35    172456
weighted avg       0.66      0.64      0.60    172456


[[ 2991     0     0    21     0    83    22   632     1  7331]
 [   16   112     1   257     0     4   116   774     2  4084]
 [   50     1    76    10     0     8    26   115     0  1152]
 [   29     3     1 14608     0     6   105  1093     1  3225]
 [    9     0     0    17     0     1    13   139     0  2157]
 [  201     0     0    62     0  1049    26   780     1  3727]
 [    8     2     1   273     0     0  7777   315     0  6504]
 [  347     8     2   880     0   133   208 10294     2 17899]
 [   24     0     0    91     0    30    27   417    99  1959]
 [  850     1     1   563     0   169  1424  3297     4 73709]]

Results of Test Set

--------------------
Accuracy: 0.6126316277775201, F1 Score: 0.3156277304274867, Precision: 0.6567609085722224, Recall: 0.28581722039106655

              precision    recall  f1-score   support

     Country       0.58      0.22      0.32      2774
  Electronic       0.89      0.01      0.02      1293
        Folk       0.94      0.04      0.08       338
     Hip-Hop       0.85      0.74      0.79      4903
       Indie       0.00      0.00      0.00       612
        Jazz       0.60      0.14      0.23      1467
       Metal       0.74      0.48      0.58      3673
         Pop       0.50      0.30      0.37      7475
         R&B       0.88      0.02      0.04       655
        Rock       0.59      0.90      0.71     19924

   micro avg       0.61      0.61      0.61     43114
   macro avg       0.66      0.29      0.32     43114
weighted avg       0.62      0.61      0.56     43114


[[  610     0     0     9     0    13    11   197     1  1933]
 [    2    16     0    63     0     1    27   191     0   993]
 [   13     0    15     2     0     4     6    29     0   269]
 [   12     0     0  3642     0     5    36   322     0   886]
 [    5     0     0     6     0     3     4    40     0   554]
 [   64     0     0    24     0   203     5   195     0   976]
 [    1     0     0    79     0     2  1766    85     0  1740]
 [   89     1     1   255     0    35    69  2219     0  4806]
 [    8     0     0    13     0     5    10   115    15   489]
 [  251     1     0   192     0    66   449  1037     1 17927]]

Total training time: 77.98 secs or 1.3 mins