Title: Logistic Regression - Advanced Cleaning, N/A, Other Removed, Best TF-IDF Configuration 60000 (380)

Results of Training Set

--------------------
Accuracy: 0.6424073386834903, F1 Score: 0.34905038556151236, Precision: 0.69248677133381, Recall: 0.3116622015344482

              precision    recall  f1-score   support

     Country       0.66      0.27      0.38     11081
  Electronic       0.88      0.02      0.04      5366
        Folk       0.92      0.05      0.10      1438
     Hip-Hop       0.87      0.77      0.82     19071
       Indie       0.00      0.00      0.00      2336
        Jazz       0.71      0.18      0.29      5846
       Metal       0.80      0.52      0.63     14880
         Pop       0.58      0.35      0.43     29773
         R&B       0.90      0.04      0.07      2647
        Rock       0.61      0.92      0.73     80018

   micro avg       0.64      0.64      0.64    172456
   macro avg       0.69      0.31      0.35    172456
weighted avg       0.66      0.64      0.60    172456


[[ 2996     0     0    21     0    83    22   636     1  7322]
 [   16   110     1   256     0     4   114   779     2  4084]
 [   50     1    73    10     0     8    25   113     0  1158]
 [   29     3     1 14616     0     6   104  1090     1  3221]
 [    9     0     0    17     0     1    13   136     0  2160]
 [  201     0     0    62     0  1053    28   781     1  3720]
 [    8     2     1   271     0     0  7777   317     0  6504]
 [  348     8     2   879     0   132   208 10330     2 17864]
 [   25     0     0    91     0    31    27   419    99  1955]
 [  845     1     1   563     0   172  1431  3268     4 73733]]

Results of Test Set

--------------------
Accuracy: 0.6126316277775201, F1 Score: 0.31538031629239915, Precision: 0.657037922607871, Recall: 0.28559281157271876

              precision    recall  f1-score   support

     Country       0.58      0.22      0.32      2774
  Electronic       0.89      0.01      0.02      1293
        Folk       0.94      0.04      0.08       338
     Hip-Hop       0.85      0.74      0.79      4903
       Indie       0.00      0.00      0.00       612
        Jazz       0.60      0.14      0.22      1467
       Metal       0.74      0.48      0.58      3673
         Pop       0.50      0.30      0.37      7475
         R&B       0.88      0.02      0.04       655
        Rock       0.59      0.90      0.71     19924

   micro avg       0.61      0.61      0.61     43114
   macro avg       0.66      0.29      0.32     43114
weighted avg       0.62      0.61      0.56     43114


[[  608     0     0     9     0    13    11   195     1  1937]
 [    2    16     0    64     0     1    27   190     0   993]
 [   11     0    15     2     0     3     6    31     0   270]
 [   12     0     0  3642     0     5    36   321     0   887]
 [    5     0     0     6     0     3     4    40     0   554]
 [   62     0     0    24     0   201     5   199     0   976]
 [    1     0     0    79     0     2  1764    84     0  1743]
 [   90     1     1   255     0    34    70  2220     0  4804]
 [    8     0     0    13     0     6    10   114    15   489]
 [  250     1     0   191     0    65   447  1037     1 17932]]

Total training time: 81.53 secs or 1.36 mins