Title: Logistic Regression - Advanced Cleaning, N/A, Other Removed, Best TF-IDF Configuration 70000 (380)

Results of Training Set

--------------------
Accuracy: 0.6426914691283574, F1 Score: 0.34906958624835, Precision: 0.6939236703507532, Recall: 0.3117316238471269

              precision    recall  f1-score   support

     Country       0.66      0.27      0.38     11081
  Electronic       0.88      0.02      0.04      5366
        Folk       0.93      0.05      0.09      1438
     Hip-Hop       0.87      0.77      0.82     19071
       Indie       0.00      0.00      0.00      2336
        Jazz       0.71      0.18      0.29      5846
       Metal       0.80      0.52      0.63     14880
         Pop       0.58      0.35      0.43     29773
         R&B       0.90      0.04      0.07      2647
        Rock       0.61      0.92      0.73     80018

   micro avg       0.64      0.64      0.64    172456
   macro avg       0.69      0.31      0.35    172456
weighted avg       0.66      0.64      0.60    172456


[[ 2996     0     0    21     0    81    21   635     1  7326]
 [   16   111     0   254     0     4   116   774     2  4089]
 [   50     1    71    10     0     8    25   108     0  1165]
 [   29     3     1 14621     0     6   104  1086     1  3220]
 [    9     0     0    17     0     1    13   138     0  2158]
 [  201     0     0    61     0  1056    28   778     1  3721]
 [    9     2     1   272     0     0  7781   314     0  6501]
 [  347     8     2   881     0   132   210 10348     2 17843]
 [   26     0     0    91     0    31    28   423    99  1949]
 [  850     1     1   558     0   171  1423  3257     4 73753]]

Results of Test Set

--------------------
Accuracy: 0.6127939880317298, F1 Score: 0.31499353478387115, Precision: 0.6566280724548419, Recall: 0.28540833271125954

              precision    recall  f1-score   support

     Country       0.58      0.22      0.32      2774
  Electronic       0.89      0.01      0.02      1293
        Folk       0.93      0.04      0.08       338
     Hip-Hop       0.85      0.74      0.79      4903
       Indie       0.00      0.00      0.00       612
        Jazz       0.60      0.14      0.23      1467
       Metal       0.74      0.48      0.58      3673
         Pop       0.50      0.30      0.37      7475
         R&B       0.88      0.02      0.04       655
        Rock       0.59      0.90      0.71     19924

   micro avg       0.61      0.61      0.61     43114
   macro avg       0.66      0.29      0.31     43114
weighted avg       0.62      0.61      0.56     43114


[[  605     0     0     8     0    13    11   195     1  1941]
 [    2    16     0    65     0     1    27   190     0   992]
 [   11     0    14     2     0     4     6    32     0   269]
 [   12     0     0  3645     0     5    36   320     0   885]
 [    5     0     0     6     0     3     4    41     0   553]
 [   63     0     0    24     0   203     5   196     0   976]
 [    1     0     0    79     0     2  1761    85     0  1745]
 [   87     1     1   253     0    35    72  2227     0  4799]
 [    8     0     0    13     0     6    10   114    15   489]
 [  249     1     0   189     0    65   447  1038     1 17934]]

Total training time: 84.0 secs or 1.4 mins