Title: Logistic Regression - Advanced Cleaning, N/A, Other Removed, Best TF-IDF Configuration 80000 (380)

Results of Training Set

--------------------
Accuracy: 0.6428190378995222, F1 Score: 0.3488131520937273, Precision: 0.6943259672047175, Recall: 0.3115833801198634

              precision    recall  f1-score   support

     Country       0.66      0.27      0.38     11081
  Electronic       0.87      0.02      0.04      5366
        Folk       0.95      0.05      0.09      1438
     Hip-Hop       0.87      0.77      0.82     19071
       Indie       0.00      0.00      0.00      2336
        Jazz       0.71      0.18      0.29      5846
       Metal       0.80      0.52      0.63     14880
         Pop       0.58      0.35      0.43     29773
         R&B       0.90      0.04      0.07      2647
        Rock       0.61      0.92      0.73     80018

   micro avg       0.64      0.64      0.64    172456
   macro avg       0.69      0.31      0.35    172456
weighted avg       0.66      0.64      0.60    172456


[[ 2994     0     0    21     0    84    20   640     1  7321]
 [   16   111     0   254     0     4   117   773     2  4089]
 [   49     1    69    10     0     8    24   109     0  1168]
 [   29     4     1 14628     0     6   104  1086     1  3212]
 [    9     0     0    17     0     1    12   138     0  2159]
 [  203     0     0    61     0  1052    27   780     1  3722]
 [    9     2     0   272     0     0  7777   313     0  6507]
 [  348     8     2   875     0   132   206 10364     2 17836]
 [   25     0     0    91     0    31    27   422    99  1952]
 [  848     1     1   554     0   170  1420  3256     4 73764]]

Results of Test Set

--------------------
Accuracy: 0.6128635709978197, F1 Score: 0.3138335583167925, Precision: 0.6554203112519927, Recall: 0.2848231658258685

              precision    recall  f1-score   support

     Country       0.58      0.22      0.32      2774
  Electronic       0.89      0.01      0.02      1293
        Folk       0.92      0.04      0.07       338
     Hip-Hop       0.85      0.74      0.79      4903
       Indie       0.00      0.00      0.00       612
        Jazz       0.60      0.14      0.22      1467
       Metal       0.74      0.48      0.58      3673
         Pop       0.50      0.30      0.37      7475
         R&B       0.88      0.02      0.04       655
        Rock       0.59      0.90      0.71     19924

   micro avg       0.61      0.61      0.61     43114
   macro avg       0.66      0.28      0.31     43114
weighted avg       0.62      0.61      0.56     43114


[[  605     0     0     8     0    13    11   196     1  1940]
 [    2    16     0    65     0     1    29   189     0   991]
 [   11     0    12     4     0     4     6    29     0   272]
 [   12     0     0  3647     0     5    36   320     0   883]
 [    5     0     0     6     0     3     4    40     0   554]
 [   64     0     0    23     0   202     5   196     0   977]
 [    1     0     0    79     0     2  1762    84     0  1745]
 [   87     1     1   253     0    36    71  2226     0  4800]
 [    8     0     0    13     0     6    10   112    15   491]
 [  250     1     0   188     0    64   449  1033     1 17938]]

Total training time: 86.03 secs or 1.43 mins