Title: Logistic Regression - Advanced Cleaning, N/A, Other Removed, Best TF-IDF Configuration 10000 (380)

Results of Training Set

--------------------
Accuracy: 0.6335471076680429, F1 Score: 0.3434764313571909, Precision: 0.6721957343196543, Recall: 0.30673941624568835

              precision    recall  f1-score   support

     Country       0.65      0.26      0.37     11081
  Electronic       0.82      0.02      0.03      5366
        Folk       0.90      0.07      0.12      1438
     Hip-Hop       0.86      0.76      0.81     19071
       Indie       0.00      0.00      0.00      2336
        Jazz       0.68      0.17      0.28      5846
       Metal       0.78      0.51      0.62     14880
         Pop       0.55      0.33      0.41     29773
         R&B       0.89      0.04      0.07      2647
        Rock       0.60      0.91      0.72     80018

   micro avg       0.63      0.63      0.63    172456
   macro avg       0.67      0.31      0.34    172456
weighted avg       0.65      0.63      0.59    172456


[[ 2861     0     0    24     0    82    22   632     0  7460]
 [   20    93     2   272     0     2   132   801     2  4042]
 [   53     1    94     9     0     9    27   120     0  1125]
 [   29     7     1 14492     0     7   112  1160     1  3262]
 [    8     0     0    20     0     0    17   139     0  2152]
 [  200     0     0    65     0  1021    34   783     0  3743]
 [    7     1     1   279     0     0  7629   339     0  6624]
 [  345     9     3   920     0   146   228  9805     4 18313]
 [   24     0     0    95     0    31    26   416    94  1961]
 [  878     3     4   635     0   193  1584  3546     5 73170]]

Results of Test Set

--------------------
Accuracy: 0.6102194182864035, F1 Score: 0.31630253392085445, Precision: 0.6380537961366037, Recall: 0.285950019010064

              precision    recall  f1-score   support

     Country       0.56      0.22      0.31      2774
  Electronic       0.84      0.01      0.02      1293
        Folk       0.83      0.06      0.11       338
     Hip-Hop       0.85      0.74      0.79      4903
       Indie       0.00      0.00      0.00       612
        Jazz       0.60      0.14      0.22      1467
       Metal       0.73      0.48      0.58      3673
         Pop       0.49      0.29      0.36      7475
         R&B       0.88      0.02      0.04       655
        Rock       0.59      0.90      0.71     19924

   micro avg       0.61      0.61      0.61     43114
   macro avg       0.64      0.29      0.32     43114
weighted avg       0.62      0.61      0.56     43114


[[  600     0     0     8     0    14     8   187     1  1956]
 [    3    16     1    64     0     1    30   197     0   981]
 [   15     0    20     2     0     3     6    31     0   261]
 [   13     0     0  3652     0     6    38   333     0   861]
 [    5     0     0     6     0     3     4    42     0   552]
 [   71     0     0    25     0   203     7   189     0   972]
 [    2     0     0    77     0     2  1757    90     1  1744]
 [   90     1     1   257     0    35    67  2166     0  4858]
 [    9     0     0    14     0     6    10   112    15   489]
 [  258     2     2   196     0    66   464  1056     0 17880]]

Total training time: 73.11 secs or 1.22 mins