Title: Logistic Regression - Advanced Cleaning, N/A, Other Removed, Best TF-IDF Configuration 11000 (380)

Results of Training Set

--------------------
Accuracy: 0.6347416152525862, F1 Score: 0.3449181890213262, Precision: 0.6736395927048942, Recall: 0.307886601178691

              precision    recall  f1-score   support

     Country       0.65      0.26      0.37     11081
  Electronic       0.82      0.02      0.04      5366
        Folk       0.90      0.07      0.12      1438
     Hip-Hop       0.86      0.76      0.81     19071
       Indie       0.00      0.00      0.00      2336
        Jazz       0.69      0.18      0.28      5846
       Metal       0.78      0.51      0.62     14880
         Pop       0.56      0.33      0.42     29773
         R&B       0.89      0.04      0.07      2647
        Rock       0.60      0.92      0.73     80018

   micro avg       0.63      0.63      0.63    172456
   macro avg       0.67      0.31      0.34    172456
weighted avg       0.65      0.63      0.59    172456


[[ 2889     0     0    24     0    81    23   632     0  7432]
 [   20    98     2   273     0     2   128   804     2  4037]
 [   53     1    95     9     0     9    28   117     0  1126]
 [   30     7     1 14525     0     8   110  1147     1  3242]
 [    8     1     0    20     0     0    16   139     0  2152]
 [  201     0     0    69     0  1033    34   784     0  3725]
 [    7     1     1   286     0     0  7638   333     0  6614]
 [  346     9     3   912     0   143   224  9874     4 18258]
 [   26     0     0    95     0    30    27   422    94  1953]
 [  882     3     4   625     0   190  1578  3512     5 73219]]

Results of Test Set

--------------------
Accuracy: 0.610520944472793, F1 Score: 0.3177175817272462, Precision: 0.6419360075235024, Recall: 0.28687933034142504

              precision    recall  f1-score   support

     Country       0.57      0.22      0.32      2774
  Electronic       0.83      0.01      0.02      1293
        Folk       0.88      0.06      0.12       338
     Hip-Hop       0.85      0.74      0.79      4903
       Indie       0.00      0.00      0.00       612
        Jazz       0.60      0.14      0.23      1467
       Metal       0.73      0.48      0.58      3673
         Pop       0.49      0.29      0.37      7475
         R&B       0.88      0.02      0.04       655
        Rock       0.59      0.90      0.71     19924

   micro avg       0.61      0.61      0.61     43114
   macro avg       0.64      0.29      0.32     43114
weighted avg       0.62      0.61      0.56     43114


[[  608     0     0     8     0    12     9   189     1  1947]
 [    3    15     1    63     0     1    30   199     0   981]
 [   15     0    21     2     0     4     6    28     0   262]
 [   13     0     0  3646     0     6    39   333     0   866]
 [    5     0     0     6     0     3     4    43     0   551]
 [   68     0     0    25     0   210     8   187     0   969]
 [    2     0     0    77     0     2  1755    90     1  1746]
 [   93     1     1   258     0    36    68  2177     0  4841]
 [    9     0     0    14     0     6    10   112    15   489]
 [  259     2     1   194     0    69   462  1062     0 17875]]

Total training time: 70.57 secs or 1.18 mins