Title: Logistic Regression - Advanced Cleaning, N/A, Other Removed, Best TF-IDF Configuration 12000 (380)

Results of Training Set

--------------------
Accuracy: 0.6353678619473953, F1 Score: 0.34579953880547026, Precision: 0.6767422635774765, Recall: 0.30841903707047635

              precision    recall  f1-score   support

     Country       0.65      0.26      0.37     11081
  Electronic       0.83      0.02      0.04      5366
        Folk       0.91      0.07      0.12      1438
     Hip-Hop       0.86      0.76      0.81     19071
       Indie       0.00      0.00      0.00      2336
        Jazz       0.69      0.18      0.28      5846
       Metal       0.78      0.51      0.62     14880
         Pop       0.56      0.33      0.42     29773
         R&B       0.89      0.04      0.07      2647
        Rock       0.60      0.92      0.73     80018

   micro avg       0.64      0.64      0.64    172456
   macro avg       0.68      0.31      0.35    172456
weighted avg       0.65      0.64      0.59    172456


[[ 2902     0     0    25     0    82    22   632     0  7418]
 [   20   103     1   270     0     2   126   812     2  4030]
 [   53     1    96     8     0     9    27   118     0  1126]
 [   30     7     1 14514     0     7   108  1143     1  3260]
 [    9     0     0    19     0     1    17   136     0  2154]
 [  206     0     0    66     0  1033    34   780     0  3727]
 [    7     1     1   283     0     0  7650   338     0  6600]
 [  344    10     3   912     0   142   220  9896     4 18242]
 [   26     0     0    95     0    31    26   418    96  1955]
 [  872     2     4   623     0   193  1552  3484     5 73283]]

Results of Test Set

--------------------
Accuracy: 0.6108920536252725, F1 Score: 0.31773125330497165, Precision: 0.6486349886156403, Recall: 0.2868508235456476

              precision    recall  f1-score   support

     Country       0.57      0.22      0.32      2774
  Electronic       0.84      0.01      0.02      1293
        Folk       0.88      0.06      0.12       338
     Hip-Hop       0.85      0.74      0.79      4903
       Indie       0.00      0.00      0.00       612
        Jazz       0.60      0.14      0.23      1467
       Metal       0.74      0.48      0.58      3673
         Pop       0.49      0.29      0.37      7475
         R&B       0.94      0.02      0.04       655
        Rock       0.59      0.90      0.71     19924

   micro avg       0.61      0.61      0.61     43114
   macro avg       0.65      0.29      0.32     43114
weighted avg       0.62      0.61      0.56     43114


[[  607     0     0     8     0    12     9   189     1  1948]
 [    2    16     1    64     0     1    29   197     0   983]
 [   14     0    21     2     0     3     6    30     0   262]
 [   13     0     0  3644     0     6    39   334     0   867]
 [    5     0     0     5     0     3     4    42     0   553]
 [   68     0     0    25     0   206     8   185     0   975]
 [    2     0     0    77     0     2  1761    86     0  1745]
 [   93     1     1   258     0    36    68  2177     0  4841]
 [    9     0     0    13     0     7    10   114    15   487]
 [  252     2     1   197     0    69   457  1055     0 17891]]

Total training time: 70.26 secs or 1.17 mins