Title: Logistic Regression - Balanced, Basic Cleaning (380)

Results of Training Set

--------------------
Accuracy: 0.8622938029424877, F1 Score: 0.8637065346546675, Precision: 0.8723185241058884, Recall: 0.8623197504818894

              precision    recall  f1-score   support

     Country       0.90      0.92      0.91      1800
  Electronic       0.92      0.79      0.85      1791
        Folk       0.93      0.80      0.86      1818
     Hip-Hop       0.88      0.90      0.89      1776
       Indie       0.93      0.87      0.90      1754
        Jazz       0.86      0.86      0.86      1799
       Metal       0.69      0.95      0.80      1799
         Pop       0.85      0.82      0.83      1775
         R&B       0.82      0.87      0.84      1837
        Rock       0.94      0.83      0.88      1795

   micro avg       0.86      0.86      0.86     17944
   macro avg       0.87      0.86      0.86     17944
weighted avg       0.87      0.86      0.86     17944


[[1649    7   11   13   14   36   24   16   25    5]
 [  15 1415    8   37   17   25  170   42   49   13]
 [  22    9 1457   16   13   27  202   32   26   14]
 [  11   11    8 1604   12   16   33   37   35    9]
 [  22   15    7   21 1528   18   69   25   39   10]
 [  24   14   24   22    7 1546   48   37   66   11]
 [   8   10    2   28    7    3 1711   12   13    5]
 [  24   22   17   41   17   54   71 1463   55   11]
 [  31   12   17   30   11   41   57   21 1602   15]
 [  19   17   14   18   14   26   89   45   55 1498]]

Results of Test Set

--------------------
Accuracy: 0.33392777530093626, F1 Score: 0.3213941162614792, Precision: 0.32130720426375775, Recall: 0.334545378632482

              precision    recall  f1-score   support

     Country       0.31      0.38      0.34       443
  Electronic       0.24      0.18      0.20       452
        Folk       0.31      0.28      0.29       425
     Hip-Hop       0.62      0.67      0.64       467
       Indie       0.31      0.23      0.26       489
        Jazz       0.38      0.34      0.36       444
       Metal       0.35      0.62      0.45       444
         Pop       0.24      0.18      0.20       468
         R&B       0.28      0.35      0.32       406
        Rock       0.17      0.12      0.14       448

   micro avg       0.33      0.33      0.33      4486
   macro avg       0.32      0.33      0.32      4486
weighted avg       0.32      0.33      0.32      4486


[[168  15  32  14  35  50  23  26  39  41]
 [ 27  80  36  37  26  22 102  46  40  36]
 [ 57  25 119  10  19  30  94  23  25  23]
 [ 16  24   9 312  12   4  21  27  29  13]
 [ 49  34  48  19 111  30  66  39  45  48]
 [ 55  21  39  19  17 149  38  29  49  28]
 [ 14  29  29  20  28   5 276  16  11  16]
 [ 44  47  30  29  43  32  44  84  75  40]
 [ 51  25  11  24  25  36  30  29 144  31]
 [ 62  39  31  17  41  30  87  37  49  55]]

Total training time: 29.4 secs or 0.49 mins