Title: Logistic Regression - Advanced Cleaning, N/A, Other Removed, Best TF-IDF Configuration 13000 (380)

Results of Training Set

--------------------
Accuracy: 0.6360694901888018, F1 Score: 0.3461342347110434, Precision: 0.6759367733747228, Recall: 0.3087452052992927

              precision    recall  f1-score   support

     Country       0.65      0.26      0.37     11081
  Electronic       0.82      0.02      0.04      5366
        Folk       0.90      0.07      0.12      1438
     Hip-Hop       0.86      0.76      0.81     19071
       Indie       0.00      0.00      0.00      2336
        Jazz       0.69      0.18      0.28      5846
       Metal       0.78      0.52      0.62     14880
         Pop       0.56      0.33      0.42     29773
         R&B       0.89      0.04      0.07      2647
        Rock       0.60      0.92      0.73     80018

   micro avg       0.64      0.64      0.64    172456
   macro avg       0.68      0.31      0.35    172456
weighted avg       0.65      0.64      0.59    172456


[[ 2900     0     0    25     0    82    23   628     0  7423]
 [   20   103     1   267     0     2   125   813     2  4033]
 [   52     1    95     9     0     9    27   118     0  1127]
 [   30     8     1 14534     0     7   111  1133     1  3246]
 [    9     0     0    19     0     1    17   137     0  2153]
 [  205     0     0    65     0  1034    32   779     0  3731]
 [    7     2     1   282     0     1  7664   339     0  6584]
 [  343     9     4   903     0   141   224  9937     4 18208]
 [   28     0     0    95     0    30    28   420    96  1950]
 [  870     2     4   615     0   188  1532  3471     5 73331]]

Results of Test Set

--------------------
Accuracy: 0.6110312195574523, F1 Score: 0.3182847774741802, Precision: 0.6497049387158331, Recall: 0.2870877475812229

              precision    recall  f1-score   support

     Country       0.57      0.22      0.32      2774
  Electronic       0.84      0.01      0.02      1293
        Folk       0.88      0.07      0.12       338
     Hip-Hop       0.85      0.74      0.79      4903
       Indie       0.00      0.00      0.00       612
        Jazz       0.60      0.14      0.23      1467
       Metal       0.74      0.48      0.58      3673
         Pop       0.49      0.29      0.37      7475
         R&B       0.94      0.02      0.04       655
        Rock       0.59      0.90      0.71     19924

   micro avg       0.61      0.61      0.61     43114
   macro avg       0.65      0.29      0.32     43114
weighted avg       0.62      0.61      0.56     43114


[[  606     0     0     9     0    11     9   188     1  1950]
 [    2    16     1    65     0     1    29   200     0   979]
 [   12     0    22     2     0     3     6    30     0   263]
 [   13     0     0  3648     0     6    37   329     0   870]
 [    5     1     0     5     0     3     4    42     0   552]
 [   68     0     0    26     0   207     8   187     0   971]
 [    2     0     0    78     0     2  1753    89     0  1749]
 [   94     1     0   258     0    35    68  2177     0  4842]
 [    9     0     0    12     0     6    10   115    15   488]
 [  253     1     2   192     0    70   453  1053     0 17900]]

Total training time: 74.43 secs or 1.24 mins