Title: Logistic Regression - Advanced Cleaning, N/A, Other Removed, Best TF-IDF Configuration 14000 (380)

Results of Training Set

--------------------
Accuracy: 0.636660945400566, F1 Score: 0.3466548109326847, Precision: 0.6774893169789582, Recall: 0.30917333188100793

              precision    recall  f1-score   support

     Country       0.65      0.26      0.37     11081
  Electronic       0.82      0.02      0.04      5366
        Folk       0.89      0.06      0.12      1438
     Hip-Hop       0.86      0.76      0.81     19071
       Indie       0.00      0.00      0.00      2336
        Jazz       0.69      0.18      0.28      5846
       Metal       0.78      0.52      0.62     14880
         Pop       0.56      0.34      0.42     29773
         R&B       0.90      0.04      0.07      2647
        Rock       0.60      0.92      0.73     80018

   micro avg       0.64      0.64      0.64    172456
   macro avg       0.68      0.31      0.35    172456
weighted avg       0.65      0.64      0.59    172456


[[ 2916     0     0    24     0    80    23   623     0  7415]
 [   20   103     1   268     0     2   126   814     2  4030]
 [   52     1    93     9     0     9    27   121     0  1126]
 [   29     8     1 14536     0     7   109  1124     1  3256]
 [    9     0     0    19     0     1    17   138     0  2152]
 [  201     0     0    65     0  1043    31   786     0  3720]
 [    7     2     1   283     0     0  7670   334     0  6583]
 [  341     9     4   901     0   141   220  9981     4 18172]
 [   28     0     0    94     0    31    27   418    97  1952]
 [  868     2     4   614     0   190  1521  3458     4 73357]]

Results of Test Set

--------------------
Accuracy: 0.6113559400658719, F1 Score: 0.3171874832670728, Precision: 0.6476118703079304, Recall: 0.28651804255203156

              precision    recall  f1-score   support

     Country       0.57      0.22      0.32      2774
  Electronic       0.83      0.01      0.02      1293
        Folk       0.87      0.06      0.11       338
     Hip-Hop       0.85      0.74      0.79      4903
       Indie       0.00      0.00      0.00       612
        Jazz       0.59      0.14      0.23      1467
       Metal       0.74      0.48      0.58      3673
         Pop       0.50      0.29      0.37      7475
         R&B       0.94      0.02      0.04       655
        Rock       0.59      0.90      0.71     19924

   micro avg       0.61      0.61      0.61     43114
   macro avg       0.65      0.29      0.32     43114
weighted avg       0.62      0.61      0.56     43114


[[  606     0     0    10     0    12    10   189     1  1946]
 [    2    15     1    65     0     1    28   203     0   978]
 [   12     0    20     2     0     3     7    30     0   264]
 [   13     0     0  3647     0     6    38   323     0   876]
 [    5     1     0     5     0     3     4    42     0   552]
 [   67     0     0    25     0   205     6   189     0   975]
 [    2     0     0    79     0     2  1757    87     0  1746]
 [   90     1     0   257     0    35    69  2185     0  4838]
 [    9     0     0    12     0     7    10   114    15   488]
 [  251     1     2   192     0    72   446  1052     0 17908]]

Total training time: 73.43 secs or 1.22 mins