Title: Logistic Regression - Advanced Cleaning, N/A, Other Removed, Best TF-IDF Configuration 15000 (380)

Results of Training Set

--------------------
Accuracy: 0.636991464489493, F1 Score: 0.34634987905922043, Precision: 0.6778313176001014, Recall: 0.3090682606051153

              precision    recall  f1-score   support

     Country       0.65      0.26      0.37     11081
  Electronic       0.82      0.02      0.04      5366
        Folk       0.90      0.06      0.12      1438
     Hip-Hop       0.87      0.76      0.81     19071
       Indie       0.00      0.00      0.00      2336
        Jazz       0.69      0.18      0.28      5846
       Metal       0.79      0.52      0.62     14880
         Pop       0.56      0.34      0.42     29773
         R&B       0.90      0.04      0.07      2647
        Rock       0.60      0.92      0.73     80018

   micro avg       0.64      0.64      0.64    172456
   macro avg       0.68      0.31      0.35    172456
weighted avg       0.65      0.64      0.59    172456


[[ 2911     0     0    24     0    86    22   625     0  7413]
 [   20   102     1   270     0     2   125   813     2  4031]
 [   51     1    92     9     0     9    27   119     0  1130]
 [   29     8     1 14545     0     7   109  1127     1  3244]
 [    9     0     0    19     0     1    16   141     0  2150]
 [  204     0     0    64     0  1034    31   783     0  3730]
 [    9     2     1   282     0     0  7683   329     0  6574]
 [  339     9     3   901     0   140   222 10008     4 18147]
 [   28     0     0    94     0    31    26   425    95  1948]
 [  876     2     4   605     0   185  1515  3444     4 73383]]

Results of Test Set

--------------------
Accuracy: 0.6117502435403813, F1 Score: 0.3177387656084481, Precision: 0.646034274950911, Recall: 0.28690379030555996

              precision    recall  f1-score   support

     Country       0.57      0.22      0.32      2774
  Electronic       0.84      0.01      0.02      1293
        Folk       0.83      0.06      0.11       338
     Hip-Hop       0.85      0.74      0.79      4903
       Indie       0.00      0.00      0.00       612
        Jazz       0.60      0.14      0.23      1467
       Metal       0.74      0.48      0.58      3673
         Pop       0.50      0.29      0.37      7475
         R&B       0.94      0.02      0.04       655
        Rock       0.59      0.90      0.71     19924

   micro avg       0.61      0.61      0.61     43114
   macro avg       0.65      0.29      0.32     43114
weighted avg       0.62      0.61      0.56     43114


[[  604     0     0     9     0    12    10   185     1  1953]
 [    2    16     1    65     0     1    27   201     0   980]
 [   12     0    20     2     0     3     6    30     0   265]
 [   13     0     0  3645     0     6    36   324     0   879]
 [    5     1     0     5     0     3     4    41     0   553]
 [   67     0     0    25     0   207     6   190     0   972]
 [    2     0     0    80     0     2  1762    87     0  1740]
 [   91     1     1   256     0    35    68  2195     0  4828]
 [    9     0     0    12     0     7    11   117    15   484]
 [  252     1     2   190     0    67   451  1050     0 17911]]

Total training time: 72.2 secs or 1.2 mins