Title: Logistic Regression - Advanced Cleaning, N/A, Other Removed, Best TF-IDF Configuration 16000 (380)

Results of Training Set

--------------------
Accuracy: 0.6372871920953751, F1 Score: 0.346835424907289, Precision: 0.6793206450915588, Recall: 0.30936882198521715

              precision    recall  f1-score   support

     Country       0.65      0.26      0.38     11081
  Electronic       0.83      0.02      0.04      5366
        Folk       0.90      0.07      0.12      1438
     Hip-Hop       0.87      0.76      0.81     19071
       Indie       0.00      0.00      0.00      2336
        Jazz       0.69      0.18      0.28      5846
       Metal       0.79      0.52      0.62     14880
         Pop       0.56      0.34      0.42     29773
         R&B       0.90      0.04      0.07      2647
        Rock       0.60      0.92      0.73     80018

   micro avg       0.64      0.64      0.64    172456
   macro avg       0.68      0.31      0.35    172456
weighted avg       0.65      0.64      0.59    172456


[[ 2919     0     0    23     0    86    23   621     0  7409]
 [   20   104     1   267     0     2   126   816     2  4028]
 [   50     1    94     9     0     8    27   119     0  1130]
 [   29     7     1 14544     0     7   108  1126     1  3248]
 [    9     0     0    19     0     1    16   143     0  2148]
 [  208     0     0    63     0  1031    30   783     0  3731]
 [    8     2     1   283     0     1  7683   327     0  6575]
 [  338     9     3   901     0   139   219 10034     4 18126]
 [   26     0     0    93     0    31    26   424    95  1952]
 [  876     2     4   605     0   183  1511  3433     4 73400]]

Results of Test Set

--------------------
Accuracy: 0.6120517697267709, F1 Score: 0.3174137308752085, Precision: 0.6454932754653486, Recall: 0.2866757825429628

              precision    recall  f1-score   support

     Country       0.57      0.22      0.31      2774
  Electronic       0.84      0.01      0.02      1293
        Folk       0.83      0.06      0.11       338
     Hip-Hop       0.85      0.74      0.79      4903
       Indie       0.00      0.00      0.00       612
        Jazz       0.60      0.14      0.22      1467
       Metal       0.74      0.48      0.58      3673
         Pop       0.50      0.29      0.37      7475
         R&B       0.94      0.02      0.04       655
        Rock       0.59      0.90      0.71     19924

   micro avg       0.61      0.61      0.61     43114
   macro avg       0.65      0.29      0.32     43114
weighted avg       0.62      0.61      0.56     43114


[[  603     0     0     9     0    13    10   185     1  1953]
 [    2    16     1    65     0     1    27   201     0   980]
 [   13     0    20     2     0     3     6    30     0   264]
 [   13     0     0  3644     0     6    37   325     0   878]
 [    5     1     0     5     0     3     4    41     0   553]
 [   69     0     0    25     0   203     6   192     0   972]
 [    2     0     0    80     0     2  1760    87     0  1742]
 [   91     1     1   254     0    35    67  2201     0  4825]
 [    9     0     0    12     0     7    10   114    15   488]
 [  248     1     2   188     0    68   452  1039     0 17926]]

Total training time: 77.03 secs or 1.28 mins