Title: Logistic Regression - Advanced Cleaning, N/A, Other Removed, Best TF-IDF Configuration 13200 (380)

Results of Training Set

--------------------
Accuracy: 0.6361274759938766, F1 Score: 0.34611606666643746, Precision: 0.6766177142581772, Recall: 0.30874553922904874

              precision    recall  f1-score   support

     Country       0.65      0.26      0.37     11081
  Electronic       0.82      0.02      0.04      5366
        Folk       0.90      0.07      0.12      1438
     Hip-Hop       0.86      0.76      0.81     19071
       Indie       0.00      0.00      0.00      2336
        Jazz       0.69      0.18      0.28      5846
       Metal       0.78      0.51      0.62     14880
         Pop       0.56      0.33      0.42     29773
         R&B       0.90      0.04      0.07      2647
        Rock       0.60      0.92      0.73     80018

   micro avg       0.64      0.64      0.64    172456
   macro avg       0.68      0.31      0.35    172456
weighted avg       0.65      0.64      0.59    172456


[[ 2904     0     0    25     0    82    22   623     0  7425]
 [   20   103     1   266     0     2   125   812     2  4035]
 [   52     1    94     9     0     9    27   118     0  1128]
 [   30     8     1 14530     0     7   111  1130     1  3253]
 [    9     0     0    19     0     1    17   138     0  2152]
 [  204     0     0    65     0  1036    31   782     0  3728]
 [    8     2     1   283     0     1  7663   338     0  6584]
 [  343     9     4   902     0   141   225  9944     4 18201]
 [   28     0     0    95     0    31    28   422    96  1947]
 [  872     2     4   613     0   191  1527  3471     4 73334]]

Results of Test Set

--------------------
Accuracy: 0.6110776082015122, F1 Score: 0.3179503644276901, Precision: 0.6498495408682933, Recall: 0.28688706553102794

              precision    recall  f1-score   support

     Country       0.57      0.22      0.32      2774
  Electronic       0.84      0.01      0.02      1293
        Folk       0.88      0.06      0.12       338
     Hip-Hop       0.85      0.74      0.79      4903
       Indie       0.00      0.00      0.00       612
        Jazz       0.61      0.14      0.23      1467
       Metal       0.74      0.48      0.58      3673
         Pop       0.49      0.29      0.37      7475
         R&B       0.94      0.02      0.04       655
        Rock       0.59      0.90      0.71     19924

   micro avg       0.61      0.61      0.61     43114
   macro avg       0.65      0.29      0.32     43114
weighted avg       0.62      0.61      0.56     43114


[[  608     0     0     9     0    11    10   188     1  1947]
 [    2    16     1    65     0     1    27   201     0   980]
 [   12     0    21     2     0     3     6    30     0   264]
 [   13     0     0  3647     0     6    37   327     0   873]
 [    5     1     0     5     0     3     4    42     0   552]
 [   67     0     0    26     0   207     7   184     0   976]
 [    2     0     0    79     0     2  1753    89     0  1748]
 [   93     1     0   258     0    34    68  2181     0  4840]
 [    9     0     0    12     0     7    10   115    15   487]
 [  253     1     2   191     0    68   452  1059     0 17898]]

Total training time: 71.59 secs or 1.19 mins