Title: Logistic Regression - Advanced Cleaning, N/A, Other Removed, Best TF-IDF Configuration 13300 (380)

Results of Training Set

--------------------
Accuracy: 0.6362782390870715, F1 Score: 0.34618493767645214, Precision: 0.6766823513167497, Recall: 0.3088384768328922

              precision    recall  f1-score   support

     Country       0.65      0.26      0.37     11081
  Electronic       0.82      0.02      0.04      5366
        Folk       0.90      0.07      0.12      1438
     Hip-Hop       0.86      0.76      0.81     19071
       Indie       0.00      0.00      0.00      2336
        Jazz       0.69      0.18      0.28      5846
       Metal       0.78      0.52      0.62     14880
         Pop       0.56      0.33      0.42     29773
         R&B       0.90      0.04      0.07      2647
        Rock       0.60      0.92      0.73     80018

   micro avg       0.64      0.64      0.64    172456
   macro avg       0.68      0.31      0.35    172456
weighted avg       0.65      0.64      0.59    172456


[[ 2907     0     0    25     0    82    22   625     0  7420]
 [   20   103     1   267     0     2   125   810     2  4036]
 [   52     1    94     9     0     9    27   120     0  1126]
 [   30     8     1 14539     0     7   111  1128     1  3246]
 [    9     0     0    19     0     1    17   137     0  2153]
 [  203     0     0    65     0  1034    31   780     0  3733]
 [    8     2     1   283     0     0  7664   338     0  6584]
 [  343     9     4   906     0   140   225  9957     4 18185]
 [   28     0     0    95     0    31    28   421    96  1948]
 [  874     2     4   613     0   192  1528  3465     4 73336]]

Results of Test Set

--------------------
Accuracy: 0.6112631627777521, F1 Score: 0.3173474389537903, Precision: 0.6492930471156747, Recall: 0.2865410853194933

              precision    recall  f1-score   support

     Country       0.57      0.22      0.32      2774
  Electronic       0.84      0.01      0.02      1293
        Folk       0.87      0.06      0.11       338
     Hip-Hop       0.85      0.74      0.79      4903
       Indie       0.00      0.00      0.00       612
        Jazz       0.60      0.14      0.23      1467
       Metal       0.74      0.48      0.58      3673
         Pop       0.49      0.29      0.37      7475
         R&B       0.94      0.02      0.04       655
        Rock       0.59      0.90      0.71     19924

   micro avg       0.61      0.61      0.61     43114
   macro avg       0.65      0.29      0.32     43114
weighted avg       0.62      0.61      0.56     43114


[[  605     0     0     9     0    11    10   190     1  1948]
 [    2    16     1    65     0     1    27   200     0   981]
 [   12     0    20     2     0     3     6    30     0   265]
 [   13     0     0  3645     0     6    37   325     0   877]
 [    5     1     0     5     0     3     4    42     0   552]
 [   67     0     0    26     0   206     7   187     0   974]
 [    2     0     0    79     0     2  1756    89     0  1745]
 [   93     1     0   258     0    34    68  2184     0  4837]
 [    9     0     0    12     0     7    10   115    15   487]
 [  252     1     2   190     0    68   451  1053     0 17907]]

Total training time: 75.67 secs or 1.26 mins