Title: Logistic Regression - Advanced Cleaning, N/A, Other Removed, Best TF-IDF Configuration (380)

Results of Training Set

--------------------
Accuracy: 0.6352873143413684, F1 Score: 0.33979865032779494, Precision: 0.7743452888788814, Recall: 0.304236865837119

              precision    recall  f1-score   support

     Country       0.64      0.26      0.37     11035
  Electronic       0.83      0.02      0.03      5094
        Folk       0.90      0.06      0.11      1262
     Hip-Hop       0.87      0.77      0.82     18065
       Indie       1.00      0.00      0.00      2281
        Jazz       0.69      0.17      0.28      5554
       Metal       0.78      0.52      0.62     14252
         Pop       0.54      0.30      0.38     27010
         R&B       0.88      0.03      0.06      2630
        Rock       0.60      0.92      0.73     77097

   micro avg       0.64      0.64      0.64    164280
   macro avg       0.77      0.30      0.34    164280
weighted avg       0.66      0.64      0.59    164280


[[ 2872     0     0    18     0    74    20   647     1  7403]
 [   19    83     0   246     0     6   110   724     2  3904]
 [   50     0    75     7     0     2    27    70     0  1031]
 [   29     6     1 13907     0     7   108   994     1  3012]
 [   12     0     0    15     4     0    16    99     0  2135]
 [  211     0     0    73     0   954    31   604     0  3681]
 [    9     1     0   267     0     0  7366   268     0  6341]
 [  338     4     3   871     0   135   204  8008     2 17445]
 [   27     0     0    87     0    27    25   443    75  1946]
 [  901     6     4   543     0   178  1478  2962     4 71021]]

Results of Test Set

--------------------
Accuracy: 0.6128655255533101, F1 Score: 0.31523531961025747, Precision: 0.6156120297447707, Recall: 0.28518898156139005

              precision    recall  f1-score   support

     Country       0.58      0.22      0.32      2795
  Electronic       0.62      0.01      0.01      1247
        Folk       0.78      0.04      0.07       359
     Hip-Hop       0.86      0.76      0.81      4491
       Indie       0.00      0.00      0.00       574
        Jazz       0.62      0.15      0.24      1438
       Metal       0.74      0.48      0.58      3611
         Pop       0.47      0.26      0.33      6667
         R&B       0.89      0.04      0.07       650
        Rock       0.59      0.91      0.71     19239

   micro avg       0.61      0.61      0.61     41071
   macro avg       0.62      0.29      0.32     41071
weighted avg       0.61      0.61      0.56     41071


[[  616     0     0     8     0    26     6   162     0  1977]
 [    4     8     0    65     0     1    35   208     0   926]
 [   20     1    14     2     0     8     6    23     0   285]
 [   18     1     0  3409     0     2    27   270     0   764]
 [    6     0     0     4     0     2     2    28     0   532]
 [   49     0     0    16     0   209     7   160     0   997]
 [    3     0     1    82     0     1  1731    64     0  1729]
 [   75     3     2   202     0    30    57  1714     2  4582]
 [    9     0     0    15     0     6    12   106    25   477]
 [  257     0     1   143     0    51   452   889     1 17445]]

Total training time: 67.14 secs or 1.12 mins