Title: Logistic Regression - Advanced Cleaning (380)

Results of Training Set

--------------------
Accuracy: 0.5873222563675191, F1 Score: 0.2762367282626476, Precision: 0.7091446197217873, Recall: 0.24660473519386064

               precision    recall  f1-score   support

      Country       0.79      0.20      0.32     11129
   Electronic       0.94      0.03      0.05      5288
         Folk       1.00      0.00      0.00      1401
      Hip-Hop       0.84      0.72      0.78     19220
        Indie       0.00      0.00      0.00      2382
         Jazz       0.67      0.13      0.22      5837
        Metal       0.81      0.38      0.52     14864
Not Available       0.64      0.13      0.21     15887
        Other       0.72      0.01      0.03      3609
          Pop       0.59      0.38      0.46     29639
          R&B       0.98      0.02      0.03      2627
         Rock       0.54      0.96      0.69     80107

    micro avg       0.59      0.59      0.59    191990
    macro avg       0.71      0.25      0.28    191990
 weighted avg       0.64      0.59      0.52    191990


[[ 2219     0     0    21     0    18    38    24     0   589     0  8220]
 [   11   148     0   213     0     5    80    51     1   583     0  4196]
 [   24     0     2     9     0     3    11    42     1    76     0  1233]
 [   15     1     0 13896     0     5    66   131     2   866     0  4238]
 [    3     1     0    20     0     2    13    18     1   124     0  2200]
 [   86     0     0    68     0   784    22    73     8   663     0  4133]
 [    2     0     0   248     0     1  5626    53     0   279     0  8655]
 [  132     2     0   613     0    23   230  1991     3  2027     1 10865]
 [   20     0     0   292     0   169    55   126    52   470     0  2425]
 [   96     4     0   649     0    59   173   331     2 11344     0 16981]
 [   15     0     0    65     0    16    28    12     0   398    40  2053]
 [  202     2     0   420     0    89   603   248     2  1883     0 76658]]

Results of Test Set

--------------------
Accuracy: 0.5166465269386225, F1 Score: 0.20826460279261816, Precision: 0.47712529004175597, Recall: 0.1948403726773773

               precision    recall  f1-score   support

      Country       0.53      0.10      0.17      2726
   Electronic       0.67      0.01      0.01      1371
         Folk       0.00      0.00      0.00       375
      Hip-Hop       0.78      0.63      0.70      4754
        Indie       0.00      0.00      0.00       566
         Jazz       0.50      0.09      0.15      1476
        Metal       0.66      0.26      0.37      3689
Not Available       0.40      0.07      0.12      3977
        Other       0.27      0.00      0.01       945
          Pop       0.42      0.26      0.32      7609
          R&B       1.00      0.00      0.01       675
         Rock       0.50      0.92      0.65     19835

    micro avg       0.52      0.52      0.52     47998
    macro avg       0.48      0.19      0.21     47998
 weighted avg       0.52      0.52      0.44     47998


[[  267     0     0     8     0    11    15    13     0   158     0  2254]
 [    2     8     0    73     0     0    18    12     0   159     0  1099]
 [    6     0     0     6     0     3     8     7     0    24     0   321]
 [    2     0     0  2993     0     2    32    45     0   313     0  1367]
 [    1     0     0     2     0     1     2     5     0    28     0   527]
 [   27     1     0    15     0   135    13    23     4   164     0  1094]
 [    3     1     0    65     0     0   957    14     0    83     0  2566]
 [   32     1     0   168     0     9    46   272     2   601     0  2846]
 [   12     0     0    98     0    54    16    36     3   129     0   597]
 [   42     0     0   242     0    15    32   136     2  1993     0  5147]
 [    4     0     0    21     0     6     8     2     0   131     3   500]
 [  108     1     0   163     0    32   312   111     0   941     0 18167]]

Total training time: 411.92 secs or 6.87 mins