Title: Logistic Regression - Advanced Cleaning, N/A, Other Removed, BoW (380)

Results of Training Set

--------------------
Accuracy: 0.7191225587976063, F1 Score: 0.5674886685184151, Precision: 0.8457723711823558, Recall: 0.47613798350569186

              precision    recall  f1-score   support

     Country       0.74      0.37      0.49     11081
  Electronic       0.93      0.29      0.44      5366
        Folk       0.98      0.44      0.61      1438
     Hip-Hop       0.94      0.85      0.89     19071
       Indie       0.96      0.21      0.35      2336
        Jazz       0.79      0.39      0.52      5846
       Metal       0.86      0.61      0.71     14880
         Pop       0.73      0.48      0.58     29773
         R&B       0.88      0.19      0.31      2647
        Rock       0.66      0.94      0.78     80018

   micro avg       0.72      0.72      0.72    172456
   macro avg       0.85      0.48      0.57    172456
weighted avg       0.75      0.72      0.70    172456


[[ 4114     0     1    10     1    87    29   373     4  6462]
 [   24  1555     0    79     0     8    85   519     2  3094]
 [   37     0   636     4     0     8    17    49     0   687]
 [   24     5     1 16143     0    19    65   744    10  2060]
 [   16     1     0     5   497     3    15    90     0  1709]
 [  151     2     0    39     0  2264    17   386     5  2982]
 [    8     6     0   127     2     1  9113   211     0  5412]
 [  363    47     9   452    10   186   202 14186    14 14304]
 [   40     5     0    69     0    38    28   354   490  1623]
 [  804    46     5   264    10   258  1085  2496    31 75019]]

Results of Test Set

--------------------
Accuracy: 0.6093380340492648, F1 Score: 0.3508746421689466, Precision: 0.4783107706683712, Recall: 0.31328307652000464

              precision    recall  f1-score   support

     Country       0.51      0.24      0.33      2774
  Electronic       0.35      0.08      0.13      1293
        Folk       0.38      0.12      0.19       338
     Hip-Hop       0.85      0.75      0.79      4903
       Indie       0.14      0.03      0.04       612
        Jazz       0.44      0.19      0.27      1467
       Metal       0.67      0.46      0.55      3673
         Pop       0.52      0.33      0.41      7475
         R&B       0.33      0.05      0.09       655
        Rock       0.60      0.87      0.71     19924

   micro avg       0.61      0.61      0.61     43114
   macro avg       0.48      0.31      0.35     43114
weighted avg       0.59      0.61      0.57     43114


[[  677     1     7     9     2    43     9   124     2  1900]
 [   11   103     1    56     7     8    46   184     3   874]
 [   10     1    42     2     0     8    11    28     1   235]
 [   20    15     1  3673     6    13    53   366    14   742]
 [    9     2     2    11    16     5     6    41     0   520]
 [   64     6     2    26     3   282     8   161     2   913]
 [    6    14     3    72     5     4  1705    95     3  1766]
 [  138    74    22   258    32   101    99  2501    17  4233]
 [   14     1     0    12     1    23     9   113    35   447]
 [  391    76    32   226    42   148   589  1153    30 17237]]

Total training time: 846.47 secs or 14.11 mins