Title: Random Forest - Advanced Cleaning, N/A, Other Removed, TF-IDF (380)

Results of Training Set

--------------------
Accuracy: 0.9929895161664425, F1 Score: 0.9877251175276083, Precision: 0.9903300159967265, Recall: 0.9851708254127096

              precision    recall  f1-score   support

     Country       0.99      0.99      0.99     11081
  Electronic       1.00      0.99      0.99      5366
        Folk       1.00      0.98      0.99      1438
     Hip-Hop       1.00      1.00      1.00     19071
       Indie       1.00      0.99      1.00      2336
        Jazz       0.96      0.96      0.96      5846
       Metal       1.00      1.00      1.00     14880
         Pop       0.99      0.99      0.99     29773
         R&B       0.98      0.96      0.97      2647
        Rock       0.99      1.00      1.00     80018

   micro avg       0.99      0.99      0.99    172456
   macro avg       0.99      0.99      0.99    172456
weighted avg       0.99      0.99      0.99    172456


[[10934     2     3     1     0    42     0    16     3    80]
 [    1  5311     0     8     1     6     0    19     1    19]
 [    2     0  1412     0     0     8     1     7     1     7]
 [    0     4     0 18992     0     4     0    31     1    39]
 [    1     1     0     0  2318     0     0     2     0    14]
 [   18     1     0     2     1  5636     1    47    20   120]
 [    0     1     0     2     1     1 14826    29     1    19]
 [   14    10     2    26     0    66     2 29493    12   148]
 [    3     1     0     0     0    36     0    21  2533    53]
 [   32     0     0    11     1    97    12    62    11 79792]]

Results of Test Set

--------------------
Accuracy: 0.6236257364197244, F1 Score: 0.3553058381752212, Precision: 0.72153927422836, Recall: 0.3019418397630963

              precision    recall  f1-score   support

     Country       0.74      0.13      0.22      2774
  Electronic       0.88      0.13      0.22      1293
        Folk       0.57      0.08      0.14       338
     Hip-Hop       0.87      0.79      0.83      4903
       Indie       0.76      0.06      0.11       612
        Jazz       0.65      0.26      0.37      1467
       Metal       0.86      0.27      0.41      3673
         Pop       0.72      0.25      0.38      7475
         R&B       0.58      0.09      0.16       655
        Rock       0.57      0.96      0.72     19924

   micro avg       0.62      0.62      0.62     43114
   macro avg       0.72      0.30      0.36     43114
weighted avg       0.68      0.62      0.56     43114


[[  353     1     2     4     0    28     0    30     0  2356]
 [    1   166     0    51     0     2     3    34     0  1036]
 [    0     0    27     2     0     3     2    21     1   282]
 [    4     1     3  3876     0    13     5   122     2   877]
 [    0     2     0     5    35     0     2    15     0   553]
 [   23     0     1    24     4   379     0    82    11   943]
 [    0     1     0    72     0     1   995    43     0  2561]
 [   31     8     9   237     1    55    27  1897    16  5194]
 [    4     0     1    13     0    16     4    28    62   527]
 [   63     9     4   166     6    83   120   362    14 19097]]

Total training time: 9383.04 secs or 156.38 mins