Title: Feature Selection & RF - Advanced Cleaning, N/A, Other Removed, TF-IDF (380)

Results of Training Set

--------------------
Accuracy: 0.9929895161664425, F1 Score: 0.9876720609803297, Precision: 0.9903877283276346, Recall: 0.9850199353390646

              precision    recall  f1-score   support

     Country       0.99      0.99      0.99     11081
  Electronic       1.00      0.99      0.99      5366
        Folk       0.99      0.98      0.99      1438
     Hip-Hop       1.00      1.00      1.00     19071
       Indie       1.00      0.99      1.00      2336
        Jazz       0.96      0.96      0.96      5846
       Metal       1.00      1.00      1.00     14880
         Pop       0.99      0.99      0.99     29773
         R&B       0.98      0.95      0.97      2647
        Rock       0.99      1.00      1.00     80018

   micro avg       0.99      0.99      0.99    172456
   macro avg       0.99      0.99      0.99    172456
weighted avg       0.99      0.99      0.99    172456


[[10950     1     1     2     0    37     0    15     2    73]
 [    2  5309     0     8     2     6     0    22     0    17]
 [    5     0  1414     0     0     8     1     4     1     5]
 [    0     4     0 18994     0     4     0    30     1    38]
 [    1     0     0     0  2318     1     0     1     0    15]
 [   26     1     0     3     0  5635     0    47    15   119]
 [    0     1     0     2     1     2 14824    27     1    22]
 [   18     7     5    26     1    63     4 29479    14   156]
 [    5     2     0     0     0    42     0    17  2524    57]
 [   36     2     2    13     0    94     9    55     7 79800]]

Results of Test Set

--------------------
Accuracy: 0.6245535093009231, F1 Score: 0.3560530625407104, Precision: 0.7201386484621033, Recall: 0.3025968813468692

              precision    recall  f1-score   support

     Country       0.72      0.13      0.22      2774
  Electronic       0.87      0.12      0.22      1293
        Folk       0.60      0.08      0.14       338
     Hip-Hop       0.87      0.79      0.83      4903
       Indie       0.74      0.06      0.10       612
        Jazz       0.65      0.26      0.37      1467
       Metal       0.86      0.28      0.42      3673
         Pop       0.73      0.26      0.38      7475
         R&B       0.60      0.10      0.17       655
        Rock       0.57      0.96      0.72     19924

   micro avg       0.62      0.62      0.62     43114
   macro avg       0.72      0.30      0.36     43114
weighted avg       0.68      0.62      0.56     43114


[[  352     1     0     4     0    28     1    34     0  2354]
 [    1   159     0    54     1     2     4    40     0  1032]
 [    0     0    27     2     0     3     3    21     1   281]
 [    5     5     3  3869     0    13     4   121     3   880]
 [    0     2     0     5    34     0     2    14     0   555]
 [   24     0     1    24     4   376     0    74    12   952]
 [    1     0     0    75     0     1  1016    50     0  2530]
 [   33     8     9   241     1    55    26  1926    16  5160]
 [    4     0     1    13     0    15     4    22    67   529]
 [   71     8     4   170     6    83   126   342    13 19101]]

Total training time: 4304.72 secs or 71.75 mins