Title: AdaBoost - Advanced Cleaning, N/A, Other Removed, TF-IDF (380)

Results of Training Set

--------------------
Accuracy: 0.5534223222155217, F1 Score: 0.2264993844609866, Precision: 0.4409154371120462, Recall: 0.218723427266941

              precision    recall  f1-score   support

     Country       0.42      0.07      0.13     11081
  Electronic       0.00      0.00      0.00      5366
        Folk       0.47      0.04      0.07      1438
     Hip-Hop       0.76      0.72      0.74     19071
       Indie       0.00      0.00      0.00      2336
        Jazz       0.30      0.01      0.02      5846
       Metal       0.56      0.26      0.35     14880
         Pop       0.44      0.12      0.19     29773
         R&B       0.93      0.05      0.09      2647
        Rock       0.53      0.91      0.67     80018

   micro avg       0.55      0.55      0.55    172456
   macro avg       0.44      0.22      0.23    172456
weighted avg       0.51      0.55      0.47    172456


[[  830     0     0    47     0    26    75   191     0  9912]
 [   14     0     1   337     0     0   118   323     0  4573]
 [   19     0    54    14     0     1    38    58     0  1254]
 [   32     0     1 13820     0     4   159   987     3  4065]
 [   17     0     0    38     0     1    36    63     0  2181]
 [  115     0     0    96     0    59    30   340     0  5206]
 [   12     0    18   443     0     0  3838   216     1 10352]
 [  176     0    12  1719     0    24   297  3680     3 23862]
 [   31     0     0   139     0     8    47   214   121  2087]
 [  731     0    28  1535     0    76  2257  2350     2 73039]]

Results of Test Set

--------------------
Accuracy: 0.552790276940205, F1 Score: 0.22255400214921153, Precision: 0.437941556400821, Recall: 0.21655171475559948

              precision    recall  f1-score   support

     Country       0.41      0.07      0.12      2774
  Electronic       0.00      0.00      0.00      1293
        Folk       0.48      0.04      0.07       338
     Hip-Hop       0.76      0.72      0.74      4903
       Indie       0.00      0.00      0.00       612
        Jazz       0.25      0.01      0.02      1467
       Metal       0.56      0.26      0.36      3673
         Pop       0.43      0.12      0.19      7475
         R&B       0.95      0.03      0.06       655
        Rock       0.53      0.91      0.67     19924

   micro avg       0.55      0.55      0.55     43114
   macro avg       0.44      0.22      0.22     43114
weighted avg       0.51      0.55      0.47     43114


[[  194     0     1     7     0     5    17    59     0  2491]
 [    5     0     1    94     0     2    28    60     0  1103]
 [    4     0    12     4     0     0     9    17     0   292]
 [   11     0     0  3535     0     5    51   275     0  1026]
 [    7     0     1     7     0     1    11    20     0   565]
 [   29     0     0    34     0    13     4    82     0  1305]
 [    1     0     1   103     0     1   968    44     0  2555]
 [   51     0     2   453     0    11    60   915     0  5983]
 [    8     0     1    36     0     2    15    47    21   525]
 [  167     0     6   408     0    11   565   591     1 18175]]

Total training time: 145.71 secs or 2.43 mins