Title: Gradient Boosting - Advanced Cleaning, N/A, Other Removed, TF-IDF (380)

Results of Training Set

--------------------
Accuracy: 0.5813888760031545, F1 Score: 0.28446557811198164, Precision: 0.826832310705717, Recall: 0.2479542745107642

              precision    recall  f1-score   support

     Country       0.79      0.07      0.12     11081
  Electronic       0.98      0.03      0.05      5366
        Folk       0.98      0.12      0.21      1438
     Hip-Hop       0.85      0.70      0.77     19071
       Indie       0.99      0.04      0.09      2336
        Jazz       0.83      0.06      0.11      5846
       Metal       0.77      0.25      0.38     14880
         Pop       0.55      0.16      0.25     29773
         R&B       0.98      0.09      0.17      2647
        Rock       0.54      0.96      0.69     80018

   micro avg       0.58      0.58      0.58    172456
   macro avg       0.83      0.25      0.28    172456
weighted avg       0.65      0.58      0.50    172456


[[  733     0     0    12     0    14    23   166     0 10133]
 [    2   149     0   185     1     0    37   304     0  4688]
 [    4     0   167     4     0     1    16    44     0  1202]
 [    4     2     0 13339     0     2    48  1012     1  4663]
 [    1     0     0    19   105     0     6    43     0  2162]
 [   13     0     0    56     0   360    11   298     0  5108]
 [    2     0     0   278     0     0  3718   131     0 10751]
 [   20     1     3  1017     0    19    99  4912     1 23701]
 [    0     0     0    77     0     6     9   234   244  2077]
 [  147     0     1   669     0    31   880  1751     2 76537]]

Results of Test Set

--------------------
Accuracy: 0.5755439068516027, F1 Score: 0.24935561428135355, Precision: 0.6372058797517896, Recall: 0.22854181471728047

              precision    recall  f1-score   support

     Country       0.71      0.06      0.11      2774
  Electronic       0.74      0.02      0.03      1293
        Folk       0.85      0.07      0.12       338
     Hip-Hop       0.85      0.71      0.77      4903
       Indie       0.06      0.00      0.01       612
        Jazz       0.66      0.03      0.07      1467
       Metal       0.75      0.24      0.36      3673
         Pop       0.54      0.16      0.24      7475
         R&B       0.67      0.05      0.09       655
        Rock       0.54      0.95      0.69     19924

   micro avg       0.58      0.58      0.58     43114
   macro avg       0.64      0.23      0.25     43114
weighted avg       0.61      0.58      0.49     43114


[[  163     0     0     4     1     6     5    55     1  2539]
 [    0    23     0    44     2     1    10    70     2  1141]
 [    3     0    22     3     0     0     4    16     1   289]
 [    0     3     0  3466     4     1    15   251     0  1163]
 [    2     0     0     4     2     0     5    18     0   581]
 [    5     2     0    17     0    51     3    66     2  1321]
 [    0     0     1    74     6     1   884    28     1  2678]
 [   10     1     0   269     5     7    25  1177     2  5979]
 [    1     0     0    15     0     1     7    62    31   538]
 [   45     2     3   180    13     9   223   448     6 18995]]

Total training time: 1975.28 secs or 32.92 mins