Title: Feature Selection & RF - Advanced Cleaning, N/A, Other Removed, TF-IDF (200)

Results of Training Set

--------------------
Accuracy: 0.9855783537957925, F1 Score: 0.9853624324909561, Precision: 0.9858854645250434, Recall: 0.9848476003578153

              precision    recall  f1-score   support

     country       0.99      0.99      0.99     17629
  electronic       0.98      0.97      0.98      7874
        folk       0.99      0.99      0.99      9397
       indie       0.99      0.99      0.99     13889
        jazz       0.99      0.98      0.98     10237
       metal       0.99      0.99      0.99     15705
         pop       0.98      0.99      0.98     24628
         rap       0.98      0.98      0.98     16997
        rock       0.99      0.98      0.99     14697

   micro avg       0.99      0.99      0.99    131053
   macro avg       0.99      0.98      0.99    131053
weighted avg       0.99      0.99      0.99    131053


[[17404     8    17     7    20     2    65    58    48]
 [   13  7675     7     9    43    13    59    44    11]
 [   12     7  9263    19    12     3    54     5    22]
 [    7    24    13 13732     3     5    73    14    18]
 [   18    45     8     5 10050     7    45    48    11]
 [    8    10     0     1     8 15611    14    30    23]
 [   40    42    29    31    29    10 24276   135    36]
 [   38    23     3     8    23    31   152 16709    10]
 [   81    21    21     9    14    24    78     6 14443]]

Results of Test Set

--------------------
Accuracy: 0.38615553656452206, F1 Score: 0.3480315054353476, Precision: 0.40582066247402887, Recall: 0.34989199322658165

              precision    recall  f1-score   support

     country       0.40      0.57      0.47      4367
  electronic       0.54      0.29      0.38      2064
        folk       0.38      0.08      0.13      2335
       indie       0.26      0.21      0.23      3438
        jazz       0.61      0.27      0.37      2542
       metal       0.44      0.60      0.51      3892
         pop       0.31      0.45      0.37      6135
         rap       0.50      0.57      0.53      4310
        rock       0.22      0.10      0.14      3681

   micro avg       0.39      0.39      0.39     32764
   macro avg       0.41      0.35      0.35     32764
weighted avg       0.39      0.39      0.36     32764


[[2501   22   54  235   58  202  837  206  252]
 [ 141  596   16  185   96  211  390  363   66]
 [ 543   50  192  344   42  314  613   55  182]
 [ 605   93   65  723   45  517 1072   82  236]
 [ 301  105   31  161  675  184  605  387   93]
 [ 268   56   18  270   24 2350  588  149  169]
 [ 748   89   68  485   81  490 2780 1136  258]
 [ 182   45    9   85   37  464  960 2462   66]
 [ 938   56   57  345   41  573 1199   99  373]]

Total training time: 533.72 secs or 8.9 mins