Title: Feature Selection & RF1000 - Advanced Cleaning, N/A, Other Removed, TF-IDF (200)

Results of Training Set

--------------------
Accuracy: 0.9855859842964297, F1 Score: 0.9853663840114214, Precision: 0.9864971786394737, Recall: 0.9842688788243907

              precision    recall  f1-score   support

     country       0.99      0.99      0.99     17629
  electronic       0.98      0.97      0.98      7874
        folk       0.99      0.98      0.99      9397
       indie       0.99      0.99      0.99     13889
        jazz       0.99      0.98      0.98     10237
       metal       0.99      0.99      0.99     15705
         pop       0.98      0.99      0.98     24628
         rap       0.98      0.99      0.98     16997
        rock       0.99      0.98      0.99     14697

   micro avg       0.99      0.99      0.99    131053
   macro avg       0.99      0.98      0.99    131053
weighted avg       0.99      0.99      0.99    131053


[[17412     8    16     9    20     1    62    67    34]
 [   12  7623     7    21    54    18    66    54    19]
 [   15     6  9247    21    13     3    63     6    23]
 [    7    13    12 13744     4     4    74    16    15]
 [   19    33     7     4 10035    11    59    53    16]
 [    9     5     0     2     3 15617    14    33    22]
 [   41    36    19    33    14    10 24296   161    18]
 [   28    13     1     7    18    28   126 16767     9]
 [   95    12    17    12     9    26    93    10 14423]]

Results of Test Set

--------------------
Accuracy: 0.4143877426443658, F1 Score: 0.35981583359278757, Precision: 0.46189284979774325, Recall: 0.36909728568880806

              precision    recall  f1-score   support

     country       0.45      0.64      0.53      4367
  electronic       0.57      0.29      0.38      2064
        folk       0.51      0.07      0.12      2335
       indie       0.33      0.19      0.24      3438
        jazz       0.65      0.27      0.38      2542
       metal       0.44      0.66      0.53      3892
         pop       0.31      0.53      0.39      6135
         rap       0.51      0.61      0.55      4310
        rock       0.38      0.06      0.11      3681

   micro avg       0.41      0.41      0.41     32764
   macro avg       0.46      0.37      0.36     32764
weighted avg       0.44      0.41      0.38     32764


[[2786   21   24  110   43  213  869  216   85]
 [  94  591    8  159   91  260  482  362   17]
 [ 574   37  166  230   37  366  823   54   48]
 [ 596   69   19  656   35  578 1371   80   34]
 [ 309  101   20  138  691  196  637  423   27]
 [ 218   48    2  153   20 2585  661  150   55]
 [ 609   83   44  294   73  539 3260 1153   80]
 [ 120   43    5   31   31  515  934 2618   13]
 [ 878   41   36  236   36  621 1520   89  224]]

Total training time: 6966.26 secs or 116.1 mins