Title: Feature Selection & RF - Advanced Cleaning, N/A, Other Removed, TF-IDF (200)

Results of Training Set

--------------------
Accuracy: 0.712353017481477, F1 Score: 0.7085695377914626, Precision: 0.7084803277721187, Recall: 0.7087301237277399

              precision    recall  f1-score   support

     country       0.72      0.73      0.72     17629
  electronic       0.69      0.71      0.70      7874
        folk       0.68      0.67      0.67      9397
       indie       0.69      0.68      0.69     13889
        jazz       0.71      0.72      0.72     10237
       metal       0.74      0.74      0.74     15705
         pop       0.71      0.72      0.72     24628
         rap       0.76      0.74      0.75     16997
        rock       0.68      0.67      0.67     14697

   micro avg       0.71      0.71      0.71    131053
   macro avg       0.71      0.71      0.71    131053
weighted avg       0.71      0.71      0.71    131053


[[12810   226   520   636   436   552  1100   499   850]
 [  249  5565   143   306   248   274   469   363   257]
 [  494   178  6323   458   287   391   603   200   463]
 [  670   340   475  9497   342   607   960   362   636]
 [  398   279   211   312  7372   286   644   384   351]
 [  545   327   416   634   276 11566   776   486   679]
 [ 1035   499   581   885   630   785 17848  1358  1007]
 [  598   339   242   360   384   569  1562 12511   432]
 [  910   305   445   652   363   706  1046   406  9864]]

Results of Test Set

--------------------
Accuracy: 0.2450860700769137, F1 Score: 0.23410970947228188, Precision: 0.23473658790625734, Recall: 0.2336541679620513

              precision    recall  f1-score   support

     country       0.29      0.30      0.30      4367
  electronic       0.23      0.23      0.23      2064
        folk       0.13      0.13      0.13      2335
       indie       0.16      0.17      0.17      3438
        jazz       0.24      0.24      0.24      2542
       metal       0.30      0.30      0.30      3892
         pop       0.26      0.27      0.27      6135
         rap       0.35      0.32      0.33      4310
        rock       0.15      0.14      0.15      3681

   micro avg       0.25      0.25      0.25     32764
   macro avg       0.23      0.23      0.23     32764
weighted avg       0.25      0.25      0.25     32764


[[1325  156  352  434  252  343  667  317  521]
 [ 169  472  112  209  174  192  341  232  163]
 [ 367  119  302  327  174  271  380  123  272]
 [ 468  207  292  574  229  401  651  197  419]
 [ 274  171  138  228  602  170  410  292  257]
 [ 350  205  265  423  177 1160  541  313  458]
 [ 671  305  392  621  432  516 1675  855  668]
 [ 393  221  152  250  251  386  942 1387  328]
 [ 584  187  294  424  221  438  716  284  533]]

Total training time: 225.49 secs or 3.76 mins