Title: Logistic Regression - Advanced Cleaning No FE N/A and Other Removed (380)

Results of Training Set

--------------------
Accuracy: 0.6414737672217841, F1 Score: 0.3156799857645386, Precision: 0.760250141873889, Recall: 0.28054689196917115

              precision    recall  f1-score   support

     Country       0.84      0.19      0.31     11081
  Electronic       0.97      0.02      0.04      5366
        Folk       1.00      0.00      0.01      1438
     Hip-Hop       0.89      0.72      0.79     19071
       Indie       0.00      0.00      0.00      2336
        Jazz       0.79      0.14      0.23      5846
       Metal       0.85      0.38      0.52     14880
         Pop       0.67      0.38      0.49     29773
         R&B       1.00      0.01      0.03      2647
        Rock       0.59      0.96      0.73     80018

   micro avg       0.64      0.64      0.64    172456
   macro avg       0.76      0.28      0.32    172456
weighted avg       0.70      0.64      0.59    172456


[[ 2118     0     0    23     0    23    45   560     0  8312]
 [    8   106     0   226     0     3    73   638     0  4312]
 [   20     0     7    11     0     2    16   103     0  1279]
 [    9     0     0 13681     0     5    65   943     0  4368]
 [    4     0     0    24     0     2    11   114     0  2181]
 [   71     1     0    64     0   799    20   688     0  4203]
 [    2     0     0   244     0     2  5630   311     0  8691]
 [   91     2     0   641     0    72   158 11454     0 17355]
 [   11     0     0    71     0    20    24   422    34  2065]
 [  184     0     0   398     0    84   564  1991     0 76797]]

Results of Test Set

--------------------
Accuracy: 0.5727373938859767, F1 Score: 0.2435139970819531, Precision: 0.6638519133331038, Recall: 0.2249056553590719

              precision    recall  f1-score   support

     Country       0.57      0.09      0.15      2774
  Electronic       0.90      0.01      0.01      1293
        Folk       1.00      0.01      0.01       338
     Hip-Hop       0.85      0.64      0.73      4903
       Indie       0.00      0.00      0.00       612
        Jazz       0.63      0.08      0.14      1467
       Metal       0.67      0.25      0.37      3673
         Pop       0.48      0.26      0.34      7475
         R&B       1.00      0.00      0.00       655
        Rock       0.55      0.92      0.69     19924

   micro avg       0.57      0.57      0.57     43114
   macro avg       0.66      0.22      0.24     43114
weighted avg       0.60      0.57      0.51     43114


[[  237     0     0     5     0     6    12   195     0  2319]
 [    2     9     0    56     0     1    21   152     0  1052]
 [    2     0     2     3     0     0     3    27     0   301]
 [    8     0     0  3136     0     2    37   313     0  1407]
 [    0     0     0     5     0     2     4    30     0   571]
 [   28     0     0    24     0   114     4   194     0  1103]
 [    0     0     0    72     0     0   928    98     0  2575]
 [   37     0     0   223     0    19    41  1939     0  5216]
 [   10     0     0    14     0     4     8   108     1   510]
 [   95     1     0   170     0    33   336   962     0 18327]]

Total training time: 363.61 secs or 6.06 mins