Title: Logistic Regression - Advanced Cleaning No FE N/A, Other, Rock Removed (380)

Results of Training Set

--------------------
Accuracy: 0.697855181509589, F1 Score: 0.41550607564304237, Precision: 0.8616783445792942, Recall: 0.40138224289602625

              precision    recall  f1-score   support

     Country       0.78      0.62      0.69     11109
  Electronic       0.96      0.07      0.13      5306
        Folk       0.95      0.01      0.03      1410
     Hip-Hop       0.86      0.83      0.85     19161
       Indie       1.00      0.01      0.01      2336
        Jazz       0.87      0.31      0.46      5840
       Metal       0.78      0.80      0.79     14865
         Pop       0.58      0.92      0.71     29806
         R&B       0.97      0.04      0.07      2669

   micro avg       0.70      0.70      0.70     92502
   macro avg       0.86      0.40      0.42     92502
weighted avg       0.76      0.70      0.65     92502


[[ 6929     2     0   174     0    56   376  3571     1]
 [  146   373     0   471     0    19   744  3552     1]
 [  235     1    18    54     0    15   235   852     0]
 [   89     1     1 15945     0    17   371  2737     0]
 [  193     3     0    94    16     7   280  1743     0]
 [  560     2     0   195     0  1801   249  3032     1]
 [  102     0     0   462     0     5 11858  2438     0]
 [  481     4     0   877     0   104   827 27513     0]
 [  183     2     0   182     0    38   265  1899   100]]

Results of Test Set

--------------------
Accuracy: 0.5918014356135951, F1 Score: 0.3179802770007867, Precision: 0.6400680368347599, Recall: 0.31746158525427703

              precision    recall  f1-score   support

     Country       0.58      0.40      0.47      2746
  Electronic       0.66      0.02      0.03      1353
        Folk       1.00      0.00      0.01       366
     Hip-Hop       0.80      0.77      0.78      4813
       Indie       0.00      0.00      0.00       612
        Jazz       0.75      0.17      0.28      1473
       Metal       0.65      0.66      0.66      3688
         Pop       0.49      0.83      0.62      7442
         R&B       0.83      0.01      0.02       633

   micro avg       0.59      0.59      0.59     23126
   macro avg       0.64      0.32      0.32     23126
weighted avg       0.62      0.59      0.54     23126


[[1101    0    0   87    0   26  143 1389    0]
 [  39   21    0  123    0    2  228  940    0]
 [  70    0    1   17    0    1   56  221    0]
 [  43    2    0 3701    0    1  157  909    0]
 [  36    0    0   35    0    0   68  473    0]
 [ 187    0    0   53    0  250   85  898    0]
 [  47    1    0  166    0    4 2448 1022    0]
 [ 324    7    0  426    0   46  479 6159    1]
 [  59    1    0   41    0    4   77  446    5]]

Total training time: 219.8 secs or 3.66 mins