Title: Logistic Regression - Advanced Cleaning No FE, TF-IDF Reset, N/A, Other, Rock Removed (380)

Results of Training Set

--------------------
Accuracy: 0.6883202525350803, F1 Score: 0.4341619468562307, Precision: 0.7984310213180513, Recall: 0.4138077592761949

              precision    recall  f1-score   support

     Country       0.68      0.63      0.65     11109
  Electronic       0.86      0.07      0.12      5306
        Folk       0.94      0.09      0.17      1410
     Hip-Hop       0.87      0.83      0.85     19161
       Indie       0.85      0.03      0.06      2336
        Jazz       0.75      0.34      0.47      5840
       Metal       0.78      0.82      0.80     14865
         Pop       0.58      0.87      0.69     29806
         R&B       0.87      0.05      0.10      2669

   micro avg       0.69      0.69      0.69     92502
   macro avg       0.80      0.41      0.43     92502
weighted avg       0.73      0.69      0.65     92502


[[ 6974     2     0    74     1   173   251  3631     3]
 [  169   354     1   408     1    28   757  3586     2]
 [  259     2   131    29     0    26   175   788     0]
 [  171    14     1 15816     2    28   347  2778     4]
 [  255     1     1    70    67    20   240  1682     0]
 [  787     1     0   126     1  1970   180  2770     5]
 [  139     9     0   402     1    15 12220  2078     1]
 [ 1306    25     5  1056     5   288  1113 26003     5]
 [  234     3     0   159     1    74   287  1775   136]]

Results of Test Set

--------------------
Accuracy: 0.6413560494681311, F1 Score: 0.37502804864708, Precision: 0.660401128326945, Recall: 0.3689389529282281

              precision    recall  f1-score   support

     Country       0.61      0.57      0.59      2746
  Electronic       0.45      0.02      0.04      1353
        Folk       0.90      0.05      0.10       366
     Hip-Hop       0.84      0.79      0.82      4813
       Indie       0.36      0.01      0.02       612
        Jazz       0.59      0.23      0.33      1473
       Metal       0.74      0.77      0.75      3688
         Pop       0.54      0.83      0.65      7442
         R&B       0.92      0.04      0.07       633

   micro avg       0.64      0.64      0.64     23126
   macro avg       0.66      0.37      0.38     23126
weighted avg       0.65      0.64      0.60     23126


[[1573    1    1   24    0   65   75 1007    0]
 [  53   30    0  108    1    8  213  940    0]
 [  79    1   19    5    0    6   45  211    0]
 [  64   11    0 3823    0    4  127  783    1]
 [  70    2    0   22    5    3   63  447    0]
 [ 235    0    0   40    1  344   48  804    1]
 [  54    6    0  131    1   10 2850  636    0]
 [ 405   16    1  350    6  122  377 6165    0]
 [  55    0    0   51    0   21   75  408   23]]

Total training time: 45.72 secs or 0.76 mins