Title: Random Forest - Advanced Cleaning No FE, TF-IDF Reset, N/A, Other, Rock Removed (380)

Results of Training Set

--------------------
Accuracy: 0.9944433633867376, F1 Score: 0.9920049405002475, Precision: 0.9931692436069801, Recall: 0.990855894727415

              precision    recall  f1-score   support

     Country       0.99      0.99      0.99     11109
  Electronic       1.00      0.99      1.00      5306
        Folk       1.00      0.99      0.99      1410
     Hip-Hop       1.00      1.00      1.00     19161
       Indie       1.00      1.00      1.00      2336
        Jazz       0.97      0.98      0.98      5840
       Metal       1.00      1.00      1.00     14865
         Pop       0.99      1.00      0.99     29806
         R&B       0.99      0.97      0.98      2669

   micro avg       0.99      0.99      0.99     92502
   macro avg       0.99      0.99      0.99     92502
weighted avg       0.99      0.99      0.99     92502


[[11046     2     1     0     0    32     1    24     3]
 [    0  5271     0     4     1     7     1    21     1]
 [    2     0  1392     1     0     8     0     7     0]
 [    3     2     1 19109     0     9     1    33     3]
 [    0     1     0     0  2331     2     0     2     0]
 [   31     1     0     8     0  5719     1    59    21]
 [    0     0     0     2     1     2 14832    28     0]
 [   20     7     1    21     0    56     3 29687    11]
 [    4     0     1     1     0    37     0    25  2601]]

Results of Test Set

--------------------
Accuracy: 0.6350860503329586, F1 Score: 0.41619515545660735, Precision: 0.775095788415903, Recall: 0.37266109668477293

              precision    recall  f1-score   support

     Country       0.81      0.25      0.39      2746
  Electronic       0.85      0.15      0.25      1353
        Folk       0.74      0.09      0.16       366
     Hip-Hop       0.89      0.81      0.85      4813
       Indie       0.94      0.05      0.10       612
        Jazz       0.76      0.30      0.43      1473
       Metal       0.81      0.67      0.74      3688
         Pop       0.49      0.92      0.64      7442
         R&B       0.67      0.12      0.20       633

   micro avg       0.64      0.64      0.64     23126
   macro avg       0.78      0.37      0.42     23126
weighted avg       0.72      0.64      0.60     23126


[[ 696    0    3   30    1   39   57 1918    2]
 [   5  197    0   66    0    0  118  966    1]
 [  12    0   32    7    0    2   32  280    1]
 [   5    4    1 3887    0    8   57  850    1]
 [   3    1    0    9   33    1   43  522    0]
 [  62    0    0   25    0  437   29  902   18]
 [   1    4    1   96    0    1 2475 1110    0]
 [  72   24    5  210    1   69  192 6856   13]
 [   3    3    1   22    0   18   41  471   74]]

Total training time: 8975.22 secs or 149.59 mins