Title: Logistic Regression - Advanced Cleaning No FE, TF-IDF Bigrams, N/A, Other, Rock Removed (380)

Results of Training Set

--------------------
Accuracy: 0.7548377332382002, F1 Score: 0.44708853715219604, Precision: 0.9080097334439837, Recall: 0.4332226692985838

              precision    recall  f1-score   support

     Country       0.92      0.70      0.79     11109
  Electronic       0.98      0.08      0.15      5306
        Folk       1.00      0.01      0.01      1410
     Hip-Hop       0.91      0.90      0.91     19161
       Indie       1.00      0.00      0.01      2336
        Jazz       0.91      0.30      0.45      5840
       Metal       0.88      0.90      0.89     14865
         Pop       0.61      0.98      0.75     29806
         R&B       0.95      0.03      0.05      2669

   micro avg       0.75      0.75      0.75     92502
   macro avg       0.91      0.43      0.45     92502
weighted avg       0.82      0.75      0.71     92502


[[ 7765     2     0   114     0    35   171  3021     1]
 [   47   433     0   431     0     8   601  3786     0]
 [   88     0    10    39     0     6   219  1048     0]
 [   23     0     0 17219     0    11   108  1800     0]
 [   54     2     0    67     8     3   226  1976     0]
 [  250     2     0   178     0  1765   182  3460     3]
 [    7     0     0   289     0     0 13406  1163     0]
 [  102     1     0   379     0    72   107 29145     0]
 [   94     0     0   168     0    32   221  2081    73]]

Results of Test Set

--------------------
Accuracy: 0.6026550203234454, F1 Score: 0.3174222899401536, Precision: 0.5073145680055802, Recall: 0.3137784671973654

              precision    recall  f1-score   support

     Country       0.73      0.31      0.44      2746
  Electronic       1.00      0.02      0.04      1353
        Folk       0.00      0.00      0.00       366
     Hip-Hop       0.80      0.78      0.79      4813
       Indie       0.00      0.00      0.00       612
        Jazz       0.82      0.16      0.27      1473
       Metal       0.73      0.67      0.70      3688
         Pop       0.49      0.89      0.63      7442
         R&B       0.00      0.00      0.00       633

   micro avg       0.60      0.60      0.60     23126
   macro avg       0.51      0.31      0.32     23126
weighted avg       0.64      0.60      0.55     23126


[[ 863    0    0   98    0   16   95 1674    0]
 [  10   26    0  127    0    0  189 1001    0]
 [  34    0    0   12    0    0   55  265    0]
 [  17    0    0 3737    0    2  118  939    0]
 [  11    0    0   33    0    0   51  517    0]
 [  91    0    0   58    0  233   66 1025    0]
 [  10    0    0  156    0    1 2457 1064    0]
 [ 129    0    0  384    0   28  280 6621    0]
 [  24    0    0   51    0    4   53  501    0]]

Total training time: 145.71 secs or 2.43 mins