Title: Fully Connected - Words: 1000, Batch: 32, Epochs: 5, Outputs: 256

Results of Training Set

--------------------
Accuracy: 0.6867452181039415, F1 Score: 0.41432645262394063, Precision: 0.8043883348376191, Recall: 0.3676269122451841

              precision    recall  f1-score   support

           0       0.76      0.36      0.48      8263
           1       0.76      0.08      0.14      3968
           2       0.91      0.11      0.20      1050
           3       0.89      0.84      0.86     14541
           4       1.00      0.00      0.00      1763
           5       0.74      0.31      0.44      4392
           6       0.81      0.58      0.67     11089
           7       0.64      0.46      0.53     22288
           8       0.90      0.03      0.05      1971
           9       0.65      0.92      0.76     60017

   micro avg       0.69      0.69      0.69    129342
   macro avg       0.80      0.37      0.41    129342
weighted avg       0.71      0.69      0.65    129342
 samples avg       0.69      0.69      0.69    129342


[[ 2938     0     0    10     0    87    12   427     0  4789]
 [   10   303     0   195     0    17   111   551     0  2781]
 [   34     0   118     6     0    12    24    91     0   765]
 [   20    16     0 12217     0     5    40   895     0  1348]
 [    3     3     0    18     1     4    10    74     0  1650]
 [  119     0     2    49     0  1358    12   531     1  2320]
 [    6    15     1   194     0     5  6410   233     0  4225]
 [  170    22     7   566     0   154   185 10156     2 11026]
 [   22     1     0    55     0    16    18   429    54  1376]
 [  549    41     2   402     0   185  1134  2431     3 55270]]

Results of Validation Set

--------------------
Accuracy: 0.6135130120146588, F1 Score: 0.3205200500889096, Precision: 0.5266648593774151, Recall: 0.29424579586946453

              precision    recall  f1-score   support

           0       0.55      0.22      0.31      2797
           1       0.45      0.03      0.05      1370
           2       0.62      0.04      0.08       371
           3       0.84      0.77      0.80      4733
           4       0.00      0.00      0.00       600
           5       0.53      0.18      0.27      1417
           6       0.68      0.47      0.55      3795
           7       0.51      0.35      0.41      7454
           8       0.50      0.00      0.01       665
           9       0.60      0.88      0.71     19912

   micro avg       0.61      0.61      0.61     43114
   macro avg       0.53      0.29      0.32     43114
weighted avg       0.60      0.61      0.57     43114
 samples avg       0.61      0.61      0.61     43114


[[  615     1     2     7     0    47    10   165     0  1950]
 [    3    36     0    93     0     3    57   223     0   955]
 [   16     0    16     3     0     2    10    30     0   294]
 [    7    11     0  3667     0     4    31   369     0   644]
 [    4     0     0     2     0     3    10    47     0   534]
 [   60     0     1    14     0   260    11   237     0   834]
 [    9     2     1    80     0     2  1766    94     0  1841]
 [   97    13     3   274     0    62    84  2576     1  4344]
 [    6     0     0    23     0    10     6   150     3   467]
 [  297    17     3   224     0   100   623  1134     2 17512]]

Results of Test Set

--------------------
Accuracy: 0.611935798116621, F1 Score: 0.3173581754620941, Precision: 0.5304269714631216, Recall: 0.2916781587707251

              precision    recall  f1-score   support

           0       0.53      0.21      0.30      2795
           1       0.35      0.02      0.03      1321
           2       0.68      0.04      0.08       355
           3       0.84      0.79      0.81      4700
           4       0.00      0.00      0.00       585
           5       0.52      0.18      0.27      1504
           6       0.68      0.45      0.54      3669
           7       0.51      0.34      0.41      7506
           8       0.60      0.01      0.02       666
           9       0.60      0.88      0.71     20013

   micro avg       0.61      0.61      0.61     43114
   macro avg       0.53      0.29      0.32     43114
weighted avg       0.59      0.61      0.57     43114
 samples avg       0.61      0.61      0.61     43114


[[  593     1     1    11     0    51    11   170     0  1957]
 [    8    24     0    61     0     3    45   210     1   969]
 [   18     0    15     1     0     2    10    40     0   269]
 [   14     6     1  3695     0     0    24   368     0   592]
 [    3     1     0     4     0     0     7    35     0   535]
 [   53     3     1    17     0   273    11   216     0   930]
 [    3     6     1    71     0     5  1652   102     0  1829]
 [  100    15     1   296     0    84    64  2542     2  4402]
 [    6     1     0    22     0     7     5   151     6   468]
 [  326    11     2   223     0   102   598  1167     1 17583]]

