Title: Fully Connected - Words: 1000, Batch: 64, Epochs: 5, Outputs: 256

Results of Training Set

--------------------
Accuracy: 0.6803590481050239, F1 Score: 0.3983133263499765, Precision: 0.8198167198161441, Recall: 0.35371860975099756

              precision    recall  f1-score   support

           0       0.73      0.37      0.49      8263
           1       0.87      0.05      0.10      3968
           2       0.93      0.07      0.13      1050
           3       0.88      0.85      0.86     14541
           4       1.00      0.00      0.00      1763
           5       0.76      0.28      0.41      4392
           6       0.85      0.53      0.65     11089
           7       0.65      0.42      0.51     22288
           8       0.90      0.03      0.06      1971
           9       0.64      0.93      0.76     60017

   micro avg       0.68      0.68      0.68    129342
   macro avg       0.82      0.35      0.40    129342
weighted avg       0.71      0.68      0.64    129342
 samples avg       0.68      0.68      0.68    129342


[[ 3088     1     0    13     0    65     8   371     0  4717]
 [   17   214     0   193     0    11    92   581     0  2860]
 [   34     1    76     7     0     8    18    81     0   825]
 [   23    10     0 12302     0     6    42   737     0  1421]
 [    8     0     0    24     3     2    11    49     0  1666]
 [  198     0     0    60     0  1230    15   447     1  2441]
 [    7     7     1   216     0     3  5839   209     0  4807]
 [  236     9     4   676     0   124   125  9335     5 11774]
 [   26     0     0    71     0    20    13   385    66  1390]
 [  614     4     1   438     0   152   695  2266     1 55846]]

Results of Validation Set

--------------------
Accuracy: 0.6124692675233103, F1 Score: 0.3141862882567845, Precision: 0.5769244167185134, Recall: 0.2878678003740089

              precision    recall  f1-score   support

           0       0.53      0.23      0.32      2797
           1       0.68      0.02      0.04      1370
           2       0.86      0.03      0.06       371
           3       0.83      0.79      0.81      4733
           4       0.00      0.00      0.00       600
           5       0.53      0.17      0.26      1417
           6       0.72      0.41      0.52      3795
           7       0.53      0.33      0.41      7454
           8       0.50      0.01      0.01       665
           9       0.59      0.89      0.71     19912

   micro avg       0.61      0.61      0.61     43114
   macro avg       0.58      0.29      0.31     43114
weighted avg       0.61      0.61      0.56     43114
 samples avg       0.61      0.61      0.61     43114


[[  649     0     0     5     0    40     4   153     0  1946]
 [    1    28     0   102     0     4    43   204     1   987]
 [   16     0    12     2     0     1     8    24     0   308]
 [   10     2     0  3720     0     1    25   311     0   664]
 [    4     0     0     6     0     2     3    32     0   553]
 [   75     0     0    15     0   242     8   174     0   903]
 [   11     2     1    87     0     2  1546    74     0  2072]
 [  103     3     1   301     0    63    57  2490     2  4434]
 [   10     0     0    23     0    12     2   142     4   472]
 [  349     6     0   219     0    90   452  1080     1 17715]]

Results of Test Set

--------------------
Accuracy: 0.6120981583708308, F1 Score: 0.3141052379129004, Precision: 0.5757672215878943, Recall: 0.287574802369056

              precision    recall  f1-score   support

           0       0.51      0.23      0.32      2795
           1       0.57      0.02      0.03      1321
           2       0.80      0.03      0.06       355
           3       0.83      0.79      0.81      4700
           4       0.00      0.00      0.00       585
           5       0.55      0.16      0.25      1504
           6       0.71      0.41      0.52      3669
           7       0.53      0.33      0.40      7506
           8       0.67      0.02      0.04       666
           9       0.59      0.89      0.71     20013

   micro avg       0.61      0.61      0.61     43114
   macro avg       0.58      0.29      0.31     43114
weighted avg       0.60      0.61      0.56     43114
 samples avg       0.61      0.61      0.61     43114


[[  653     0     0     6     0    38     7   162     0  1929]
 [    9    21     0    71     0     3    31   200     2   984]
 [   21     0    12     4     0     2     8    29     0   279]
 [    6     3     1  3728     0     0    22   329     1   610]
 [    6     0     0     5     0     0     5    25     0   544]
 [   77     0     0    19     0   240    10   145     0  1013]
 [    6     1     0    73     0     2  1490    86     0  2011]
 [  119     9     2   336     0    63    42  2456     2  4477]
 [    9     0     0    23     0     8     2   153    12   459]
 [  374     3     0   225     0    78   474  1080     1 17778]]

