Title: Fully Connected - Words: 1000, Batch: 128, Epochs: 5, Outputs: 256

Results of Training Set

--------------------
Accuracy: 0.6710658564116837, F1 Score: 0.38221254449546666, Precision: 0.6980965040855469, Recall: 0.3419973197106515

              precision    recall  f1-score   support

           0       0.69      0.39      0.50      8263
           1       0.84      0.03      0.07      3968
           2       0.87      0.06      0.11      1050
           3       0.89      0.82      0.85     14541
           4       0.00      0.00      0.00      1763
           5       0.77      0.24      0.37      4392
           6       0.81      0.53      0.64     11089
           7       0.64      0.39      0.49     22288
           8       0.84      0.03      0.06      1971
           9       0.63      0.93      0.75     60017

   micro avg       0.67      0.67      0.67    129342
   macro avg       0.70      0.34      0.38    129342
weighted avg       0.69      0.67      0.63    129342
 samples avg       0.67      0.67      0.67    129342


[[ 3191     0     1     8     0    62    14   340     1  4646]
 [   21   136     0   185     0     9   124   542     1  2950]
 [   42     0    60     7     0     7    22    87     0   825]
 [   28     4     0 11931     0     7    52   874     1  1644]
 [   17     0     0    18     0     3    12    75     0  1638]
 [  217     3     1    53     0  1056    13   497     2  2550]
 [    6     3     1   202     0     1  5886   193     0  4797]
 [  274     9     5   610     0    86   169  8735     5 12395]
 [   46     0     0    66     0    19    17   330    59  1434]
 [  776     6     1   388     0   125   927  2050     1 55743]]

Results of Validation Set

--------------------
Accuracy: 0.6123532959131605, F1 Score: 0.31415486177557495, Precision: 0.5364158120065096, Recall: 0.28810983613334207

              precision    recall  f1-score   support

           0       0.51      0.26      0.34      2797
           1       0.43      0.01      0.02      1370
           2       0.81      0.04      0.07       371
           3       0.84      0.77      0.80      4733
           4       0.00      0.00      0.00       600
           5       0.57      0.15      0.24      1417
           6       0.71      0.44      0.54      3795
           7       0.53      0.32      0.40      7454
           8       0.37      0.01      0.02       665
           9       0.59      0.89      0.71     19912

   micro avg       0.61      0.61      0.61     43114
   macro avg       0.54      0.29      0.31     43114
weighted avg       0.60      0.61      0.56     43114
 samples avg       0.61      0.61      0.61     43114


[[  716     0     1     6     0    32     9   137     0  1896]
 [    5    13     0    84     0     2    43   208     1  1014]
 [   15     0    13     2     0     1     7    25     0   308]
 [    9     3     0  3637     0     3    34   372     1   674]
 [    6     0     0     3     0     0     3    38     0   550]
 [   73     0     1    13     0   216     6   188     0   920]
 [   12     1     0    83     0     2  1664    65     0  1968]
 [  141     6     1   256     0    53    54  2377     5  4561]
 [   13     0     0    24     0     8     4   128     7   481]
 [  415     7     0   208     0    64   520   935     5 17758]]

Results of Test Set

--------------------
Accuracy: 0.609894697777984, F1 Score: 0.30901351263062604, Precision: 0.5449779043617254, Recall: 0.284167047812468

              precision    recall  f1-score   support

           0       0.49      0.25      0.33      2795
           1       0.60      0.01      0.03      1321
           2       0.62      0.02      0.04       355
           3       0.85      0.77      0.81      4700
           4       0.00      0.00      0.00       585
           5       0.54      0.14      0.22      1504
           6       0.70      0.43      0.53      3669
           7       0.52      0.31      0.39      7506
           8       0.55      0.02      0.03       666
           9       0.59      0.89      0.71     20013

   micro avg       0.61      0.61      0.61     43114
   macro avg       0.54      0.28      0.31     43114
weighted avg       0.60      0.61      0.56     43114
 samples avg       0.61      0.61      0.61     43114


[[  698     0     0     5     0    37     6   139     0  1910]
 [   10    18     0    63     0     1    40   190     1   998]
 [   25     0     8     4     0     4    10    37     0   267]
 [   12     3     1  3625     0     0    25   374     1   659]
 [    8     0     0     5     0     0     6    29     0   537]
 [   88     1     1    16     0   209    15   172     1  1001]
 [    7     2     0    69     0     2  1571    80     0  1938]
 [  143     3     0   288     0    52    50  2327     3  4640]
 [    7     1     0    18     0     8     5   133    11   483]
 [  427     2     3   189     0    75   530   956     3 17828]]

