Title: Fully Connected - Words: 1000, Batch: 32, Epochs: 5, Outputs: 512

Results of Training Set

--------------------
Accuracy: 0.7386077221629478, F1 Score: 0.5089473489932737, Precision: 0.8632924615892479, Recall: 0.4399978951308013

              precision    recall  f1-score   support

           0       0.86      0.51      0.64      8263
           1       0.87      0.16      0.26      3968
           2       0.95      0.17      0.29      1050
           3       0.93      0.86      0.89     14541
           4       1.00      0.05      0.09      1763
           5       0.80      0.44      0.56      4392
           6       0.90      0.62      0.74     11089
           7       0.72      0.53      0.61     22288
           8       0.92      0.11      0.20      1971
           9       0.69      0.95      0.80     60017

   micro avg       0.74      0.74      0.74    129342
   macro avg       0.86      0.44      0.51    129342
weighted avg       0.77      0.74      0.71    129342
 samples avg       0.74      0.74      0.74    129342


[[ 4195     1     0     3     0    80     4   366     2  3612]
 [   15   616     1   136     0    21    77   574     0  2528]
 [   27     0   183     5     0    10    17    95     0   713]
 [   13    10     0 12524     0    11    26   750     0  1207]
 [    5     3     0    22    81     4     8    84     0  1556]
 [  100     3     0    41     0  1915     8   468     4  1853]
 [    4    16     1   158     0     2  6889   235     0  3784]
 [  162    28     5   348     0   152   103 11896     7  9587]
 [   26     0     0    59     0    31    10   339   226  1280]
 [  305    30     3   242     0   181   505  1737     6 57008]]

Results of Validation Set

--------------------
Accuracy: 0.6154381407431461, F1 Score: 0.33672672860458236, Precision: 0.6211173023907166, Recall: 0.3026241025844916

              precision    recall  f1-score   support

           0       0.56      0.25      0.35      2797
           1       0.47      0.05      0.08      1370
           2       0.92      0.06      0.11       371
           3       0.85      0.76      0.80      4733
           4       0.50      0.00      0.00       600
           5       0.52      0.21      0.30      1417
           6       0.70      0.42      0.53      3795
           7       0.52      0.36      0.42      7454
           8       0.58      0.03      0.05       665
           9       0.60      0.88      0.71     19912

   micro avg       0.62      0.62      0.62     43114
   macro avg       0.62      0.30      0.34     43114
weighted avg       0.61      0.62      0.57     43114
 samples avg       0.62      0.62      0.62     43114


[[  712     1     0    10     0    55     8   173     0  1838]
 [    5    62     0    84     0     2    47   219     0   951]
 [   17     0    22     2     0     2     7    31     0   290]
 [    9    12     0  3615     0     3    30   381     1   682]
 [    6     0     0     2     1     1     7    49     0   534]
 [   66     1     0    16     0   302     7   210     1   814]
 [   11     4     1    77     0     2  1608   106     0  1986]
 [  106    21     0   235     0    79    68  2664     4  4277]
 [    8     0     0    22     0    18     4   135    18   460]
 [  336    31     1   213     1   115   495  1183     7 17530]]

Results of Test Set

--------------------
Accuracy: 0.6145103678619473, F1 Score: 0.33164982564346895, Precision: 0.5367983648897516, Recall: 0.2990049599393405

              precision    recall  f1-score   support

           0       0.53      0.25      0.34      2795
           1       0.39      0.03      0.06      1321
           2       0.68      0.05      0.09       355
           3       0.85      0.77      0.81      4700
           4       0.00      0.00      0.00       585
           5       0.54      0.21      0.30      1504
           6       0.71      0.42      0.52      3669
           7       0.51      0.35      0.42      7506
           8       0.57      0.04      0.07       666
           9       0.60      0.88      0.71     20013

   micro avg       0.61      0.61      0.61     43114
   macro avg       0.54      0.30      0.33     43114
weighted avg       0.60      0.61      0.57     43114
 samples avg       0.61      0.61      0.61     43114


[[  691     3     0     6     0    51    10   177     2  1855]
 [    8    43     1    61     0     4    38   200     2   964]
 [   18     0    17     3     0     5    13    40     0   259]
 [   12     8     1  3609     0     0    19   404     1   646]
 [    4     1     0     7     0     3     4    34     0   532]
 [   78     2     0    20     0   312     6   207     2   877]
 [    8    12     0    74     0     1  1523   113     0  1938]
 [  129    12     1   267     1    79    45  2659     7  4306]
 [    5     2     0    23     0    12     2   143    25   454]
 [  345    28     5   186     0   115   498  1216     5 17615]]

