Title: Fully Connected - Words: 1000, Batch: 64, Epochs: 5, Outputs: 512

Results of Training Set

--------------------
Accuracy: 0.7382520758918217, F1 Score: 0.5056248239458647, Precision: 0.8398874524987209, Recall: 0.4447059015427287

              precision    recall  f1-score   support

           0       0.80      0.55      0.65      8263
           1       0.86      0.15      0.26      3968
           2       0.89      0.20      0.33      1050
           3       0.91      0.87      0.89     14541
           4       1.00      0.02      0.04      1763
           5       0.77      0.42      0.54      4392
           6       0.87      0.65      0.75     11089
           7       0.70      0.55      0.62     22288
           8       0.90      0.10      0.19      1971
           9       0.69      0.93      0.80     60017

   micro avg       0.74      0.74      0.74    129342
   macro avg       0.84      0.44      0.51    129342
weighted avg       0.76      0.74      0.71    129342
 samples avg       0.74      0.74      0.74    129342


[[ 4550     1     1     5     0    82    22   392     1  3209]
 [   25   598     1   156     0    20   103   580     0  2485]
 [   52     0   213     6     0     7    22   112     1   637]
 [   27    15     0 12632     0     7    40   638     1  1181]
 [   11     3     0    16    40     5    15    94     0  1579]
 [  189     3     3    44     0  1825    18   524     8  1778]
 [    9    19     2   150     0     7  7238   252     0  3412]
 [  254    23    11   444     0   149   149 12181     6  9071]
 [   30     2     0    61     0    35    13   376   204  1250]
 [  559    32     9   296     0   232   711  2167     5 56006]]

Results of Validation Set

--------------------
Accuracy: 0.618291042352832, F1 Score: 0.34467871747742374, Precision: 0.5289156786633529, Recall: 0.3135976565722772

              precision    recall  f1-score   support

           0       0.52      0.30      0.38      2797
           1       0.48      0.04      0.08      1370
           2       0.51      0.06      0.11       371
           3       0.84      0.77      0.80      4733
           4       0.00      0.00      0.00       600
           5       0.52      0.22      0.31      1417
           6       0.67      0.46      0.55      3795
           7       0.51      0.38      0.44      7454
           8       0.62      0.03      0.06       665
           9       0.61      0.86      0.71     19912

   micro avg       0.62      0.62      0.62     43114
   macro avg       0.53      0.31      0.34     43114
weighted avg       0.60      0.62      0.58     43114
 samples avg       0.62      0.62      0.62     43114


[[  837     0     3     6     0    49    19   190     0  1693]
 [    3    61     0    87     0     7    55   238     0   919]
 [   24     0    24     2     0     7    14    29     0   271]
 [   14    10     1  3660     0     5    41   364     1   637]
 [    6     1     0     7     0     2     6    52     0   526]
 [   92     0     4    15     0   317    12   235     1   741]
 [   15     3     2    79     0     1  1738   103     0  1854]
 [  142    21     5   274     0    89    85  2836     6  3996]
 [    8     0     0    26     0    17     6   160    20   428]
 [  462    31     8   205     0   120   603  1315     4 17164]]

Results of Test Set

--------------------
Accuracy: 0.6173632694716333, F1 Score: 0.3421903438928041, Precision: 0.6132730506218502, Recall: 0.3120180868229623

              precision    recall  f1-score   support

           0       0.50      0.30      0.37      2795
           1       0.41      0.03      0.06      1321
           2       0.46      0.06      0.11       355
           3       0.85      0.78      0.81      4700
           4       1.00      0.00      0.00       585
           5       0.52      0.21      0.30      1504
           6       0.68      0.46      0.55      3669
           7       0.51      0.38      0.43      7506
           8       0.61      0.03      0.07       666
           9       0.61      0.86      0.71     20013

   micro avg       0.62      0.62      0.62     43114
   macro avg       0.61      0.31      0.34     43114
weighted avg       0.61      0.62      0.58     43114
 samples avg       0.62      0.62      0.62     43114


[[  830     2     4     4     0    57    16   205     0  1677]
 [   15    42     0    65     0     3    46   222     0   928]
 [   29     2    23     3     0     6    12    38     0   242]
 [   18    12     2  3675     0     3    31   347     1   611]
 [    7     0     0     7     1     0     9    46     0   515]
 [   98     2     2    16     0   321    13   223     3   826]
 [    8     5     1    72     0     2  1686   122     0  1773]
 [  166    11     3   280     0    88    75  2827     4  4052]
 [   15     2     0    24     0    16     3   153    23   430]
 [  461    25    15   196     0   124   603  1393     7 17189]]

