Title: Fully Connected - Words: 1000, Batch: 128, Epochs: 5, Outputs: 512

Results of Training Set

--------------------
Accuracy: 0.7150422909805013, F1 Score: 0.4565558552972173, Precision: 0.8411264461558643, Recall: 0.39955800425800836

              precision    recall  f1-score   support

           0       0.82      0.45      0.58      8263
           1       0.89      0.10      0.18      3968
           2       0.89      0.12      0.21      1050
           3       0.89      0.87      0.88     14541
           4       1.00      0.01      0.02      1763
           5       0.80      0.33      0.47      4392
           6       0.87      0.61      0.71     11089
           7       0.71      0.46      0.56     22288
           8       0.87      0.09      0.17      1971
           9       0.66      0.95      0.78     60017

   micro avg       0.72      0.72      0.72    129342
   macro avg       0.84      0.40      0.46    129342
weighted avg       0.75      0.72      0.68    129342
 samples avg       0.72      0.72      0.72    129342


[[ 3743     0     2     7     0    54    10   283     3  4161]
 [   19   389     1   198     0    11   125   532     0  2693]
 [   29     0   124     9     0     5    24    99     1   759]
 [   22     8     1 12710     0     8    35   537     3  1217]
 [    8     3     0    24    17     3    11    88     1  1608]
 [  135     0     2    67     0  1445    13   425     3  2302]
 [    5     8     1   182     0     1  6751   218     0  3923]
 [  179    13     5   637     0    89   160 10343     9 10853]
 [   34     1     0    79     0    25    15   287   187  1343]
 [  389    14     3   345     0   160   652  1670     8 56776]]

Results of Validation Set

--------------------
Accuracy: 0.6186389571832815, F1 Score: 0.32968213929105, Precision: 0.5552635728139718, Recall: 0.29973189449496834

              precision    recall  f1-score   support

           0       0.54      0.24      0.34      2797
           1       0.66      0.03      0.06      1370
           2       0.71      0.05      0.09       371
           3       0.82      0.79      0.81      4733
           4       0.00      0.00      0.00       600
           5       0.57      0.19      0.28      1417
           6       0.70      0.44      0.54      3795
           7       0.55      0.33      0.42      7454
           8       0.40      0.03      0.05       665
           9       0.60      0.89      0.71     19912

   micro avg       0.62      0.62      0.62     43114
   macro avg       0.56      0.30      0.33     43114
weighted avg       0.61      0.62      0.57     43114
 samples avg       0.62      0.62      0.62     43114


[[  685     0     1    10     0    32     9   136     0  1924]
 [    7    44     0   100     0     7    54   199     1   958]
 [   13     0    17     2     0     0     8    34     0   297]
 [    8     4     0  3748     0     3    25   287     4   654]
 [    4     0     0     3     0     0     5    35     0   553]
 [   66     0     3    18     0   267    14   178     1   870]
 [   10     2     1    85     0     1  1687    77     0  1932]
 [  119     6     1   309     0    54    78  2493     9  4385]
 [    6     0     0    27     0    14     6   132    17   463]
 [  342    11     1   242     1    89   529   973    10 17714]]

Results of Test Set

--------------------
Accuracy: 0.6160411931159252, F1 Score: 0.32545079178690295, Precision: 0.5256385301850708, Recall: 0.29700837471274466

              precision    recall  f1-score   support

           0       0.52      0.24      0.33      2795
           1       0.51      0.03      0.05      1321
           2       0.62      0.05      0.08       355
           3       0.82      0.80      0.81      4700
           4       0.00      0.00      0.00       585
           5       0.56      0.18      0.27      1504
           6       0.70      0.44      0.54      3669
           7       0.53      0.32      0.40      7506
           8       0.40      0.03      0.05       666
           9       0.60      0.89      0.71     20013

   micro avg       0.62      0.62      0.62     43114
   macro avg       0.53      0.30      0.33     43114
weighted avg       0.60      0.62      0.57     43114
 samples avg       0.62      0.62      0.62     43114


[[  681     2     1     5     0    41    10   154     1  1900]
 [   12    37     0    78     0     2    45   195     3   949]
 [   18     0    16     3     0     3    12    35     0   268]
 [   10     6     1  3770     0     2    21   286     3   601]
 [    4     0     0     4     0     2     4    28     0   543]
 [   66     1     2    16     0   271     9   180     4   955]
 [    5     4     0    75     0     2  1605    98     0  1880]
 [  131    13     1   362     0    60    60  2409     9  4461]
 [   10     1     0    23     0     9     5   134    17   467]
 [  364     8     5   235     0    94   524  1023     6 17754]]

