Title: Fully Connected - Words: 1000, Batch: 32, Epochs: 6, Outputs: 10

Results of Training Set

--------------------
Accuracy: 0.5912309999845371, F1 Score: 0.2245954248111139, Precision: 0.4366172044580857, Recall: 0.22214025125973197

              precision    recall  f1-score   support

           0       1.00      0.00      0.00      8263
           1       0.00      0.00      0.00      3968
           2       0.00      0.00      0.00      1050
           3       0.86      0.75      0.80     14541
           4       0.00      0.00      0.00      1763
           5       0.56      0.00      0.00      4392
           6       0.81      0.32      0.46     11089
           7       0.59      0.18      0.28     22288
           8       0.00      0.00      0.00      1971
           9       0.55      0.97      0.70     60017

   micro avg       0.59      0.59      0.59    129342
   macro avg       0.44      0.22      0.22    129342
weighted avg       0.61      0.59      0.50    129342
 samples avg       0.59      0.59      0.59    129342


[[    1     0     0     3     0     6     1    36     0  8216]
 [    0     0     0   188     0     0    49   286     0  3445]
 [    0     0     0     6     0     0    14    29     0  1001]
 [    0     0     0 10897     0     0    44   934     0  2666]
 [    0     0     0    11     0     0     3    24     0  1725]
 [    0     0     0    38     0    10     6   195     0  4143]
 [    0     0     0   220     0     0  3585   104     0  7180]
 [    0     0     0   760     0     2    79  4029     0 17418]
 [    0     0     0    60     0     0     6   199     0  1706]
 [    0     0     0   438     0     0   665   965     0 57949]]

Results of Validation Set

--------------------
Accuracy: 0.5827805353249524, F1 Score: 0.22059000710188284, Precision: 0.44180751348749003, Recall: 0.2190117535352712

              precision    recall  f1-score   support

           0       1.00      0.00      0.00      2797
           1       0.00      0.00      0.00      1370
           2       0.00      0.00      0.00       371
           3       0.85      0.74      0.79      4733
           4       0.00      0.00      0.00       600
           5       0.67      0.00      0.01      1417
           6       0.79      0.32      0.45      3795
           7       0.57      0.17      0.26      7454
           8       0.00      0.00      0.00       665
           9       0.54      0.96      0.69     19912

   micro avg       0.58      0.58      0.58     43114
   macro avg       0.44      0.22      0.22     43114
weighted avg       0.60      0.58      0.49     43114
 samples avg       0.58      0.58      0.58     43114


[[    2     0     0     3     0     1     0    17     0  2774]
 [    0     0     0    78     0     0    17    95     0  1180]
 [    0     0     0     0     0     0     4     7     0   360]
 [    0     0     0  3481     0     0    20   311     0   921]
 [    0     0     0     2     0     0     0    16     0   582]
 [    0     0     0    11     0     4     2    75     0  1325]
 [    0     0     0    82     0     0  1209    36     0  2468]
 [    0     0     0   257     0     1    25  1269     0  5902]
 [    0     0     0    19     0     0     1    70     0   575]
 [    0     0     0   168     0     0   256   327     0 19161]]

Results of Test Set

--------------------
Accuracy: 0.5821774829521733, F1 Score: 0.21861109690040625, Precision: 0.30599011021858497, Recall: 0.21786576001717645

              precision    recall  f1-score   support

           0       0.00      0.00      0.00      2795
           1       0.00      0.00      0.00      1321
           2       0.00      0.00      0.00       355
           3       0.85      0.74      0.79      4700
           4       0.00      0.00      0.00       585
           5       0.33      0.00      0.00      1504
           6       0.77      0.31      0.44      3669
           7       0.56      0.16      0.25      7506
           8       0.00      0.00      0.00       666
           9       0.54      0.96      0.70     20013

   micro avg       0.58      0.58      0.58     43114
   macro avg       0.31      0.22      0.22     43114
weighted avg       0.52      0.58      0.49     43114
 samples avg       0.58      0.58      0.58     43114


[[    0     0     0     1     0     2     1    18     0  2773]
 [    0     0     0    58     0     0    16   105     0  1142]
 [    0     0     0     3     0     0     4     7     0   341]
 [    0     0     0  3490     0     0    20   305     0   885]
 [    0     0     0     3     0     0     4    15     0   563]
 [    0     0     0    13     0     3     7    61     0  1420]
 [    0     0     0    69     0     1  1135    32     0  2432]
 [    0     0     0   286     0     2    24  1223     0  5971]
 [    0     0     0    16     0     0     1    66     0   583]
 [    0     0     0   160     0     1   270   333     0 19249]]

