Title: Fully Connected - Words: 1000, Batch: 64, Epochs: 6, Outputs: 10

Results of Training Set

--------------------
Accuracy: 0.5874889826970358, F1 Score: 0.21737498462592586, Precision: 0.36215864859363955, Recall: 0.2161112054404351

              precision    recall  f1-score   support

           0       0.80      0.00      0.00      8263
           1       0.00      0.00      0.00      3968
           2       0.00      0.00      0.00      1050
           3       0.86      0.75      0.80     14541
           4       0.00      0.00      0.00      1763
           5       0.00      0.00      0.00      4392
           6       0.82      0.25      0.38     11089
           7       0.59      0.19      0.29     22288
           8       0.00      0.00      0.00      1971
           9       0.55      0.97      0.70     60017

   micro avg       0.59      0.59      0.59    129342
   macro avg       0.36      0.22      0.22    129342
weighted avg       0.57      0.59      0.50    129342
 samples avg       0.59      0.59      0.59    129342


[[    4     0     0     4     0     0     1   116     0  8138]
 [    0     0     0   171     0     0    21   290     0  3486]
 [    0     0     0     4     0     0     7    23     0  1016]
 [    0     0     0 10971     0     0    26   877     0  2667]
 [    0     0     0    14     0     0     4    17     0  1728]
 [    0     0     0    43     0     0     5   153     0  4191]
 [    0     0     0   213     0     0  2781   108     0  7987]
 [    0     0     0   833     0     0    42  4200     0 17213]
 [    0     0     0    59     0     0     4   248     0  1660]
 [    1     0     0   441     0     0   495  1049     0 58031]]

Results of Validation Set

--------------------
Accuracy: 0.5782344482070789, F1 Score: 0.21262345041382025, Precision: 0.3748509959678883, Recall: 0.2125953343414005

              precision    recall  f1-score   support

           0       1.00      0.00      0.00      2797
           1       0.00      0.00      0.00      1370
           2       0.00      0.00      0.00       371
           3       0.84      0.74      0.79      4733
           4       0.00      0.00      0.00       600
           5       0.00      0.00      0.00      1417
           6       0.80      0.25      0.38      3795
           7       0.57      0.18      0.27      7454
           8       0.00      0.00      0.00       665
           9       0.54      0.96      0.69     19912

   micro avg       0.58      0.58      0.58     43114
   macro avg       0.37      0.21      0.21     43114
weighted avg       0.58      0.58      0.49     43114
 samples avg       0.58      0.58      0.58     43114


[[    1     0     0     4     0     0     0    40     0  2752]
 [    0     0     0    72     0     0    13    97     0  1188]
 [    0     0     0     0     0     0     2     7     0   362]
 [    0     0     0  3505     0     0     9   305     0   914]
 [    0     0     0     3     0     0     0    12     0   585]
 [    0     0     0    12     0     0     0    64     0  1341]
 [    0     0     0    76     0     0   933    29     0  2757]
 [    0     0     0   296     0     0    16  1312     0  5830]
 [    0     0     0    19     0     0     1    86     0   559]
 [    0     0     0   172     0     0   193   368     0 19179]]

Results of Test Set

--------------------
Accuracy: 0.5796261075288769, F1 Score: 0.21220673796734862, Precision: 0.3255055807331967, Recall: 0.2124493112358305

              precision    recall  f1-score   support

           0       0.50      0.00      0.00      2795
           1       0.00      0.00      0.00      1321
           2       0.00      0.00      0.00       355
           3       0.85      0.75      0.79      4700
           4       0.00      0.00      0.00       585
           5       0.00      0.00      0.00      1504
           6       0.81      0.24      0.38      3669
           7       0.56      0.17      0.26      7506
           8       0.00      0.00      0.00       666
           9       0.54      0.97      0.69     20013

   micro avg       0.58      0.58      0.58     43114
   macro avg       0.33      0.21      0.21     43114
weighted avg       0.54      0.58      0.49     43114
 samples avg       0.58      0.58      0.58     43114


[[    1     0     0     3     0     0     0    40     0  2751]
 [    0     0     0    50     0     0     9   103     0  1159]
 [    0     0     0     3     0     0     4     6     0   342]
 [    0     0     0  3508     0     0    10   298     0   884]
 [    0     0     0     5     0     0     2    11     0   567]
 [    0     0     0    15     0     0     3    59     0  1427]
 [    0     0     0    68     0     0   897    35     0  2669]
 [    1     0     0   310     0     0    17  1258     0  5920]
 [    0     0     0    18     0     0     1    84     0   563]
 [    0     0     0   164     0     0   170   353     0 19326]]

