Title: Fully Connected - Words: 1000, Batch: 128, Epochs: 6, Outputs: 10

Results of Training Set

--------------------
Accuracy: 0.5943854277806127, F1 Score: 0.22812323524116834, Precision: 0.33476633082425156, Recall: 0.22579740474277948

              precision    recall  f1-score   support

           0       0.54      0.00      0.00      8263
           1       0.00      0.00      0.00      3968
           2       0.00      0.00      0.00      1050
           3       0.86      0.77      0.81     14541
           4       0.00      0.00      0.00      1763
           5       0.00      0.00      0.00      4392
           6       0.80      0.33      0.47     11089
           7       0.60      0.20      0.30     22288
           8       0.00      0.00      0.00      1971
           9       0.55      0.96      0.70     60017

   micro avg       0.59      0.59      0.59    129342
   macro avg       0.33      0.23      0.23    129342
weighted avg       0.56      0.59      0.51    129342
 samples avg       0.59      0.59      0.59    129342


[[   20     0     0     6     0     0     4    88     0  8145]
 [    1     0     0   183     0     0    44   282     0  3458]
 [    1     0     0     6     0     0    11    31     0  1001]
 [    0     0     0 11127     0     0    33   837     0  2544]
 [    0     0     0    14     0     0     5    31     0  1713]
 [   11     0     0    51     0     0     5   241     0  4084]
 [    0     0     0   222     0     0  3676   105     0  7086]
 [    1     0     0   827     0     0    79  4427     0 16954]
 [    0     0     0    63     0     0     5   223     0  1680]
 [    3     0     0   513     0     0   717  1155     0 57629]]

Results of Validation Set

--------------------
Accuracy: 0.5847056640534397, F1 Score: 0.22328371046873868, Precision: 0.3337565137499108, Recall: 0.22189868802998397

              precision    recall  f1-score   support

           0       0.60      0.00      0.01      2797
           1       0.00      0.00      0.00      1370
           2       0.00      0.00      0.00       371
           3       0.84      0.75      0.79      4733
           4       0.00      0.00      0.00       600
           5       0.00      0.00      0.00      1417
           6       0.78      0.32      0.46      3795
           7       0.57      0.19      0.28      7454
           8       0.00      0.00      0.00       665
           9       0.55      0.96      0.69     19912

   micro avg       0.58      0.58      0.58     43114
   macro avg       0.33      0.22      0.22     43114
weighted avg       0.55      0.58      0.50     43114
 samples avg       0.58      0.58      0.58     43114


[[    9     0     0     3     0     0     1    37     0  2747]
 [    0     0     0    72     0     0    21   107     0  1170]
 [    0     0     0     0     0     0     3     5     0   363]
 [    0     0     0  3551     0     0    16   277     0   889]
 [    0     0     0     3     0     0     0    11     0   586]
 [    2     0     0    13     0     0     2    84     0  1316]
 [    0     0     0    80     0     0  1223    32     0  2460]
 [    0     0     0   284     0     1    21  1399     0  5749]
 [    0     0     0    19     0     0     1    93     0   552]
 [    4     0     0   196     0     0   282   403     0 19027]]

Results of Test Set

--------------------
Accuracy: 0.5848216356635896, F1 Score: 0.22198465921355875, Precision: 0.3224570728081302, Recall: 0.22112365958608443

              precision    recall  f1-score   support

           0       0.50      0.00      0.00      2795
           1       0.00      0.00      0.00      1321
           2       0.00      0.00      0.00       355
           3       0.84      0.75      0.80      4700
           4       0.00      0.00      0.00       585
           5       0.00      0.00      0.00      1504
           6       0.77      0.32      0.45      3669
           7       0.56      0.18      0.27      7506
           8       0.00      0.00      0.00       666
           9       0.55      0.96      0.70     20013

   micro avg       0.58      0.58      0.58     43114
   macro avg       0.32      0.22      0.22     43114
weighted avg       0.54      0.58      0.50     43114
 samples avg       0.58      0.58      0.58     43114


[[    4     0     0     3     0     0     1    28     0  2759]
 [    0     0     0    53     0     0    17   104     0  1147]
 [    0     0     0     4     0     0     4     7     0   340]
 [    0     0     0  3536     0     0    16   294     0   854]
 [    0     0     0     3     0     0     3    15     0   564]
 [    3     0     0    15     0     0     6    72     0  1408]
 [    0     0     0    71     0     0  1180    31     0  2387]
 [    1     0     0   311     0     0    22  1343     0  5829]
 [    0     0     0    17     0     0     1    85     0   563]
 [    0     0     0   177     0     0   284   401     0 19151]]

