Title: Fully Connected - Words: 1000, Batch: 32, Epochs: 6, Outputs: 16

Results of Training Set

--------------------
Accuracy: 0.5999520650678047, F1 Score: 0.24200092631629105, Precision: 0.5129113483944857, Recall: 0.23490725283695052

              precision    recall  f1-score   support

           0       0.62      0.04      0.07      8263
           1       1.00      0.00      0.00      3968
           2       0.00      0.00      0.00      1050
           3       0.84      0.78      0.81     14541
           4       0.00      0.00      0.00      1763
           5       0.71      0.03      0.05      4392
           6       0.82      0.34      0.48     11089
           7       0.59      0.20      0.30     22288
           8       0.00      0.00      0.00      1971
           9       0.56      0.96      0.71     60017

   micro avg       0.60      0.60      0.60    129342
   macro avg       0.51      0.23      0.24    129342
weighted avg       0.62      0.60      0.52    129342
 samples avg       0.60      0.60      0.60    129342


[[  298     0     0     7     0    16     1   111     0  7830]
 [    3     2     0   225     0     0    31   323     0  3384]
 [    6     0     0     9     0     1    13    36     0   985]
 [    1     0     0 11414     0     2    27   751     0  2346]
 [    0     0     0    17     0     0     4    26     0  1716]
 [   49     0     0    58     0   110     3   294     0  3878]
 [    1     0     0   232     0     0  3798   113     0  6945]
 [   29     0     0   971     0    12    82  4515     0 16679]
 [    2     0     0    68     0     0     6   261     0  1634]
 [   95     0     0   549     0    15   689  1207     0 57462]]

Results of Validation Set

--------------------
Accuracy: 0.5884863385443243, F1 Score: 0.23438693269602412, Precision: 0.3830643079657458, Recall: 0.22924940110491637

              precision    recall  f1-score   support

           0       0.63      0.04      0.07      2797
           1       0.00      0.00      0.00      1370
           2       0.00      0.00      0.00       371
           3       0.82      0.77      0.79      4733
           4       0.00      0.00      0.00       600
           5       0.48      0.02      0.03      1417
           6       0.78      0.33      0.46      3795
           7       0.57      0.19      0.28      7454
           8       0.00      0.00      0.00       665
           9       0.55      0.95      0.70     19912

   micro avg       0.59      0.59      0.59     43114
   macro avg       0.38      0.23      0.23     43114
weighted avg       0.57      0.59      0.51     43114
 samples avg       0.59      0.59      0.59     43114


[[  111     0     0     4     0     8     1    31     0  2642]
 [    1     0     0    92     0     0    20   117     0  1140]
 [    0     0     0     1     0     1     4     8     0   357]
 [    1     0     0  3633     0     0    16   257     0   826]
 [    0     0     0     4     0     0     0    15     0   581]
 [   18     0     0    18     0    23     1    95     0  1262]
 [    0     0     0    83     0     0  1243    34     0  2435]
 [    9     0     0   343     0     8    24  1416     0  5654]
 [    2     0     0    25     0     1     1    93     0   543]
 [   34     0     0   215     0     7   286   424     0 18946]]

Results of Test Set

--------------------
Accuracy: 0.5889734193069537, F1 Score: 0.2328098583454091, Precision: 0.3738760224150037, Recall: 0.22862106890441938

              precision    recall  f1-score   support

           0       0.47      0.03      0.06      2795
           1       0.00      0.00      0.00      1321
           2       0.00      0.00      0.00       355
           3       0.83      0.77      0.80      4700
           4       0.00      0.00      0.00       585
           5       0.55      0.02      0.03      1504
           6       0.77      0.33      0.46      3669
           7       0.56      0.18      0.27      7506
           8       0.00      0.00      0.00       666
           9       0.55      0.95      0.70     20013

   micro avg       0.59      0.59      0.59     43114
   macro avg       0.37      0.23      0.23     43114
weighted avg       0.56      0.59      0.50     43114
 samples avg       0.59      0.59      0.59     43114


[[   82     0     0     6     0     3     2    38     0  2664]
 [    0     0     0    67     0     0    18   119     0  1117]
 [    1     0     0     4     0     0     4    10     0   336]
 [    1     0     0  3632     0     0    13   275     0   779]
 [    1     0     0     3     0     0     3    14     0   564]
 [   26     0     0    14     0    27     8    98     0  1331]
 [    0     0     0    69     0     0  1215    33     0  2352]
 [   19     0     0   369     0    10    22  1367     0  5719]
 [    1     0     0    20     0     0     1    88     0   556]
 [   42     0     0   199     0     9   282   411     0 19070]]

