Title: Fully Connected - Words: 1000, Batch: 32, Epochs: 1, Outputs: 64

Results of Training Set

--------------------
Accuracy: 0.603810053965456, F1 Score: 0.2621203868505548, Precision: 0.39328949949798536, Recall: 0.2472696222060255

              precision    recall  f1-score   support

           0       0.53      0.11      0.18      8263
           1       0.00      0.00      0.00      3968
           2       0.00      0.00      0.00      1050
           3       0.84      0.77      0.81     14541
           4       0.00      0.00      0.00      1763
           5       0.62      0.05      0.09      4392
           6       0.80      0.36      0.49     11089
           7       0.57      0.24      0.34     22288
           8       0.00      0.00      0.00      1971
           9       0.57      0.94      0.71     60017

   micro avg       0.60      0.60      0.60    129342
   macro avg       0.39      0.25      0.26    129342
weighted avg       0.58      0.60      0.53    129342
 samples avg       0.60      0.60      0.60    129342


[[  877     0     0     9     0    26     7   160     0  7184]
 [   10     0     0   196     0     4    45   354     0  3359]
 [   12     0     0     7     0     3    16    65     0   947]
 [   19     0     0 11264     0     3    40   993     0  2222]
 [    1     0     0    22     0     2     4    46     0  1688]
 [  105     0     0    64     0   222     7   289     0  3705]
 [    3     0     0   230     0     1  3979   163     0  6713]
 [  154     0     0   859     0    36   105  5445     0 15689]
 [   23     0     0    55     0     7     9   281     0  1596]
 [  436     0     0   640     0    52   785  1793     0 56311]]

Results of Validation Set

--------------------
Accuracy: 0.5925221505775387, F1 Score: 0.252806087593371, Precision: 0.3634383241781972, Recall: 0.2406008072126582

              precision    recall  f1-score   support

           0       0.55      0.11      0.18      2797
           1       0.00      0.00      0.00      1370
           2       0.00      0.00      0.00       371
           3       0.83      0.76      0.79      4733
           4       0.00      0.00      0.00       600
           5       0.38      0.03      0.06      1417
           6       0.77      0.34      0.47      3795
           7       0.55      0.23      0.33      7454
           8       0.00      0.00      0.00       665
           9       0.56      0.93      0.70     19912

   micro avg       0.59      0.59      0.59     43114
   macro avg       0.36      0.24      0.25     43114
weighted avg       0.56      0.59      0.52     43114
 samples avg       0.59      0.59      0.59     43114


[[  302     0     0     5     0    17     2    53     0  2418]
 [    2     0     0    78     0     1    20   138     0  1131]
 [    2     0     0     4     0     0     5    15     0   345]
 [    3     0     0  3601     0     0    20   306     0   803]
 [    4     0     0     4     0     0     1    25     0   566]
 [   43     0     0    14     0    45     2    97     0  1216]
 [    3     0     0    86     0     0  1294    50     0  2362]
 [   48     0     0   300     0    25    32  1725     0  5324]
 [    4     0     0    18     0     5     2    97     0   539]
 [  140     0     0   251     0    25   309   608     0 18579]]

Results of Test Set

--------------------
Accuracy: 0.5924293732894188, F1 Score: 0.2519620589279858, Precision: 0.36941687519141, Recall: 0.23981022144421846

              precision    recall  f1-score   support

           0       0.51      0.10      0.17      2795
           1       0.00      0.00      0.00      1321
           2       0.00      0.00      0.00       355
           3       0.83      0.76      0.79      4700
           4       0.00      0.00      0.00       585
           5       0.50      0.03      0.06      1504
           6       0.76      0.34      0.47      3669
           7       0.54      0.23      0.32      7506
           8       0.00      0.00      0.00       666
           9       0.56      0.93      0.70     20013

   micro avg       0.59      0.59      0.59     43114
   macro avg       0.37      0.24      0.25     43114
weighted avg       0.56      0.59      0.52     43114
 samples avg       0.59      0.59      0.59     43114


[[  292     0     0     2     0     5     2    54     0  2440]
 [    1     0     0    63     0     0    17   133     0  1107]
 [   10     0     0     5     0     2     7    20     0   311]
 [    3     0     0  3553     0     0    15   352     0   777]
 [    3     0     0     6     0     0     4    14     0   558]
 [   52     0     0    18     0    51     9    90     0  1284]
 [    0     0     0    73     0     0  1260    56     0  2280]
 [   55     0     0   332     0    21    26  1702     0  5370]
 [    4     0     0    17     0     3     3   101     0   538]
 [  155     0     0   236     0    21   312   605     0 18684]]

