Title: Fully Connected - Words: 1000, Batch: 64, Epochs: 6, Outputs: 16

Results of Training Set

--------------------
Accuracy: 0.5989856349832228, F1 Score: 0.24157142585221963, Precision: 0.4018133446695784, Recall: 0.23440792869579571

              precision    recall  f1-score   support

           0       0.58      0.05      0.09      8263
           1       0.00      0.00      0.00      3968
           2       0.00      0.00      0.00      1050
           3       0.87      0.75      0.81     14541
           4       0.00      0.00      0.00      1763
           5       0.62      0.00      0.01      4392
           6       0.78      0.39      0.52     11089
           7       0.61      0.19      0.29     22288
           8       0.00      0.00      0.00      1971
           9       0.56      0.96      0.70     60017

   micro avg       0.60      0.60      0.60    129342
   macro avg       0.40      0.23      0.24    129342
weighted avg       0.59      0.60      0.52    129342
 samples avg       0.60      0.60      0.60    129342


[[  387     0     0     5     0     3     5    50     0  7813]
 [    3     0     0   161     0     0    63   296     0  3445]
 [    9     0     0     5     0     2    17    50     0   967]
 [    4     0     0 10965     0     0    39   782     0  2751]
 [    0     0     0    10     0     0     6    26     0  1721]
 [   87     0     0    43     0    13     6   198     0  4045]
 [    2     0     0   203     0     0  4328   115     0  6441]
 [   38     0     0   762     0     2   116  4273     0 17097]
 [    1     0     0    61     0     0     8   192     0  1709]
 [  133     0     0   407     0     1   951  1017     0 57508]]

Results of Validation Set

--------------------
Accuracy: 0.5872570394767361, F1 Score: 0.23448587242124225, Precision: 0.4068643762435178, Recall: 0.2287768435909409

              precision    recall  f1-score   support

           0       0.60      0.05      0.09      2797
           1       0.00      0.00      0.00      1370
           2       0.00      0.00      0.00       371
           3       0.85      0.74      0.79      4733
           4       0.00      0.00      0.00       600
           5       0.75      0.00      0.00      1417
           6       0.75      0.37      0.50      3795
           7       0.57      0.18      0.27      7454
           8       0.00      0.00      0.00       665
           9       0.55      0.95      0.70     19912

   micro avg       0.59      0.59      0.59     43114
   macro avg       0.41      0.23      0.23     43114
weighted avg       0.57      0.59      0.50     43114
 samples avg       0.59      0.59      0.59     43114


[[  130     0     0     4     0     0     1    20     0  2642]
 [    1     0     0    69     0     0    30   111     0  1159]
 [    2     0     0     0     0     0     6    12     0   351]
 [    1     0     0  3491     0     0    20   276     0   945]
 [    0     0     0     3     0     0     1    12     0   584]
 [   32     0     0    11     0     3     3    74     0  1294]
 [    0     0     0    74     0     0  1414    36     0  2271]
 [   11     0     0   268     0     1    31  1316     0  5827]
 [    2     0     0    20     0     0     2    78     0   563]
 [   39     0     0   162     0     0   365   381     0 18965]]

Results of Test Set

--------------------
Accuracy: 0.5853782993923088, F1 Score: 0.23042640361355807, Precision: 0.35274760122612114, Recall: 0.22611797371536085

              precision    recall  f1-score   support

           0       0.49      0.04      0.07      2795
           1       0.00      0.00      0.00      1321
           2       0.00      0.00      0.00       355
           3       0.85      0.74      0.79      4700
           4       0.00      0.00      0.00       585
           5       0.33      0.00      0.00      1504
           6       0.74      0.36      0.49      3669
           7       0.56      0.17      0.26      7506
           8       0.00      0.00      0.00       666
           9       0.55      0.95      0.70     20013

   micro avg       0.59      0.59      0.59     43114
   macro avg       0.35      0.23      0.23     43114
weighted avg       0.55      0.59      0.50     43114
 samples avg       0.59      0.59      0.59     43114


[[  104     0     0     1     0     1     4    28     0  2657]
 [    0     0     0    50     0     0    26   105     0  1140]
 [    2     0     0     2     0     0     6    15     0   330]
 [    1     0     0  3478     0     0    14   276     0   931]
 [    0     0     0     4     0     0     3    14     0   564]
 [   37     0     0    12     0     2     9    72     0  1372]
 [    0     0     0    66     0     0  1335    33     0  2235]
 [   15     0     0   290     0     1    31  1243     0  5926]
 [    2     0     0    16     0     0     4    72     0   572]
 [   51     0     0   157     0     2   369   358     0 19076]]

