Title: Fully Connected - Words: 1000, Batch: 128, Epochs: 6, Outputs: 16

Results of Training Set

--------------------
Accuracy: 0.6026735321859875, F1 Score: 0.24124240133552455, Precision: 0.4218512439069718, Recall: 0.2382343916534348

              precision    recall  f1-score   support

           0       0.72      0.00      0.00      8263
           1       0.00      0.00      0.00      3968
           2       0.00      0.00      0.00      1050
           3       0.85      0.78      0.81     14541
           4       0.00      0.00      0.00      1763
           5       0.76      0.01      0.02      4392
           6       0.77      0.40      0.53     11089
           7       0.56      0.26      0.35     22288
           8       0.00      0.00      0.00      1971
           9       0.56      0.94      0.71     60017

   micro avg       0.60      0.60      0.60    129342
   macro avg       0.42      0.24      0.24    129342
weighted avg       0.59      0.60      0.53    129342
 samples avg       0.60      0.60      0.60    129342


[[   13     0     0     7     0     4     4   197     0  8038]
 [    0     0     0   194     0     0    60   425     0  3289]
 [    0     0     0     8     0     0    17    41     0   984]
 [    0     0     0 11286     0     1    33  1058     0  2163]
 [    0     0     0    16     0     0     6    44     0  1697]
 [    0     0     0    55     0    34     8   341     0  3954]
 [    0     0     0   221     0     0  4436   151     0  6281]
 [    2     0     0   894     0     1   109  5700     0 15582]
 [    0     0     0    67     0     0     9   345     0  1550]
 [    3     0     0   534     0     5  1100  1893     0 56482]]

Results of Validation Set

--------------------
Accuracy: 0.5906897991371712, F1 Score: 0.23448362145496388, Precision: 0.39576877212482875, Recall: 0.23243013306749707

              precision    recall  f1-score   support

           0       0.71      0.00      0.00      2797
           1       0.00      0.00      0.00      1370
           2       0.00      0.00      0.00       371
           3       0.83      0.76      0.79      4733
           4       0.00      0.00      0.00       600
           5       0.58      0.01      0.02      1417
           6       0.74      0.38      0.50      3795
           7       0.53      0.24      0.33      7454
           8       0.00      0.00      0.00       665
           9       0.56      0.94      0.70     19912

   micro avg       0.59      0.59      0.59     43114
   macro avg       0.40      0.23      0.23     43114
weighted avg       0.57      0.59      0.51     43114
 samples avg       0.59      0.59      0.59     43114


[[    5     0     0     4     0     2     1    60     0  2725]
 [    0     0     0    88     0     0    26   154     0  1102]
 [    0     0     0     0     0     0     5    10     0   356]
 [    0     0     0  3592     0     0    20   356     0   765]
 [    0     0     0     3     0     0     2    26     0   569]
 [    0     0     0    14     0    11     4   132     0  1256]
 [    0     0     0    84     0     0  1440    40     0  2231]
 [    1     0     0   307     0     2    34  1798     0  5312]
 [    0     0     0    20     0     1     2   120     0   522]
 [    1     0     0   207     0     3   404   676     0 18621]]

Results of Test Set

--------------------
Accuracy: 0.5927077051537784, F1 Score: 0.23458217334441125, Precision: 0.3871263865630174, Recall: 0.2327232479871177

              precision    recall  f1-score   support

           0       0.67      0.00      0.00      2795
           1       0.00      0.00      0.00      1321
           2       0.00      0.00      0.00       355
           3       0.84      0.76      0.80      4700
           4       0.00      0.00      0.00       585
           5       0.53      0.01      0.01      1504
           6       0.74      0.38      0.50      3669
           7       0.54      0.24      0.33      7506
           8       0.00      0.00      0.00       666
           9       0.56      0.94      0.70     20013

   micro avg       0.59      0.59      0.59     43114
   macro avg       0.39      0.23      0.23     43114
weighted avg       0.57      0.59      0.51     43114
 samples avg       0.59      0.59      0.59     43114


[[    4     0     0     3     0     0     3    64     0  2721]
 [    0     0     0    59     0     0    25   150     0  1087]
 [    0     0     0     4     0     0     4    12     0   335]
 [    0     0     0  3582     0     0    18   373     0   727]
 [    0     0     0     3     0     0     5    18     0   559]
 [    0     0     0    15     0     8     7   114     0  1360]
 [    0     0     0    73     0     0  1394    46     0  2156]
 [    0     0     0   331     0     2    31  1811     0  5331]
 [    0     0     0    18     0     0     4   121     0   523]
 [    2     0     0   197     0     5   397   657     0 18755]]

