Title: Fully Connected - Words: 1000, Batch: 32, Epochs: 6, Outputs: 32

Results of Training Set

--------------------
Accuracy: 0.6123610273538371, F1 Score: 0.2718035589582576, Precision: 0.41369005563199623, Recall: 0.2563390850263304

              precision    recall  f1-score   support

           0       0.64      0.10      0.17      8263
           1       0.00      0.00      0.00      3968
           2       0.00      0.00      0.00      1050
           3       0.86      0.78      0.82     14541
           4       0.00      0.00      0.00      1763
           5       0.71      0.07      0.12      4392
           6       0.76      0.43      0.55     11089
           7       0.59      0.24      0.35     22288
           8       0.00      0.00      0.00      1971
           9       0.57      0.94      0.71     60017

   micro avg       0.61      0.61      0.61    129342
   macro avg       0.41      0.26      0.27    129342
weighted avg       0.59      0.61      0.54    129342
 samples avg       0.61      0.61      0.61    129342


[[  806     0     0     8     0    20    14   113     0  7302]
 [    5     0     0   193     0     2    90   380     0  3298]
 [   15     0     0     6     0     4    25    56     0   944]
 [   12     0     0 11349     0     2    55   927     0  2196]
 [    1     0     0    13     0     0     9    41     0  1699]
 [   63     0     0    54     0   298    16   325     0  3636]
 [    2     0     0   220     0     1  4779   178     0  5909]
 [   70     0     0   831     0    39   133  5459     0 15756]
 [    5     0     0    64     0     2    14   281     0  1605]
 [  271     0     0   498     0    49  1137  1549     0 56513]]

Results of Validation Set

--------------------
Accuracy: 0.5980192048986408, F1 Score: 0.2589135717647437, Precision: 0.38241386422168533, Recall: 0.24669296567210813

              precision    recall  f1-score   support

           0       0.62      0.09      0.16      2797
           1       0.00      0.00      0.00      1370
           2       0.00      0.00      0.00       371
           3       0.84      0.76      0.80      4733
           4       0.00      0.00      0.00       600
           5       0.52      0.05      0.08      1417
           6       0.74      0.41      0.52      3795
           7       0.55      0.23      0.33      7454
           8       0.00      0.00      0.00       665
           9       0.56      0.93      0.70     19912

   micro avg       0.60      0.60      0.60     43114
   macro avg       0.38      0.25      0.26     43114
weighted avg       0.57      0.60      0.53     43114
 samples avg       0.60      0.60      0.60     43114


[[  254     0     0     5     0    14     7    40     0  2477]
 [    1     0     0    85     0     1    36   149     0  1098]
 [    3     0     0     2     0     1     7    16     0   342]
 [    2     0     0  3592     0     0    25   338     0   776]
 [    0     0     0     3     0     0     3    25     0   569]
 [   25     0     0    15     0    64     5   116     0  1192]
 [    3     0     0    82     0     0  1541    53     0  2116]
 [   27     0     0   292     0    21    41  1726     0  5347]
 [    1     0     0    21     0     4     3   103     0   533]
 [   92     0     0   199     0    19   425   571     0 18606]]

Results of Test Set

--------------------
Accuracy: 0.5966739342209028, F1 Score: 0.2563713266236365, Precision: 0.37699967250023947, Recall: 0.24512255256041807

              precision    recall  f1-score   support

           0       0.52      0.08      0.13      2795
           1       0.00      0.00      0.00      1321
           2       0.00      0.00      0.00       355
           3       0.84      0.76      0.80      4700
           4       0.00      0.00      0.00       585
           5       0.57      0.05      0.09      1504
           6       0.72      0.40      0.52      3669
           7       0.55      0.22      0.32      7506
           8       0.00      0.00      0.00       666
           9       0.56      0.93      0.70     20013

   micro avg       0.60      0.60      0.60     43114
   macro avg       0.38      0.25      0.26     43114
weighted avg       0.56      0.60      0.52     43114
 samples avg       0.60      0.60      0.60     43114


[[  212     0     0     3     0    12     7    47     0  2514]
 [    2     0     0    59     0     1    32   137     0  1090]
 [    6     0     0     3     0     1     7    15     0   323]
 [    1     0     0  3593     0     0    21   314     0   771]
 [    1     0     0     5     0     0     6    15     0   558]
 [   36     0     0    17     0    76     9    93     0  1273]
 [    0     0     0    74     0     0  1477    51     0  2067]
 [   36     0     0   329     0    22    36  1683     0  5400]
 [    2     0     0    20     0     1     2   108     0   533]
 [  109     0     0   185     0    21   442   572     0 18684]]

