Title: Fully Connected - Words: 1000, Batch: 64, Epochs: 6, Outputs: 32

Results of Training Set

--------------------
Accuracy: 0.6119048723539144, F1 Score: 0.2648354145010977, Precision: 0.42076741440276183, Recall: 0.2509196086131765

              precision    recall  f1-score   support

           0       0.64      0.04      0.07      8263
           1       0.00      0.00      0.00      3968
           2       0.00      0.00      0.00      1050
           3       0.86      0.78      0.82     14541
           4       0.00      0.00      0.00      1763
           5       0.75      0.09      0.15      4392
           6       0.80      0.39      0.53     11089
           7       0.59      0.27      0.37     22288
           8       0.00      0.00      0.00      1971
           9       0.57      0.95      0.71     60017

   micro avg       0.61      0.61      0.61    129342
   macro avg       0.42      0.25      0.26    129342
weighted avg       0.60      0.61      0.54    129342
 samples avg       0.61      0.61      0.61    129342


[[  307     0     0     5     0    34    10   159     0  7748]
 [    3     0     0   191     0     2    59   425     0  3288]
 [    5     0     0     6     0     3    11    46     0   979]
 [    7     0     0 11325     0     2    41   933     0  2233]
 [    0     0     0    14     0     0     5    47     0  1697]
 [   24     0     0    51     0   376    16   315     0  3610]
 [    1     0     0   218     0     1  4361   162     0  6346]
 [   27     0     0   819     0    33   119  5969     0 15321]
 [    0     0     0    62     0     5     8   299     0  1597]
 [  104     0     0   483     0    48   832  1743     0 56807]]

Results of Validation Set

--------------------
Accuracy: 0.595815744305794, F1 Score: 0.2518416176996081, Precision: 0.39883462411586396, Recall: 0.24118880272699803

              precision    recall  f1-score   support

           0       0.69      0.04      0.07      2797
           1       0.00      0.00      0.00      1370
           2       0.00      0.00      0.00       371
           3       0.83      0.76      0.79      4733
           4       0.00      0.00      0.00       600
           5       0.59      0.07      0.12      1417
           6       0.75      0.36      0.49      3795
           7       0.56      0.25      0.34      7454
           8       0.00      0.00      0.00       665
           9       0.56      0.94      0.70     19912

   micro avg       0.60      0.60      0.60     43114
   macro avg       0.40      0.24      0.25     43114
weighted avg       0.58      0.60      0.52     43114
 samples avg       0.60      0.60      0.60     43114


[[  100     0     0     5     0    17     3    63     0  2609]
 [    0     0     0    92     0     2    24   143     0  1109]
 [    1     0     0     1     0     0     5    16     0   348]
 [    1     0     0  3593     0     0    16   341     0   782]
 [    0     0     0     3     0     0     2    27     0   568]
 [    6     0     0    15     0    95     4   117     0  1180]
 [    0     0     0    77     0     1  1380    45     0  2292]
 [    7     0     0   296     0    17    33  1856     0  5245]
 [    1     0     0    19     0     4     1   104     0   536]
 [   28     0     0   216     0    25   362   617     0 18664]]

Results of Test Set

--------------------
Accuracy: 0.5955838010854942, F1 Score: 0.2505050204713511, Precision: 0.38240705280076226, Recall: 0.2404125145468007

              precision    recall  f1-score   support

           0       0.55      0.03      0.06      2795
           1       0.00      0.00      0.00      1321
           2       0.00      0.00      0.00       355
           3       0.84      0.76      0.80      4700
           4       0.00      0.00      0.00       585
           5       0.58      0.07      0.12      1504
           6       0.74      0.37      0.49      3669
           7       0.55      0.24      0.34      7506
           8       0.00      0.00      0.00       666
           9       0.56      0.94      0.70     20013

   micro avg       0.60      0.60      0.60     43114
   macro avg       0.38      0.24      0.25     43114
weighted avg       0.57      0.60      0.52     43114
 samples avg       0.60      0.60      0.60     43114


[[   81     0     0     4     0    14     3    60     0  2633]
 [    1     0     0    58     0     1    22   153     0  1086]
 [    1     0     0     4     0     1     7    15     0   327]
 [    1     0     0  3571     0     0    19   340     0   769]
 [    1     0     0     5     0     0     5    17     0   557]
 [   11     0     0    16     0   102     9   108     0  1258]
 [    0     0     0    74     0     0  1349    57     0  2189]
 [   14     0     0   317     0    25    27  1823     0  5300]
 [    0     0     0    19     0     1     3   113     0   530]
 [   37     0     0   187     0    32   369   636     0 18752]]

