Title: Fully Connected - Words: 1000, Batch: 128, Epochs: 6, Outputs: 32

Results of Training Set

--------------------
Accuracy: 0.6123223701504539, F1 Score: 0.2677796558370265, Precision: 0.6166631719643687, Recall: 0.25301791975211413

              precision    recall  f1-score   support

           0       0.66      0.09      0.15      8263
           1       1.00      0.00      0.00      3968
           2       1.00      0.00      0.01      1050
           3       0.84      0.79      0.82     14541
           4       0.00      0.00      0.00      1763
           5       0.70      0.05      0.10      4392
           6       0.80      0.38      0.51     11089
           7       0.58      0.27      0.37     22288
           8       0.00      0.00      0.00      1971
           9       0.57      0.94      0.71     60017

   micro avg       0.61      0.61      0.61    129342
   macro avg       0.62      0.25      0.27    129342
weighted avg       0.63      0.61      0.54    129342
 samples avg       0.61      0.61      0.61    129342


[[  724     0     0     7     0    21     7   192     0  7312]
 [    4     1     0   212     0     0    41   424     0  3286]
 [    8     0     4     7     0     2    17    63     0   949]
 [    9     0     0 11547     0     3    42   899     0  2041]
 [    0     0     0    21     0     0     4    43     0  1695]
 [   37     0     0    64     0   241     9   361     0  3680]
 [    2     0     0   245     0     0  4206   169     0  6467]
 [   60     0     0   910     0    33   102  6001     0 15182]
 [    4     0     0    72     0     0    10   311     0  1574]
 [  243     0     0   583     0    42   825  1849     0 56475]]

Results of Validation Set

--------------------
Accuracy: 0.5981815651528506, F1 Score: 0.2561025789487452, Precision: 0.38450664467184464, Recall: 0.24469349081054972

              precision    recall  f1-score   support

           0       0.63      0.08      0.14      2797
           1       0.00      0.00      0.00      1370
           2       0.00      0.00      0.00       371
           3       0.82      0.78      0.80      4733
           4       0.00      0.00      0.00       600
           5       0.52      0.04      0.08      1417
           6       0.76      0.36      0.49      3795
           7       0.56      0.25      0.35      7454
           8       0.00      0.00      0.00       665
           9       0.56      0.93      0.70     19912

   micro avg       0.60      0.60      0.60     43114
   macro avg       0.38      0.24      0.26     43114
weighted avg       0.57      0.60      0.53     43114
 samples avg       0.60      0.60      0.60     43114


[[  229     0     0     5     0    14     2    65     0  2482]
 [    1     0     0    92     0     1    24   158     0  1094]
 [    2     0     0     4     0     0     5    15     0   345]
 [    3     0     0  3680     0     0    20   313     0   717]
 [    2     0     0     5     0     0     3    23     0   567]
 [   12     0     0    17     0    61     5   127     0  1195]
 [    2     0     0    87     0     0  1363    47     0  2296]
 [   23     0     0   323     0    18    28  1882     0  5180]
 [    1     0     0    23     0     4     2   111     0   524]
 [   89     0     0   231     0    20   350   647     0 18575]]

Results of Test Set

--------------------
Accuracy: 0.597230597949622, F1 Score: 0.25340492095478917, Precision: 0.3811706563860464, Recall: 0.24269615668998307

              precision    recall  f1-score   support

           0       0.57      0.07      0.13      2795
           1       0.00      0.00      0.00      1321
           2       0.00      0.00      0.00       355
           3       0.83      0.78      0.80      4700
           4       0.00      0.00      0.00       585
           5       0.55      0.04      0.08      1504
           6       0.75      0.35      0.48      3669
           7       0.55      0.25      0.34      7506
           8       0.00      0.00      0.00       666
           9       0.56      0.93      0.70     20013

   micro avg       0.60      0.60      0.60     43114
   macro avg       0.38      0.24      0.25     43114
weighted avg       0.57      0.60      0.52     43114
 samples avg       0.60      0.60      0.60     43114


[[  204     0     0     5     0    14     2    67     0  2503]
 [    2     0     0    63     0     1    15   147     0  1093]
 [    4     0     0     4     0     1     6    18     0   322]
 [    2     0     0  3662     0     0    20   305     0   711]
 [    2     0     0     4     0     0     7    18     0   554]
 [   18     0     0    18     0    65     8   110     0  1285]
 [    1     0     0    73     0     0  1290    56     0  2249]
 [   29     0     0   357     0    18    29  1853     0  5220]
 [    1     0     0    22     0     2     3   117     0   521]
 [   92     0     0   225     0    18   345   658     0 18675]]

