Title: Fully Connected - Words: 1000, Batch: 32, Epochs: 6, Outputs: 64

Results of Training Set

--------------------
Accuracy: 0.6313881028590868, F1 Score: 0.3094792948701652, Precision: 0.6886418847319856, Recall: 0.2845631058614107

              precision    recall  f1-score   support

           0       0.68      0.15      0.24      8263
           1       0.82      0.00      0.00      3968
           2       1.00      0.02      0.04      1050
           3       0.87      0.79      0.83     14541
           4       0.00      0.00      0.00      1763
           5       0.70      0.14      0.24      4392
           6       0.77      0.49      0.60     11089
           7       0.58      0.33      0.42     22288
           8       0.88      0.00      0.01      1971
           9       0.59      0.93      0.72     60017

   micro avg       0.63      0.63      0.63    129342
   macro avg       0.69      0.28      0.31    129342
weighted avg       0.65      0.63      0.58    129342
 samples avg       0.63      0.63      0.63    129342


[[ 1199     0     0     9     0    56    25   335     0  6639]
 [    5     9     0   195     0     4   108   539     0  3108]
 [   18     0    21     7     0     6    23    83     0   892]
 [   13     1     0 11495     0     3    54   964     0  2011]
 [    1     0     0    17     0     1    14    61     0  1669]
 [   66     0     0    56     0   636    18   495     0  3121]
 [    4     0     0   209     0     1  5395   215     0  5265]
 [   87     1     0   716     0    81   174  7260     0 13969]
 [    8     0     0    58     0    11    12   369     7  1506]
 [  356     0     0   443     0   109  1172  2293     1 55643]]

Results of Validation Set

--------------------
Accuracy: 0.6067402699819084, F1 Score: 0.28423950605974574, Precision: 0.6477914314258623, Recall: 0.26535736435897506

              precision    recall  f1-score   support

           0       0.59      0.12      0.20      2797
           1       0.67      0.00      0.01      1370
           2       1.00      0.01      0.02       371
           3       0.85      0.76      0.80      4733
           4       0.00      0.00      0.00       600
           5       0.55      0.11      0.18      1417
           6       0.71      0.44      0.54      3795
           7       0.54      0.30      0.39      7454
           8       1.00      0.00      0.00       665
           9       0.58      0.91      0.71     19912

   micro avg       0.61      0.61      0.61     43114
   macro avg       0.65      0.27      0.28     43114
weighted avg       0.62      0.61      0.55     43114
 samples avg       0.61      0.61      0.61     43114


[[  328     0     0     3     0    29     7   104     0  2326]
 [    2     4     0    86     0     2    46   191     0  1039]
 [    6     0     4     2     0     1     7    21     0   330]
 [    3     1     0  3611     0     0    33   338     0   747]
 [    0     0     0     4     0     0     6    30     0   560]
 [   29     0     0    14     0   154     4   171     0  1045]
 [    2     0     0    73     0     1  1655    67     0  1997]
 [   38     1     0   275     0    34    65  2249     0  4792]
 [    2     0     0    22     0     7     1   125     1   507]
 [  146     0     0   182     0    51   517   863     0 18153]]

Results of Test Set

--------------------
Accuracy: 0.603539453541773, F1 Score: 0.2789800332072847, Precision: 0.674898041474511, Recall: 0.2615156134032731

              precision    recall  f1-score   support

           0       0.57      0.11      0.19      2795
           1       1.00      0.00      0.00      1321
           2       1.00      0.01      0.02       355
           3       0.85      0.76      0.80      4700
           4       0.00      0.00      0.00       585
           5       0.54      0.10      0.17      1504
           6       0.69      0.43      0.53      3669
           7       0.52      0.29      0.37      7506
           8       1.00      0.00      0.00       666
           9       0.58      0.91      0.71     20013

   micro avg       0.60      0.60      0.60     43114
   macro avg       0.67      0.26      0.28     43114
weighted avg       0.62      0.60      0.54     43114
 samples avg       0.60      0.60      0.60     43114


[[  316     0     0     2     0    28     9   114     0  2326]
 [    6     1     0    60     0     2    42   182     0  1028]
 [    9     0     3     3     0     2     9    34     0   295]
 [    3     0     0  3583     0     0    24   363     0   727]
 [    1     0     0     5     0     0     7    22     0   550]
 [   31     0     0    15     0   154    10   172     0  1122]
 [    2     0     0    66     0     2  1570    79     0  1950]
 [   39     0     0   298     0    41    61  2159     0  4908]
 [    2     0     0    18     0     6     4   136     1   499]
 [  142     0     0   180     0    50   546   861     0 18234]]

