Title: Fully Connected - Words: 1000, Batch: 64, Epochs: 6, Outputs: 64

Results of Training Set

--------------------
Accuracy: 0.6277620571817353, F1 Score: 0.30171225215919284, Precision: 0.5265920786630579, Recall: 0.27708951297496653

              precision    recall  f1-score   support

           0       0.64      0.20      0.30      8263
           1       0.00      0.00      0.00      3968
           2       1.00      0.02      0.04      1050
           3       0.85      0.80      0.83     14541
           4       0.00      0.00      0.00      1763
           5       0.76      0.10      0.18      4392
           6       0.80      0.43      0.56     11089
           7       0.63      0.27      0.38     22288
           8       0.00      0.00      0.00      1971
           9       0.58      0.94      0.72     60017

   micro avg       0.63      0.63      0.63    129342
   macro avg       0.53      0.28      0.30    129342
weighted avg       0.62      0.63      0.57    129342
 samples avg       0.63      0.63      0.63    129342


[[ 1652     0     0     5     0    30     9   181     0  6386]
 [   12     0     0   204     0     2    69   378     0  3303]
 [   28     0    24     5     0     5    20    55     0   913]
 [   19     0     0 11657     0     2    36   750     0  2077]
 [    5     0     0    19     0     0     6    30     0  1703]
 [  164     0     0    55     0   457    15   307     0  3394]
 [    4     0     0   216     0     1  4771   129     0  5968]
 [  158     0     0   883     0    48   136  5975     0 15088]
 [   16     0     0    70     0     8    12   296     0  1569]
 [  530     0     0   526     0    51   874  1376     0 56660]]

Results of Validation Set

--------------------
Accuracy: 0.6019390453217053, F1 Score: 0.2740862424022139, Precision: 0.4815688831139352, Recall: 0.2567128426232581

              precision    recall  f1-score   support

           0       0.54      0.16      0.25      2797
           1       0.00      0.00      0.00      1370
           2       1.00      0.01      0.02       371
           3       0.83      0.77      0.80      4733
           4       0.00      0.00      0.00       600
           5       0.56      0.07      0.12      1417
           6       0.75      0.38      0.51      3795
           7       0.57      0.24      0.33      7454
           8       0.00      0.00      0.00       665
           9       0.57      0.93      0.70     19912

   micro avg       0.60      0.60      0.60     43114
   macro avg       0.48      0.26      0.27     43114
weighted avg       0.58      0.60      0.54     43114
 samples avg       0.60      0.60      0.60     43114


[[  458     0     0     6     0    14     5    54     0  2260]
 [    2     0     0    92     0     2    33   133     0  1108]
 [   12     0     4     2     0     0     4    18     0   331]
 [    2     0     0  3664     0     0    24   284     0   759]
 [    4     0     0     2     0     0     2    22     0   570]
 [   70     0     0    15     0    96     4   122     0  1110]
 [    8     0     0    76     0     0  1459    40     0  2212]
 [   70     0     0   320     0    21    48  1766     0  5229]
 [    6     0     0    25     0     6     3   100     0   525]
 [  217     0     0   218     0    31   371   570     0 18505]]

Results of Test Set

--------------------
Accuracy: 0.6003154427796076, F1 Score: 0.2733741394693615, Precision: 0.4767143276284062, Recall: 0.25592898770574557

              precision    recall  f1-score   support

           0       0.51      0.16      0.25      2795
           1       0.00      0.00      0.00      1321
           2       1.00      0.02      0.03       355
           3       0.84      0.78      0.81      4700
           4       0.00      0.00      0.00       585
           5       0.56      0.07      0.12      1504
           6       0.74      0.38      0.50      3669
           7       0.56      0.23      0.32      7506
           8       0.00      0.00      0.00       666
           9       0.57      0.93      0.70     20013

   micro avg       0.60      0.60      0.60     43114
   macro avg       0.48      0.26      0.27     43114
weighted avg       0.58      0.60      0.53     43114
 samples avg       0.60      0.60      0.60     43114


[[  452     0     0     3     0    10     7    67     0  2256]
 [    2     0     0    64     0     1    24   144     0  1086]
 [   15     0     6     3     0     1     8    20     0   302]
 [    7     0     0  3656     0     0    19   269     0   749]
 [    2     0     0     5     0     0     5    17     0   556]
 [   62     0     0    15     0   102     8   107     0  1210]
 [    3     0     0    70     0     1  1398    51     0  2146]
 [   72     0     0   349     0    27    36  1696     0  5326]
 [    6     0     0    20     0     3     2   114     0   521]
 [  268     0     0   190     0    37   388   558     0 18572]]

