Title: Fully Connected - Words: 1000, Batch: 128, Epochs: 6, Outputs: 64

Results of Training Set

--------------------
Accuracy: 0.6296871859102225, F1 Score: 0.3082742209904915, Precision: 0.5146791644047976, Recall: 0.282604631115983

              precision    recall  f1-score   support

           0       0.64      0.16      0.26      8263
           1       0.00      0.00      0.00      3968
           2       1.00      0.02      0.04      1050
           3       0.87      0.78      0.82     14541
           4       0.00      0.00      0.00      1763
           5       0.69      0.16      0.25      4392
           6       0.77      0.46      0.57     11089
           7       0.58      0.32      0.42     22288
           8       0.00      0.00      0.00      1971
           9       0.59      0.93      0.72     60017

   micro avg       0.63      0.63      0.63    129342
   macro avg       0.51      0.28      0.31    129342
weighted avg       0.61      0.63      0.57    129342
 samples avg       0.63      0.63      0.63    129342


[[ 1328     0     0    11     0    66    18   309     0  6531]
 [    7     0     0   195     0     9   109   514     0  3134]
 [   23     0    19     7     0     6    23    73     0   899]
 [   16     0     0 11396     0     2    42  1045     0  2040]
 [    2     0     0    14     0     1     7    55     0  1684]
 [  102     0     0    56     0   681    15   440     0  3098]
 [    4     0     0   212     0     2  5050   211     0  5610]
 [  157     0     0   686     0    88   166  7227     0 13964]
 [   19     0     0    59     0    14    15   370     0  1494]
 [  403     0     0   451     0   122  1097  2200     0 55744]]

Results of Validation Set

--------------------
Accuracy: 0.6056501368464999, F1 Score: 0.2834102929328416, Precision: 0.4764451314956113, Recall: 0.2637246417613612

              precision    recall  f1-score   support

           0       0.57      0.14      0.22      2797
           1       0.00      0.00      0.00      1370
           2       1.00      0.01      0.02       371
           3       0.85      0.76      0.80      4733
           4       0.00      0.00      0.00       600
           5       0.51      0.11      0.19      1417
           6       0.72      0.42      0.53      3795
           7       0.54      0.29      0.38      7454
           8       0.00      0.00      0.00       665
           9       0.58      0.92      0.71     19912

   micro avg       0.61      0.61      0.61     43114
   macro avg       0.48      0.26      0.28     43114
weighted avg       0.58      0.61      0.55     43114
 samples avg       0.61      0.61      0.61     43114


[[  378     0     0     4     0    31     9    93     0  2282]
 [    2     0     0    80     0     2    43   191     0  1052]
 [    8     0     3     4     0     2     8    18     0   328]
 [    4     0     0  3576     0     2    25   377     0   749]
 [    2     0     0     3     0     1     3    34     0   557]
 [   27     0     0    14     0   161     5   153     0  1057]
 [    4     0     0    80     0     2  1576    60     0  2073]
 [   66     0     0   250     0    46    52  2194     0  4846]
 [    5     0     0    22     0     7     3   126     0   502]
 [  172     0     0   181     0    59   468   808     0 18224]]

Results of Test Set

--------------------
Accuracy: 0.6052558333719905, F1 Score: 0.28184236859132555, Precision: 0.4750828725183533, Recall: 0.2626633942294285

              precision    recall  f1-score   support

           0       0.54      0.13      0.21      2795
           1       0.00      0.00      0.00      1321
           2       1.00      0.01      0.02       355
           3       0.85      0.76      0.80      4700
           4       0.00      0.00      0.00       585
           5       0.54      0.11      0.19      1504
           6       0.71      0.41      0.52      3669
           7       0.54      0.29      0.38      7506
           8       0.00      0.00      0.00       666
           9       0.58      0.91      0.71     20013

   micro avg       0.61      0.61      0.61     43114
   macro avg       0.48      0.26      0.28     43114
weighted avg       0.58      0.61      0.55     43114
 samples avg       0.61      0.61      0.61     43114


[[  354     0     0     4     0    36    12    97     0  2292]
 [    3     0     0    56     0     2    32   176     0  1052]
 [   12     0     3     2     0     3     8    28     0   299]
 [    4     0     0  3562     0     0    19   400     0   715]
 [    1     0     0     4     0     0     5    24     0   551]
 [   35     0     0    16     0   172    12   138     0  1131]
 [    0     0     0    73     0     3  1521    78     0  1994]
 [   57     0     0   289     0    44    56  2177     0  4883]
 [    4     0     0    18     0     7     2   130     0   505]
 [  183     0     0   183     0    53   468   820     0 18306]]

