Title: Fully Connected - Words: 1000, Batch: 32, Epochs: 6, Outputs: 128

Results of Training Set

--------------------
Accuracy: 0.6584790709900883, F1 Score: 0.37049196246262567, Precision: 0.6889436952667188, Recall: 0.3322028334075126

              precision    recall  f1-score   support

           0       0.66      0.33      0.44      8263
           1       0.80      0.02      0.05      3968
           2       0.88      0.06      0.11      1050
           3       0.88      0.80      0.84     14541
           4       0.00      0.00      0.00      1763
           5       0.71      0.29      0.41      4392
           6       0.81      0.51      0.62     11089
           7       0.61      0.38      0.46     22288
           8       0.91      0.01      0.02      1971
           9       0.62      0.92      0.74     60017

   micro avg       0.66      0.66      0.66    129342
   macro avg       0.69      0.33      0.37    129342
weighted avg       0.67      0.66      0.62    129342
 samples avg       0.66      0.66      0.66    129342


[[ 2735     0     0     8     0    91    10   325     0  5094]
 [   17    96     0   195     0    13    90   570     0  2987]
 [   57     1    63     4     0     7    16    82     0   820]
 [   26     4     0 11664     0     6    40  1024     0  1777]
 [    9     0     0    14     0     4     9    62     0  1665]
 [  170     2     1    49     0  1270    15   484     0  2401]
 [   10     3     0   195     0     3  5622   212     0  5044]
 [  260     7     7   573     0   154   159  8387     1 12740]
 [   17     1     0    57     0    23     9   356    21  1487]
 [  836     6     1   431     0   207   933  2291     1 55311]]

Results of Validation Set

--------------------
Accuracy: 0.6075752655749872, F1 Score: 0.31020949334968756, Precision: 0.5920501720977454, Recall: 0.2838672810711801

              precision    recall  f1-score   support

           0       0.53      0.24      0.33      2797
           1       0.55      0.01      0.02      1370
           2       0.67      0.03      0.05       371
           3       0.84      0.75      0.80      4733
           4       0.00      0.00      0.00       600
           5       0.52      0.18      0.27      1417
           6       0.71      0.41      0.52      3795
           7       0.52      0.32      0.40      7454
           8       1.00      0.00      0.01       665
           9       0.58      0.89      0.71     19912

   micro avg       0.61      0.61      0.61     43114
   macro avg       0.59      0.28      0.31     43114
weighted avg       0.61      0.61      0.56     43114
 samples avg       0.61      0.61      0.61     43114


[[  658     0     1     4     0    42     8   125     0  1959]
 [    6    17     0    82     0     4    36   213     0  1012]
 [   19     0    10     2     0     1     4    30     0   305]
 [    3     1     0  3562     0     2    31   389     0   745]
 [    8     0     0     3     0     1     3    43     0   542]
 [   58     0     1    14     0   261     9   164     0   910]
 [    7     3     1    74     0     2  1568    76     0  2064]
 [  102     6     2   259     0    73    57  2375     0  4580]
 [    7     0     0    19     0    13     2   134     3   487]
 [  382     4     0   200     0   106   491   988     0 17741]]

Results of Test Set

--------------------
Accuracy: 0.6068562415920583, F1 Score: 0.30604690100316434, Precision: 0.5586252617019267, Recall: 0.28134316443683993

              precision    recall  f1-score   support

           0       0.48      0.23      0.31      2795
           1       0.60      0.01      0.02      1321
           2       0.69      0.03      0.05       355
           3       0.85      0.76      0.80      4700
           4       0.00      0.00      0.00       585
           5       0.48      0.17      0.25      1504
           6       0.71      0.42      0.53      3669
           7       0.52      0.31      0.39      7506
           8       0.67      0.01      0.01       666
           9       0.59      0.89      0.71     20013

   micro avg       0.61      0.61      0.61     43114
   macro avg       0.56      0.28      0.31     43114
weighted avg       0.60      0.61      0.56     43114
 samples avg       0.61      0.61      0.61     43114


[[  629     0     0     2     0    58     9   143     0  1954]
 [   10    12     0    58     0     1    30   199     0  1011]
 [   20     0     9     4     0     4     8    35     0   275]
 [    9     3     0  3560     0     0    26   391     1   710]
 [    6     0     0     4     0     1     5    25     0   544]
 [   76     0     1    18     0   253     9   169     0   978]
 [    3     1     0    69     0     2  1536    90     0  1968]
 [  125     1     2   271     0    73    53  2357     1  4623]
 [    9     0     0    17     0    11     4   148     4   473]
 [  422     3     1   181     0   120   493   989     0 17804]]

