Title: Fully Connected - Words: 1000, Batch: 64, Epochs: 6, Outputs: 128

Results of Training Set

--------------------
Accuracy: 0.6559199641261153, F1 Score: 0.3548453810109321, Precision: 0.7085067627821968, Recall: 0.317443606793379

              precision    recall  f1-score   support

           0       0.73      0.23      0.35      8263
           1       0.87      0.01      0.03      3968
           2       0.94      0.05      0.09      1050
           3       0.88      0.81      0.84     14541
           4       0.00      0.00      0.00      1763
           5       0.74      0.25      0.38      4392
           6       0.83      0.47      0.60     11089
           7       0.60      0.41      0.49     22288
           8       0.88      0.01      0.03      1971
           9       0.62      0.93      0.74     60017

   micro avg       0.66      0.66      0.66    129342
   macro avg       0.71      0.32      0.35    129342
weighted avg       0.68      0.66      0.61    129342
 samples avg       0.66      0.66      0.66    129342


[[ 1917     0     0     7     0    68     8   402     0  5861]
 [   11    59     0   187     0    13    80   619     0  2999]
 [   31     0    51     5     0     8    17    83     0   855]
 [   14     1     0 11708     0     7    36  1098     0  1677]
 [    1     0     0    18     0     3     6    63     0  1672]
 [  116     0     0    60     0  1107    14   515     0  2580]
 [    4     0     1   203     0     2  5230   268     0  5381]
 [  130     5     2   567     0   123   140  9104     1 12216]
 [   13     0     0    64     0    23    10   393    29  1439]
 [  399     3     0   414     0   148   757  2660     3 55633]]

Results of Validation Set

--------------------
Accuracy: 0.6095699772695644, F1 Score: 0.30223634994541637, Precision: 0.5727716844873785, Recall: 0.27696482095823527

              precision    recall  f1-score   support

           0       0.58      0.16      0.25      2797
           1       0.44      0.00      0.01      1370
           2       1.00      0.04      0.07       371
           3       0.84      0.76      0.80      4733
           4       0.00      0.00      0.00       600
           5       0.52      0.16      0.24      1417
           6       0.73      0.40      0.51      3795
           7       0.52      0.35      0.42      7454
           8       0.50      0.00      0.01       665
           9       0.59      0.90      0.71     19912

   micro avg       0.61      0.61      0.61     43114
   macro avg       0.57      0.28      0.30     43114
weighted avg       0.60      0.61      0.56     43114
 samples avg       0.61      0.61      0.61     43114


[[  456     0     0     5     0    34     7   160     0  2135]
 [    2     4     0    87     0     3    34   231     0  1009]
 [    6     0    14     4     0     1     5    28     0   313]
 [    4     0     0  3597     0     3    26   425     0   678]
 [    2     0     0     5     0     2     2    38     0   551]
 [   46     0     0    14     0   224     6   198     0   929]
 [    9     1     0    79     0     1  1509    86     0  2110]
 [   64     3     0   256     0    53    51  2609     2  4416]
 [    3     0     0    21     0     9     3   147     2   480]
 [  188     1     0   201     0    97   426  1133     0 17866]]

Results of Test Set

--------------------
Accuracy: 0.6092220624391149, F1 Score: 0.2976694774432816, Precision: 0.5688326665575011, Recall: 0.2738269128874365

              precision    recall  f1-score   support

           0       0.55      0.16      0.25      2795
           1       0.47      0.01      0.01      1321
           2       0.90      0.03      0.05       355
           3       0.85      0.76      0.80      4700
           4       0.00      0.00      0.00       585
           5       0.50      0.14      0.22      1504
           6       0.72      0.40      0.52      3669
           7       0.51      0.34      0.41      7506
           8       0.60      0.00      0.01       666
           9       0.59      0.90      0.71     20013

   micro avg       0.61      0.61      0.61     43114
   macro avg       0.57      0.27      0.30     43114
weighted avg       0.60      0.61      0.56     43114
 samples avg       0.61      0.61      0.61     43114


[[  451     1     0     2     0    34     5   155     0  2147]
 [    4     7     0    63     0     3    35   206     1  1002]
 [   13     0     9     4     0     4    10    39     0   276]
 [    7     3     0  3577     0     0    24   444     0   645]
 [    1     0     0     3     0     1     5    26     0   549]
 [   54     1     0    16     0   212    11   187     0  1023]
 [    2     0     0    69     0     1  1473   113     0  2011]
 [   67     2     1   272     0    61    44  2549     1  4509]
 [    7     0     0    14     0    10     2   154     3   476]
 [  214     1     0   177     0    99   434  1103     0 17985]]

