Title: Fully Connected - Words: 1000, Batch: 64, Epochs: 1, Outputs: 64

Results of Training Set

--------------------
Accuracy: 0.6052944905753738, F1 Score: 0.25643426175362727, Precision: 0.39617901101848896, Recall: 0.24770978773446908

              precision    recall  f1-score   support

           0       0.56      0.07      0.13      8263
           1       0.00      0.00      0.00      3968
           2       0.00      0.00      0.00      1050
           3       0.85      0.76      0.80     14541
           4       0.00      0.00      0.00      1763
           5       0.71      0.00      0.01      4392
           6       0.73      0.42      0.53     11089
           7       0.53      0.30      0.38     22288
           8       0.00      0.00      0.00      1971
           9       0.57      0.92      0.71     60017

   micro avg       0.61      0.61      0.61    129342
   macro avg       0.40      0.25      0.26    129342
weighted avg       0.58      0.61      0.54    129342
 samples avg       0.61      0.61      0.61    129342


[[  610     0     0     6     0     2    20   265     0  7360]
 [    4     0     0   192     0     0    99   531     0  3142]
 [   16     0     0     6     0     1    25    69     0   933]
 [   10     0     0 11044     0     0    84  1318     0  2085]
 [    3     0     0    16     0     0     8    74     0  1662]
 [   92     0     0    53     0    12    11   436     0  3788]
 [    3     0     0   234     0     0  4647   230     0  5975]
 [   74     0     0   773     0     1   158  6712     0 14570]
 [    6     0     0    55     0     0    21   341     0  1548]
 [  263     0     0   568     0     1  1261  2659     0 55265]]

Results of Validation Set

--------------------
Accuracy: 0.5953982465092545, F1 Score: 0.2521261123996429, Precision: 0.34168700287929693, Recall: 0.24371167567285248

              precision    recall  f1-score   support

           0       0.58      0.08      0.14      2797
           1       0.00      0.00      0.00      1370
           2       0.00      0.00      0.00       371
           3       0.84      0.75      0.79      4733
           4       0.00      0.00      0.00       600
           5       0.20      0.00      0.00      1417
           6       0.72      0.40      0.52      3795
           7       0.51      0.29      0.37      7454
           8       0.00      0.00      0.00       665
           9       0.57      0.91      0.70     19912

   micro avg       0.60      0.60      0.60     43114
   macro avg       0.34      0.24      0.25     43114
weighted avg       0.55      0.60      0.53     43114
 samples avg       0.60      0.60      0.60     43114


[[  221     0     0     3     0     0     5    85     0  2483]
 [    2     0     0    78     0     0    33   210     0  1047]
 [    1     0     0     4     0     0     8    22     0   336]
 [    3     0     0  3531     0     0    28   438     0   733]
 [    1     0     0     2     0     0     3    39     0   555]
 [   28     0     0    13     0     1     6   154     0  1215]
 [    1     0     0    81     0     0  1536    73     0  2104]
 [   22     0     0   254     0     1    42  2181     0  4954]
 [    4     0     0    17     0     1     2   127     0   514]
 [  100     0     0   211     0     2   473   926     0 18200]]

Results of Test Set

--------------------
Accuracy: 0.5952822748991047, F1 Score: 0.24933596449775314, Precision: 0.3585192200309166, Recall: 0.2418758867523449

              precision    recall  f1-score   support

           0       0.57      0.07      0.12      2795
           1       0.00      0.00      0.00      1321
           2       0.00      0.00      0.00       355
           3       0.84      0.75      0.79      4700
           4       0.00      0.00      0.00       585
           5       0.40      0.00      0.00      1504
           6       0.70      0.39      0.50      3669
           7       0.51      0.29      0.37      7506
           8       0.00      0.00      0.00       666
           9       0.57      0.92      0.70     20013

   micro avg       0.60      0.60      0.60     43114
   macro avg       0.36      0.24      0.25     43114
weighted avg       0.55      0.60      0.53     43114
 samples avg       0.60      0.60      0.60     43114


[[  193     0     0     2     0     1     7   108     0  2484]
 [    2     0     0    57     0     0    31   193     0  1038]
 [    4     0     0     4     0     0     8    20     0   319]
 [    2     0     0  3517     0     0    31   446     0   704]
 [    2     0     0     4     0     0     6    23     0   550]
 [   33     0     0    14     0     2    13   154     0  1288]
 [    1     0     0    73     0     0  1445    85     0  2065]
 [   22     0     0   293     0     0    46  2180     0  4965]
 [    4     0     0    18     0     0     3   137     0   504]
 [   78     0     0   197     0     2   475   933     0 18328]]

