Title: Fully Connected - Words: 1000, Batch: 128, Epochs: 6, Outputs: 128

Results of Training Set

--------------------
Accuracy: 0.6481266719240463, F1 Score: 0.34124518648272717, Precision: 0.6872418708774528, Recall: 0.30979267949181954

              precision    recall  f1-score   support

           0       0.69      0.26      0.37      8263
           1       0.88      0.02      0.03      3968
           2       0.95      0.04      0.07      1050
           3       0.85      0.83      0.84     14541
           4       0.00      0.00      0.00      1763
           5       0.70      0.19      0.30      4392
           6       0.79      0.50      0.61     11089
           7       0.62      0.33      0.43     22288
           8       0.79      0.01      0.02      1971
           9       0.61      0.93      0.73     60017

   micro avg       0.65      0.65      0.65    129342
   macro avg       0.69      0.31      0.34    129342
weighted avg       0.67      0.65      0.60    129342
 samples avg       0.65      0.65      0.65    129342


[[ 2122     0     0    13     0    64    14   298     1  5751]
 [   12    65     0   241     0    10   127   485     1  3027]
 [   40     0    37     8     0     7    24    71     0   863]
 [   17     1     0 12093     0     5    55   674     0  1696]
 [    3     1     0    27     0     3    13    46     0  1670]
 [  149     0     0    67     0   847    16   474     0  2839]
 [    4     0     1   218     0     5  5493   191     0  5177]
 [  181     5     1   934     0   101   160  7313     2 13591]
 [   20     0     0    76     0    15    19   347    22  1472]
 [  532     2     0   561     0   146  1029  1907     2 55838]]

Results of Validation Set

--------------------
Accuracy: 0.6100106693881338, F1 Score: 0.2984240528676129, Precision: 0.6445610211343303, Recall: 0.27659959175822496

              precision    recall  f1-score   support

           0       0.58      0.19      0.29      2797
           1       0.78      0.01      0.01      1370
           2       0.90      0.02      0.05       371
           3       0.81      0.79      0.80      4733
           4       0.00      0.00      0.00       600
           5       0.53      0.13      0.21      1417
           6       0.72      0.43      0.54      3795
           7       0.55      0.28      0.37      7454
           8       1.00      0.00      0.01       665
           9       0.58      0.91      0.71     19912

   micro avg       0.61      0.61      0.61     43114
   macro avg       0.64      0.28      0.30     43114
weighted avg       0.62      0.61      0.55     43114
 samples avg       0.61      0.61      0.61     43114


[[  536     0     0     6     0    33     9    98     0  2115]
 [    3     7     0   106     0     3    38   186     0  1027]
 [    6     0     9     5     0     3     7    20     0   321]
 [    5     0     0  3734     0     2    31   280     0   681]
 [    7     0     0     4     0     1     3    30     0   555]
 [   56     0     0    18     0   190     6   160     0   987]
 [    7     0     0    86     0     1  1622    59     0  2020]
 [   68     1     1   376     0    46    57  2110     0  4795]
 [    3     0     0    24     0     8     5   123     2   500]
 [  238     1     0   238     0    71   474   800     0 18090]]

Results of Test Set

--------------------
Accuracy: 0.6081319293037064, F1 Score: 0.29698902590619297, Precision: 0.5848720777439488, Recall: 0.27533314626937616

              precision    recall  f1-score   support

           0       0.54      0.18      0.27      2795
           1       0.67      0.01      0.01      1321
           2       0.90      0.03      0.05       355
           3       0.82      0.79      0.81      4700
           4       0.00      0.00      0.00       585
           5       0.52      0.13      0.20      1504
           6       0.70      0.42      0.53      3669
           7       0.54      0.28      0.37      7506
           8       0.58      0.01      0.02       666
           9       0.58      0.91      0.71     20013

   micro avg       0.61      0.61      0.61     43114
   macro avg       0.58      0.28      0.30     43114
weighted avg       0.60      0.61      0.55     43114
 samples avg       0.61      0.61      0.61     43114


[[  512     0     0     5     0    27    11   117     0  2123]
 [    5     8     0    75     0     3    40   160     2  1028]
 [   13     0     9     4     0     6     9    33     0   281]
 [    7     1     0  3735     0     0    27   272     0   658]
 [    1     0     0     5     0     0     5    20     0   554]
 [   61     0     0    20     0   191    10   143     0  1079]
 [    1     1     0    78     0     2  1551    72     0  1964]
 [   77     1     0   398     0    57    49  2092     2  4830]
 [    8     0     0    22     0     7     3   125     7   494]
 [  267     1     1   220     0    77   503   829     1 18114]]

