Title: Fully Connected - Words: 1000, Batch: 32, Epochs: 6, Outputs: 256

Results of Training Set

--------------------
Accuracy: 0.695064248272023, F1 Score: 0.4313730600609775, Precision: 0.8348692882319895, Recall: 0.3796032579922475

              precision    recall  f1-score   support

           0       0.76      0.45      0.57      8263
           1       0.92      0.04      0.08      3968
           2       0.93      0.12      0.22      1050
           3       0.90      0.84      0.87     14541
           4       1.00      0.01      0.01      1763
           5       0.77      0.34      0.47      4392
           6       0.87      0.56      0.68     11089
           7       0.67      0.42      0.52     22288
           8       0.88      0.07      0.13      1971
           9       0.65      0.94      0.77     60017

   micro avg       0.70      0.70      0.70    129342
   macro avg       0.83      0.38      0.43    129342
weighted avg       0.73      0.70      0.66    129342
 samples avg       0.70      0.70      0.70    129342


[[ 3705     0     0     8     0    68     9   271     0  4202]
 [   14   162     0   175     0    14    91   573     0  2939]
 [   43     0   130     1     0    10    16    89     0   761]
 [   36     4     0 12267     0     8    37   761     2  1426]
 [    7     0     0    17    10     2     6    50     0  1671]
 [  178     0     0    51     0  1502     7   431     2  2221]
 [    9     3     1   178     0     2  6235   196     0  4465]
 [  214     5     8   558     0   129   130  9339     8 11897]
 [   31     1     0    61     0    29    12   312   139  1386]
 [  612     2     1   302     0   180   622  1879     7 56412]]

Results of Validation Set

--------------------
Accuracy: 0.6125620448114302, F1 Score: 0.3251328444292037, Precision: 0.5734600375885163, Recall: 0.2949798439122403

              precision    recall  f1-score   support

           0       0.52      0.26      0.34      2797
           1       0.71      0.02      0.03      1370
           2       0.68      0.06      0.10       371
           3       0.84      0.77      0.80      4733
           4       0.00      0.00      0.00       600
           5       0.52      0.19      0.28      1417
           6       0.72      0.43      0.53      3795
           7       0.53      0.32      0.40      7454
           8       0.64      0.02      0.05       665
           9       0.59      0.89      0.71     19912

   micro avg       0.61      0.61      0.61     43114
   macro avg       0.57      0.29      0.33     43114
weighted avg       0.61      0.61      0.57     43114
 samples avg       0.61      0.61      0.61     43114


[[  719     0     3     8     0    50     9   133     0  1875]
 [    3    24     0    86     0     3    42   196     0  1016]
 [   15     0    21     2     0     3    10    29     0   291]
 [   14     4     0  3644     0     2    32   354     1   682]
 [    5     0     0     3     0     3     5    36     0   548]
 [   80     1     0    18     0   271     6   188     0   853]
 [    7     2     1    77     0     2  1618    80     0  2008]
 [  118     1     1   282     0    71    54  2356     5  4566]
 [   14     0     0    24     0     9     6   127    16   469]
 [  401     2     5   202     0   110   480   968     3 17741]]

Results of Test Set

--------------------
Accuracy: 0.6135362063366888, F1 Score: 0.32282468880168363, Precision: 0.5694972459475015, Recall: 0.2935740625081047

              precision    recall  f1-score   support

           0       0.50      0.25      0.34      2795
           1       0.64      0.01      0.03      1321
           2       0.78      0.06      0.11       355
           3       0.85      0.77      0.81      4700
           4       0.00      0.00      0.00       585
           5       0.50      0.18      0.26      1504
           6       0.70      0.42      0.53      3669
           7       0.53      0.32      0.40      7506
           8       0.60      0.02      0.04       666
           9       0.59      0.89      0.71     20013

   micro avg       0.61      0.61      0.61     43114
   macro avg       0.57      0.29      0.32     43114
weighted avg       0.61      0.61      0.57     43114
 samples avg       0.61      0.61      0.61     43114


[[  710     1     0     7     0    46     9   133     0  1889]
 [    7    18     0    63     0     3    37   183     0  1010]
 [   18     0    21     4     0     5    12    32     0   263]
 [   13     1     0  3638     0     0    32   361     0   655]
 [    8     0     0     5     0     1     7    31     0   533]
 [   85     1     0    22     0   270    13   186     1   926]
 [    9     1     0    65     0     2  1554    97     0  1941]
 [  136     4     2   290     0    82    54  2386     5  4547]
 [   12     0     0    14     0     6     5   143    15   471]
 [  418     2     4   186     1   122   505   931     4 17840]]

