Title: Fully Connected - Words: 1000, Batch: 64, Epochs: 6, Outputs: 256

Results of Training Set

--------------------
Accuracy: 0.693200971068949, F1 Score: 0.4248965435445343, Precision: 0.8108520071572414, Recall: 0.3763614400967542

              precision    recall  f1-score   support

           0       0.72      0.44      0.54      8263
           1       0.89      0.05      0.10      3968
           2       0.89      0.12      0.21      1050
           3       0.90      0.83      0.87     14541
           4       1.00      0.01      0.01      1763
           5       0.78      0.30      0.43      4392
           6       0.82      0.58      0.68     11089
           7       0.65      0.46      0.54     22288
           8       0.81      0.06      0.11      1971
           9       0.65      0.93      0.77     60017

   micro avg       0.69      0.69      0.69    129342
   macro avg       0.81      0.38      0.42    129342
weighted avg       0.72      0.69      0.66    129342
 samples avg       0.69      0.69      0.69    129342


[[ 3618     0     2     7     0    48    14   410     0  4164]
 [   19   208     0   163     0     8   140   605     2  2823]
 [   42     0   122     4     0     7    29    94     0   752]
 [   34     5     0 12096     0     5    39   876     1  1485]
 [   21     0     0    17    11     3    12    69     1  1629]
 [  231     1     1    42     0  1312    24   521     5  2255]
 [   12     8     1   193     0     1  6410   228     0  4236]
 [  311     6     9   518     0   105   171 10180     7 10981]
 [   53     0     0    58     0    20    17   381   117  1325]
 [  718     7     2   307     0   177   953  2256    11 55586]]

Results of Validation Set

--------------------
Accuracy: 0.6136057893027786, F1 Score: 0.32520344403699386, Precision: 0.5116002502687956, Recall: 0.29768073841172693

              precision    recall  f1-score   support

           0       0.51      0.28      0.36      2797
           1       0.55      0.02      0.04      1370
           2       0.60      0.05      0.09       371
           3       0.85      0.76      0.80      4733
           4       0.00      0.00      0.00       600
           5       0.54      0.18      0.27      1417
           6       0.68      0.45      0.54      3795
           7       0.52      0.35      0.42      7454
           8       0.27      0.01      0.02       665
           9       0.60      0.87      0.71     19912

   micro avg       0.61      0.61      0.61     43114
   macro avg       0.51      0.30      0.33     43114
weighted avg       0.60      0.61      0.57     43114
 samples avg       0.61      0.61      0.61     43114


[[  780     0     2    10     0    31     6   163     0  1805]
 [    5    27     0    81     0     5    53   232     2   965]
 [   17     0    18     1     0     2     8    23     0   302]
 [    9     6     0  3618     0     2    35   365     2   696]
 [    7     0     0     3     0     2     4    39     0   545]
 [  111     0     2    13     0   254    10   208     1   818]
 [   14     1     1    77     0     3  1698    87     0  1914]
 [  163     7     4   254     0    60    65  2633    10  4258]
 [   17     0     0    21     0    12     5   152     7   451]
 [  419     8     3   187     0    97   603  1171     4 17420]]

Results of Test Set

--------------------
Accuracy: 0.613420234726539, F1 Score: 0.32646062222545835, Precision: 0.5268061033442634, Recall: 0.29754727039298573

              precision    recall  f1-score   support

           0       0.49      0.27      0.35      2795
           1       0.43      0.01      0.03      1321
           2       0.59      0.05      0.09       355
           3       0.86      0.77      0.81      4700
           4       0.00      0.00      0.00       585
           5       0.54      0.17      0.26      1504
           6       0.69      0.44      0.54      3669
           7       0.52      0.35      0.41      7506
           8       0.56      0.03      0.06       666
           9       0.60      0.88      0.71     20013

   micro avg       0.61      0.61      0.61     43114
   macro avg       0.53      0.30      0.33     43114
weighted avg       0.60      0.61      0.57     43114
 samples avg       0.61      0.61      0.61     43114


[[  767     0     1     5     0    34    14   178     0  1796]
 [   12    19     0    59     0     2    44   220     1   964]
 [   22     0    17     4     0     3    10    31     0   268]
 [   12     5     1  3616     0     0    25   375     2   664]
 [    7     0     0     4     0     0     7    29     0   538]
 [  111     4     1    19     0   259    10   175     3   922]
 [    5     2     0    67     0     6  1624   114     0  1851]
 [  156     9     2   254     0    69    64  2595     6  4351]
 [   16     1     0    19     0    11     7   143    22   447]
 [  470     4     7   170     0    93   561  1175     5 17528]]

