Title: Fully Connected - Words: 1000, Batch: 128, Epochs: 6, Outputs: 256

Results of Training Set

--------------------
Accuracy: 0.6856860107312397, F1 Score: 0.40534350786468887, Precision: 0.8183684729691638, Recall: 0.3596397380426972

              precision    recall  f1-score   support

           0       0.75      0.38      0.50      8263
           1       0.83      0.06      0.11      3968
           2       0.94      0.07      0.13      1050
           3       0.89      0.83      0.86     14541
           4       1.00      0.00      0.01      1763
           5       0.73      0.32      0.45      4392
           6       0.84      0.54      0.66     11089
           7       0.66      0.42      0.52     22288
           8       0.91      0.04      0.07      1971
           9       0.64      0.94      0.76     60017

   micro avg       0.69      0.69      0.69    129342
   macro avg       0.82      0.36      0.41    129342
weighted avg       0.72      0.69      0.65    129342
 samples avg       0.69      0.69      0.69    129342


[[ 3139     0     0     7     0   100     9   384     0  4624]
 [   15   224     0   188     0    17    98   498     1  2927]
 [   50     0    72     7     0    16    27    87     0   791]
 [   25     8     0 12067     0     8    51   808     0  1574]
 [   10     2     0    15     6     3     9    68     0  1650]
 [  150     0     0    52     0  1410    15   466     1  2298]
 [    7     8     1   197     0     2  6013   230     0  4631]
 [  203    18     4   593     0   161   166  9411     3 11729]
 [   32     0     0    66     0    25    14   356    69  1409]
 [  540    11     0   347     0   200   743  1897     2 56277]]

Results of Validation Set

--------------------
Accuracy: 0.6139305098111982, F1 Score: 0.3179144196116262, Precision: 0.538459671195721, Recall: 0.2906189362629007

              precision    recall  f1-score   support

           0       0.54      0.24      0.33      2797
           1       0.44      0.02      0.04      1370
           2       0.76      0.04      0.07       371
           3       0.84      0.77      0.80      4733
           4       0.00      0.00      0.00       600
           5       0.50      0.18      0.27      1417
           6       0.71      0.43      0.54      3795
           7       0.53      0.33      0.41      7454
           8       0.47      0.01      0.02       665
           9       0.59      0.89      0.71     19912

   micro avg       0.61      0.61      0.61     43114
   macro avg       0.54      0.29      0.32     43114
weighted avg       0.60      0.61      0.57     43114
 samples avg       0.61      0.61      0.61     43114


[[  667     0     0     8     0    44     7   151     0  1920]
 [    5    25     0    85     0     3    47   209     0   996]
 [   14     0    13     2     0     5     7    32     0   298]
 [   10     8     0  3637     0     4    40   344     1   689]
 [    4     0     0     1     0     1     5    39     0   550]
 [   64     0     0    15     0   260     8   183     0   887]
 [    9     3     2    84     0     3  1636    78     0  1980]
 [  111    12     2   273     0    84    62  2445     5  4460]
 [    9     0     0    23     0    14     4   129     7   479]
 [  353     9     0   200     0   100   475   994     2 17779]]

Results of Test Set

--------------------
Accuracy: 0.6137681495569884, F1 Score: 0.31799500937069675, Precision: 0.5504358230166788, Recall: 0.2903875821194092

              precision    recall  f1-score   support

           0       0.52      0.23      0.32      2795
           1       0.47      0.02      0.03      1321
           2       0.81      0.04      0.07       355
           3       0.85      0.78      0.81      4700
           4       0.00      0.00      0.00       585
           5       0.51      0.18      0.27      1504
           6       0.70      0.42      0.53      3669
           7       0.53      0.32      0.40      7506
           8       0.52      0.02      0.03       666
           9       0.59      0.89      0.71     20013

   micro avg       0.61      0.61      0.61     43114
   macro avg       0.55      0.29      0.32     43114
weighted avg       0.60      0.61      0.57     43114
 samples avg       0.61      0.61      0.61     43114


[[  653     0     0     3     0    55     9   186     0  1889]
 [    5    23     0    58     0     3    37   194     2   999]
 [   20     0    13     3     0     4    10    38     0   267]
 [    9     4     0  3664     0     0    26   332     0   665]
 [    5     0     0     4     0     1     6    28     0   541]
 [   75     1     0    16     0   277     8   173     2   952]
 [    4     5     1    70     0     3  1546    94     0  1946]
 [  111     8     1   303     0    80    67  2420     3  4513]
 [    9     0     0    20     0    11     4   134    11   477]
 [  372     8     1   177     0   107   490  1000     3 17855]]

