Title: Fully Connected - Words: 1000, Batch: 32, Epochs: 6, Outputs: 512

Results of Training Set

--------------------
Accuracy: 0.7695412163102473, F1 Score: 0.5688105860223922, Precision: 0.8703406882198905, Recall: 0.4973377494210401

              precision    recall  f1-score   support

           0       0.83      0.64      0.72      8263
           1       0.90      0.21      0.34      3968
           2       0.94      0.25      0.40      1050
           3       0.93      0.89      0.91     14541
           4       0.99      0.09      0.16      1763
           5       0.82      0.50      0.62      4392
           6       0.91      0.70      0.79     11089
           7       0.73      0.60      0.66     22288
           8       0.93      0.16      0.27      1971
           9       0.72      0.94      0.82     60017

   micro avg       0.77      0.77      0.77    129342
   macro avg       0.87      0.50      0.57    129342
weighted avg       0.79      0.77      0.75    129342
 samples avg       0.77      0.77      0.77    129342


[[ 5264     1     0     5     0    66     5   314     0  2608]
 [   12   830     1   121     0    14    75   650     0  2265]
 [   35     0   266     5     0     7     9   109     0   619]
 [   24    13     0 12920     0    10    29   550     1   994]
 [    5     1     0    15   154     5    11    89     1  1482]
 [  137     0     0    38     0  2185     8   445     9  1570]
 [    5    19     1   126     0     5  7752   248     0  2933]
 [  222    22     9   409     1   153   122 13480     5  7865]
 [   44     1     0    55     0    32     8   379   310  1142]
 [  590    37     5   255     1   198   458  2092     8 56373]]

Results of Validation Set

--------------------
Accuracy: 0.6181286820986223, F1 Score: 0.35258607697309313, Precision: 0.5733381440182536, Recall: 0.31999600710117226

              precision    recall  f1-score   support

           0       0.52      0.32      0.40      2797
           1       0.48      0.06      0.11      1370
           2       0.72      0.07      0.13       371
           3       0.83      0.78      0.80      4733
           4       0.33      0.00      0.01       600
           5       0.51      0.24      0.33      1417
           6       0.69      0.45      0.55      3795
           7       0.51      0.39      0.44      7454
           8       0.54      0.03      0.06       665
           9       0.61      0.85      0.71     19912

   micro avg       0.62      0.62      0.62     43114
   macro avg       0.57      0.32      0.35     43114
weighted avg       0.61      0.62      0.58     43114
 samples avg       0.62      0.62      0.62     43114


[[  900     1     3    14     0    58     6   203     0  1612]
 [    7    81     0    87     0     3    55   260     0   877]
 [   23     0    26     2     0     3    12    39     0   266]
 [   12    15     0  3678     0     8    31   349     4   636]
 [    8     0     0     3     2     1     5    56     0   525]
 [   86     1     0    17     0   347     8   219     1   738]
 [   16    12     1    86     0     5  1718   100     0  1857]
 [  162    26     3   278     1    97    89  2873     4  3921]
 [   18     0     0    26     1    22     7   154    21   416]
 [  514    34     3   226     2   134   577  1409     9 17004]]

Results of Test Set

--------------------
Accuracy: 0.6148118940483369, F1 Score: 0.3451468364727049, Precision: 0.5708116477663366, Recall: 0.314411555567613

              precision    recall  f1-score   support

           0       0.48      0.31      0.38      2795
           1       0.44      0.05      0.08      1321
           2       0.67      0.06      0.11       355
           3       0.84      0.78      0.81      4700
           4       0.43      0.01      0.01       585
           5       0.53      0.24      0.33      1504
           6       0.68      0.44      0.54      3669
           7       0.50      0.38      0.43      7506
           8       0.54      0.03      0.05       666
           9       0.61      0.85      0.71     20013

   micro avg       0.61      0.61      0.61     43114
   macro avg       0.57      0.31      0.35     43114
weighted avg       0.60      0.61      0.58     43114
 samples avg       0.61      0.61      0.61     43114


[[  869     1     1     6     0    55     6   232     0  1625]
 [   15    61     0    60     0     6    49   251     1   878]
 [   33     0    22     2     0     6    13    41     0   238]
 [   18     7     1  3683     0     2    27   361     1   600]
 [    7     0     0     6     3     1     7    49     0   512]
 [  100     6     1    19     0   357     8   223     3   787]
 [    8    10     0    71     0     3  1617   124     0  1836]
 [  193    21     2   320     1    88    62  2841     4  3974]
 [   15     2     0    19     0    15     4   166    19   426]
 [  560    32     6   213     3   142   570  1445     7 17035]]

