Title: Fully Connected - Words: 1000, Batch: 64, Epochs: 6, Outputs: 512

Results of Training Set

--------------------
Accuracy: 0.7578048893630839, F1 Score: 0.5337899606054413, Precision: 0.863308824211067, Recall: 0.4673278859841104

              precision    recall  f1-score   support

           0       0.88      0.54      0.67      8263
           1       0.87      0.17      0.29      3968
           2       0.95      0.18      0.30      1050
           3       0.91      0.90      0.90     14541
           4       0.98      0.03      0.07      1763
           5       0.77      0.49      0.60      4392
           6       0.90      0.68      0.78     11089
           7       0.75      0.57      0.65     22288
           8       0.92      0.17      0.28      1971
           9       0.71      0.95      0.81     60017

   micro avg       0.76      0.76      0.76    129342
   macro avg       0.86      0.47      0.53    129342
weighted avg       0.78      0.76      0.73    129342
 samples avg       0.76      0.76      0.76    129342


[[ 4427     0     1     4     1   107     9   356     2  3356]
 [   11   688     0   141     0    23    98   545     1  2461]
 [   29     0   188     7     0    13    19   114     0   680]
 [   11    12     0 13036     0    12    28   496     3   943]
 [    8     2     0    18    61     3    10    73     0  1588]
 [  102     1     1    45     0  2143    11   458     5  1626]
 [    6    21     1   153     0     6  7581   245     1  3075]
 [  133    30     5   482     0   183   136 12689    11  8619]
 [   36     1     0    62     0    34    16   323   326  1173]
 [  281    37     2   333     0   246   546  1688     7 56877]]

Results of Validation Set

--------------------
Accuracy: 0.6174328524377233, F1 Score: 0.3411192053730378, Precision: 0.5254030975907408, Recall: 0.31051125464497337

              precision    recall  f1-score   support

           0       0.56      0.24      0.34      2797
           1       0.49      0.05      0.08      1370
           2       0.62      0.05      0.09       371
           3       0.83      0.79      0.81      4733
           4       0.00      0.00      0.00       600
           5       0.50      0.26      0.34      1417
           6       0.68      0.45      0.54      3795
           7       0.52      0.37      0.43      7454
           8       0.45      0.04      0.07       665
           9       0.60      0.87      0.71     19912

   micro avg       0.62      0.62      0.62     43114
   macro avg       0.53      0.31      0.34     43114
weighted avg       0.60      0.62      0.58     43114
 samples avg       0.62      0.62      0.62     43114


[[  678     0     2    10     0    70     9   170     0  1858]
 [    1    63     0    90     0     7    58   247     1   903]
 [   14     0    18     3     0     5     8    37     0   286]
 [    5    13     0  3744     0     7    34   317     3   610]
 [    7     0     0     4     0     3     4    42     1   539]
 [   64     2     3    17     0   363     7   209     5   747]
 [    9     8     2    92     0     3  1700   102     0  1879]
 [  110    16     1   296     2    98    68  2735     5  4123]
 [    8     1     0    24     0    19     3   140    25   445]
 [  322    25     3   245     1   156   602  1249    15 17294]]

Results of Test Set

--------------------
Accuracy: 0.6191492322679408, F1 Score: 0.341229619839237, Precision: 0.5249057958901758, Recall: 0.3105090888667129

              precision    recall  f1-score   support

           0       0.55      0.25      0.34      2795
           1       0.40      0.04      0.07      1321
           2       0.59      0.05      0.08       355
           3       0.83      0.80      0.81      4700
           4       0.00      0.00      0.00       585
           5       0.50      0.25      0.33      1504
           6       0.69      0.45      0.54      3669
           7       0.51      0.36      0.42      7506
           8       0.57      0.05      0.09       666
           9       0.61      0.87      0.72     20013

   micro avg       0.62      0.62      0.62     43114
   macro avg       0.52      0.31      0.34     43114
weighted avg       0.60      0.62      0.58     43114
 samples avg       0.62      0.62      0.62     43114


[[  693     3     1     8     0    73     9   198     0  1810]
 [   11    53     0    76     0     4    42   213     2   920]
 [   22     0    16     3     0     7    15    47     0   245]
 [    8    17     1  3745     0     6    25   321     2   575]
 [    5     0     0     7     0     1     9    37     0   526]
 [   60     3     0    22     0   370    10   223     6   810]
 [    7     8     0    74     0     3  1649   114     0  1814]
 [  125    12     1   326     0    99    70  2691    11  4171]
 [    7     3     0    26     0    16     3   160    33   418]
 [  323    32     8   236     0   163   574  1229     4 17444]]

