Title: Fully Connected - Words: 1000, Batch: 128, Epochs: 6, Outputs: 512

Results of Training Set

--------------------
Accuracy: 0.7454887043651715, F1 Score: 0.5041572785854297, Precision: 0.8505678014165806, Recall: 0.4424735135919337

              precision    recall  f1-score   support

           0       0.85      0.53      0.65      8263
           1       0.85      0.12      0.22      3968
           2       0.95      0.17      0.28      1050
           3       0.91      0.88      0.90     14541
           4       0.94      0.03      0.05      1763
           5       0.77      0.43      0.56      4392
           6       0.90      0.64      0.75     11089
           7       0.72      0.57      0.63     22288
           8       0.91      0.11      0.20      1971
           9       0.70      0.94      0.80     60017

   micro avg       0.75      0.75      0.75    129342
   macro avg       0.85      0.44      0.50    129342
weighted avg       0.77      0.75      0.72    129342
 samples avg       0.75      0.75      0.75    129342


[[ 4344     1     0     6     1   100    13   410     2  3386]
 [   17   495     0   181     0    22   107   562     0  2584]
 [   41     0   175     7     0     9    16   121     0   681]
 [   17    12     0 12844     0    12    35   517     0  1104]
 [    7     4     0    21    48     7    10    98     1  1567]
 [  136     0     0    46     0  1910    11   514     7  1768]
 [    5    20     1   161     1     5  7084   278     0  3534]
 [  171    21     5   454     0   166   117 12606     4  8744]
 [   36     0     0    58     0    33    19   392   223  1210]
 [  363    28     3   279     1   216   478  1948     7 56694]]

Results of Validation Set

--------------------
Accuracy: 0.6186853458273415, F1 Score: 0.34255699382082927, Precision: 0.5978216062900217, Recall: 0.31075352445084364

              precision    recall  f1-score   support

           0       0.54      0.26      0.35      2797
           1       0.51      0.04      0.07      1370
           2       0.77      0.06      0.12       371
           3       0.83      0.79      0.81      4733
           4       0.50      0.00      0.00       600
           5       0.51      0.24      0.32      1417
           6       0.70      0.44      0.54      3795
           7       0.52      0.38      0.44      7454
           8       0.49      0.03      0.06       665
           9       0.60      0.87      0.71     19912

   micro avg       0.62      0.62      0.62     43114
   macro avg       0.60      0.31      0.34     43114
weighted avg       0.61      0.62      0.58     43114
 samples avg       0.62      0.62      0.62     43114


[[  716     0     2     7     0    56     6   200     0  1810]
 [    5    55     0    91     0     6    52   238     0   923]
 [   21     0    24     2     0     2     9    36     0   277]
 [    9    10     0  3744     0     5    30   324     2   609]
 [    7     0     0     4     1     3     5    44     0   536]
 [   70     0     0    19     1   336    11   221     1   758]
 [   10     2     1    81     0     1  1671    87     0  1942]
 [  114    14     2   294     0    88    79  2820     8  4035]
 [    9     0     0    26     0    17     5   154    20   434]
 [  356    26     2   235     0   149   525  1322    10 17287]]

Results of Test Set

--------------------
Accuracy: 0.6171777148953936, F1 Score: 0.3351110289994458, Precision: 0.5177295420320016, Recall: 0.3060629539712182

              precision    recall  f1-score   support

           0       0.52      0.26      0.35      2795
           1       0.43      0.03      0.05      1321
           2       0.50      0.05      0.09       355
           3       0.84      0.80      0.82      4700
           4       0.00      0.00      0.00       585
           5       0.50      0.22      0.31      1504
           6       0.69      0.43      0.53      3669
           7       0.51      0.37      0.43      7506
           8       0.58      0.03      0.06       666
           9       0.61      0.87      0.71     20013

   micro avg       0.62      0.62      0.62     43114
   macro avg       0.52      0.31      0.34     43114
weighted avg       0.60      0.62      0.58     43114
 samples avg       0.62      0.62      0.62     43114


[[  730     2     4     5     0    67     9   226     0  1752]
 [    7    38     0    75     0     3    39   228     1   930]
 [   17     0    18     5     0     5    13    42     0   255]
 [   10    10     2  3741     0     2    28   321     0   586]
 [    4     1     0     7     0     3     5    42     0   523]
 [   81     1     0    18     0   338    11   223     5   827]
 [    4     8     1    78     0     5  1574   127     0  1872]
 [  126    14     3   316     0   100    62  2786     5  4094]
 [   11     2     0    24     0    15     3   149    21   441]
 [  411    12     8   210     0   136   540  1329     4 17363]]

