Title: Fully Connected - Words: 1000, Batch: 32, Epochs: 7, Outputs: 10

Results of Training Set

--------------------
Accuracy: 0.5836387252400612, F1 Score: 0.21662232591921343, Precision: 0.33199047833020356, Recall: 0.2151408433188881

              precision    recall  f1-score   support

           0       0.50      0.00      0.00      8263
           1       0.00      0.00      0.00      3968
           2       0.00      0.00      0.00      1050
           3       0.88      0.73      0.80     14541
           4       0.00      0.00      0.00      1763
           5       0.00      0.00      0.00      4392
           6       0.81      0.31      0.44     11089
           7       0.59      0.14      0.22     22288
           8       0.00      0.00      0.00      1971
           9       0.54      0.97      0.70     60017

   micro avg       0.58      0.58      0.58    129342
   macro avg       0.33      0.22      0.22    129342
weighted avg       0.55      0.58      0.49    129342
 samples avg       0.58      0.58      0.58    129342


[[   20     0     0     4     0     0     1    26     0  8212]
 [    0     0     0   143     0     0    41   219     0  3565]
 [    0     0     0     6     0     0    12    20     0  1012]
 [    2     0     0 10662     0     0    34   819     0  3024]
 [    0     0     0    11     0     0     4    18     0  1730]
 [    4     0     0    36     0     0     4   124     0  4224]
 [    0     0     0   196     0     0  3399    72     0  7422]
 [    1     0     0   653     0     0    55  3051     0 18528]
 [    0     0     0    53     0     0     7   174     0  1737]
 [   13     0     0   374     0     0   658   615     0 58357]]

Results of Validation Set

--------------------
Accuracy: 0.5744073850721343, F1 Score: 0.21146656795937205, Precision: 0.3589732046170904, Recall: 0.21093553952714755

              precision    recall  f1-score   support

           0       0.85      0.00      0.01      2797
           1       0.00      0.00      0.00      1370
           2       0.00      0.00      0.00       371
           3       0.86      0.71      0.78      4733
           4       0.00      0.00      0.00       600
           5       0.00      0.00      0.00      1417
           6       0.78      0.29      0.42      3795
           7       0.57      0.13      0.21      7454
           8       0.00      0.00      0.00       665
           9       0.54      0.97      0.69     19912

   micro avg       0.57      0.57      0.57     43114
   macro avg       0.36      0.21      0.21     43114
weighted avg       0.56      0.57      0.48     43114
 samples avg       0.57      0.57      0.57     43114


[[   11     0     0     4     0     0     0    10     0  2772]
 [    0     0     0    63     0     0    20    74     0  1213]
 [    0     0     0     0     0     0     3     4     0   364]
 [    0     0     0  3380     0     0    14   285     0  1054]
 [    0     0     0     3     0     0     0     8     0   589]
 [    0     0     0    12     0     0     0    52     0  1353]
 [    0     0     0    69     0     0  1109    24     0  2593]
 [    0     0     0   230     0     0    19   969     0  6236]
 [    0     0     0    16     0     0     2    69     0   578]
 [    2     0     0   149     0     0   259   206     0 19296]]

Results of Test Set

--------------------
Accuracy: 0.5748944658347637, F1 Score: 0.21010609920366502, Precision: 0.34243407015797317, Recall: 0.2104219442137884

              precision    recall  f1-score   support

           0       0.69      0.00      0.01      2795
           1       0.00      0.00      0.00      1321
           2       0.00      0.00      0.00       355
           3       0.87      0.72      0.79      4700
           4       0.00      0.00      0.00       585
           5       0.00      0.00      0.00      1504
           6       0.77      0.29      0.42      3669
           7       0.56      0.12      0.20      7506
           8       0.00      0.00      0.00       666
           9       0.54      0.97      0.69     20013

   micro avg       0.57      0.57      0.57     43114
   macro avg       0.34      0.21      0.21     43114
weighted avg       0.55      0.57      0.48     43114
 samples avg       0.57      0.57      0.57     43114


[[    9     0     0     1     0     0     1    17     0  2767]
 [    0     0     0    41     0     0    14    74     0  1192]
 [    0     0     0     2     0     0     4     7     0   342]
 [    0     0     0  3404     0     0    14   277     0  1005]
 [    0     0     0     4     0     0     3     8     0   570]
 [    1     0     0    13     0     0     4    44     0  1442]
 [    0     0     0    60     0     0  1051    23     0  2535]
 [    1     0     0   259     0     0    21   899     0  6326]
 [    0     0     0    16     0     0     4    50     0   596]
 [    2     0     0   132     0     0   249   207     0 19423]]

