Title: Fully Connected - Words: 1000, Batch: 64, Epochs: 7, Outputs: 10

Results of Training Set

--------------------
Accuracy: 0.5923520588826522, F1 Score: 0.22742789399042224, Precision: 0.3544226945000012, Recall: 0.22473970302318508

              precision    recall  f1-score   support

           0       0.76      0.00      0.01      8263
           1       0.00      0.00      0.00      3968
           2       0.00      0.00      0.00      1050
           3       0.87      0.75      0.80     14541
           4       0.00      0.00      0.00      1763
           5       0.00      0.00      0.00      4392
           6       0.79      0.35      0.49     11089
           7       0.58      0.18      0.28     22288
           8       0.00      0.00      0.00      1971
           9       0.55      0.96      0.70     60017

   micro avg       0.59      0.59      0.59    129342
   macro avg       0.35      0.22      0.23    129342
weighted avg       0.57      0.59      0.51    129342
 samples avg       0.59      0.59      0.59    129342


[[   22     0     0     4     0     0     3    45     0  8189]
 [    0     0     0   156     0     0    48   317     0  3447]
 [    1     0     0     4     0     0    18    31     0   996]
 [    0     0     0 10875     0     0    35  1053     0  2578]
 [    0     0     0     8     0     0     6    32     0  1717]
 [    1     0     0    38     0     0     6   183     0  4164]
 [    0     0     0   205     0     0  3911   108     0  6865]
 [    2     0     0   728     0     0    87  4053     0 17418]
 [    0     0     0    56     0     0     8   219     0  1688]
 [    3     0     0   424     0     0   837   998     0 57755]]

Results of Validation Set

--------------------
Accuracy: 0.5829428955791622, F1 Score: 0.2221383120166271, Precision: 0.372192666357988, Recall: 0.22031421290696174

              precision    recall  f1-score   support

           0       1.00      0.00      0.01      2797
           1       0.00      0.00      0.00      1370
           2       0.00      0.00      0.00       371
           3       0.86      0.73      0.79      4733
           4       0.00      0.00      0.00       600
           5       0.00      0.00      0.00      1417
           6       0.77      0.33      0.47      3795
           7       0.55      0.17      0.26      7454
           8       0.00      0.00      0.00       665
           9       0.54      0.96      0.69     19912

   micro avg       0.58      0.58      0.58     43114
   macro avg       0.37      0.22      0.22     43114
weighted avg       0.57      0.58      0.49     43114
 samples avg       0.58      0.58      0.58     43114


[[   11     0     0     4     0     0     2    19     0  2761]
 [    0     0     0    75     0     0    19   109     0  1167]
 [    0     0     0     0     0     0     4     7     0   360]
 [    0     0     0  3470     0     0    18   363     0   882]
 [    0     0     0     2     0     0     0    16     0   582]
 [    0     0     0    14     0     0     3    66     0  1334]
 [    0     0     0    75     0     0  1267    35     0  2418]
 [    0     0     0   241     0     0    22  1292     0  5899]
 [    0     0     0    19     0     0     2    73     0   571]
 [    0     0     0   156     0     0   315   348     0 19093]]

Results of Test Set

--------------------
Accuracy: 0.5828269239690124, F1 Score: 0.2212272712360511, Precision: 0.33704354040158374, Recall: 0.21971659314187258

              precision    recall  f1-score   support

           0       0.67      0.00      0.01      2795
           1       0.00      0.00      0.00      1321
           2       0.00      0.00      0.00       355
           3       0.86      0.73      0.79      4700
           4       0.00      0.00      0.00       585
           5       0.00      0.00      0.00      1504
           6       0.76      0.34      0.46      3669
           7       0.54      0.17      0.26      7506
           8       0.00      0.00      0.00       666
           9       0.55      0.96      0.70     20013

   micro avg       0.58      0.58      0.58     43114
   macro avg       0.34      0.22      0.22     43114
weighted avg       0.55      0.58      0.49     43114
 samples avg       0.58      0.58      0.58     43114


[[    8     0     0     1     0     0     3    25     0  2758]
 [    0     0     0    50     0     0    15   120     0  1136]
 [    0     0     0     4     0     0     5     8     0   338]
 [    0     0     0  3443     0     0    14   383     0   860]
 [    0     0     0     4     0     0     3    12     0   566]
 [    1     0     0    13     0     0     8    59     0  1423]
 [    0     0     0    65     0     0  1230    31     0  2343]
 [    1     0     0   272     0     0    27  1259     0  5947]
 [    0     0     0    17     0     0     2    65     0   582]
 [    2     0     0   153     0     0   315   355     0 19188]]

