Title: Fully Connected - Words: 1000, Batch: 128, Epochs: 7, Outputs: 10

Results of Training Set

--------------------
Accuracy: 0.5889888821883069, F1 Score: 0.221385231397231, Precision: 0.34254953096250806, Recall: 0.22097451871560098

              precision    recall  f1-score   support

           0       0.62      0.00      0.01      8263
           1       0.00      0.00      0.00      3968
           2       0.00      0.00      0.00      1050
           3       0.85      0.77      0.80     14541
           4       0.00      0.00      0.00      1763
           5       0.00      0.00      0.00      4392
           6       0.80      0.32      0.45     11089
           7       0.61      0.16      0.25     22288
           8       0.00      0.00      0.00      1971
           9       0.55      0.97      0.70     60017

   micro avg       0.59      0.59      0.59    129342
   macro avg       0.34      0.22      0.22    129342
weighted avg       0.56      0.59      0.50    129342
 samples avg       0.59      0.59      0.59    129342


[[   23     0     0     6     0     0     1    35     0  8198]
 [    0     0     0   196     0     0    37   238     0  3497]
 [    3     0     0     5     0     0     9    28     0  1005]
 [    0     0     0 11135     0     0    30   746     0  2630]
 [    0     0     0    14     0     0     5    21     0  1723]
 [    6     0     0    48     0     0     5   136     0  4197]
 [    0     0     0   220     0     0  3512    90     0  7267]
 [    3     0     0   938     0     0    75  3531     0 17741]
 [    0     0     0    61     0     0     8   161     0  1741]
 [    2     0     0   519     0     0   707   809     0 57980]]

Results of Validation Set

--------------------
Accuracy: 0.5804611031219558, F1 Score: 0.21694812073119615, Precision: 0.3243166922971237, Recall: 0.21756141165562157

              precision    recall  f1-score   support

           0       0.50      0.00      0.00      2797
           1       0.00      0.00      0.00      1370
           2       0.00      0.00      0.00       371
           3       0.83      0.75      0.79      4733
           4       0.00      0.00      0.00       600
           5       0.00      0.00      0.00      1417
           6       0.79      0.31      0.44      3795
           7       0.58      0.15      0.24      7454
           8       0.00      0.00      0.00       665
           9       0.54      0.96      0.69     19912

   micro avg       0.58      0.58      0.58     43114
   macro avg       0.32      0.22      0.22     43114
weighted avg       0.54      0.58      0.49     43114
 samples avg       0.58      0.58      0.58     43114


[[    7     0     0     4     0     0     1    12     0  2773]
 [    0     0     0    86     0     0    17    77     0  1190]
 [    0     0     0     0     0     0     3     4     0   364]
 [    0     0     0  3568     0     0    13   258     0   894]
 [    0     0     0     3     0     0     0    13     0   584]
 [    3     0     0    14     0     0     1    60     0  1339]
 [    0     0     0    79     0     0  1161    31     0  2524]
 [    1     0     0   313     0     0    23  1124     0  5993]
 [    1     0     0    20     0     0     1    59     0   584]
 [    2     0     0   195     0     0   256   293     0 19166]]

Results of Test Set

--------------------
Accuracy: 0.5802059655796261, F1 Score: 0.215248537227429, Precision: 0.31798924860310523, Recall: 0.2163929561597051

              precision    recall  f1-score   support

           0       0.45      0.00      0.00      2795
           1       0.00      0.00      0.00      1321
           2       0.00      0.00      0.00       355
           3       0.84      0.76      0.79      4700
           4       0.00      0.00      0.00       585
           5       0.00      0.00      0.00      1504
           6       0.77      0.30      0.43      3669
           7       0.57      0.14      0.23      7506
           8       0.00      0.00      0.00       666
           9       0.54      0.96      0.69     20013

   micro avg       0.58      0.58      0.58     43114
   macro avg       0.32      0.22      0.22     43114
weighted avg       0.54      0.58      0.49     43114
 samples avg       0.58      0.58      0.58     43114


[[    5     0     0     1     0     0     1    23     0  2765]
 [    0     0     0    56     0     0    15    86     0  1164]
 [    0     0     0     3     0     0     4     8     0   340]
 [    1     0     0  3550     0     0    17   257     0   875]
 [    0     0     0     3     0     0     3    12     0   567]
 [    2     0     0    15     0     0     5    49     0  1433]
 [    0     0     0    73     0     0  1106    27     0  2463]
 [    2     0     0   336     0     0    23  1061     0  6084]
 [    0     0     0    19     0     0     2    50     0   595]
 [    1     0     0   183     0     0   253   283     0 19293]]

