Title: Fully Connected - Words: 1000, Batch: 128, Epochs: 1, Outputs: 64

Results of Training Set

--------------------
Accuracy: 0.6021400627792983, F1 Score: 0.24876565396181222, Precision: 0.42218989712015187, Recall: 0.24569249267318538

              precision    recall  f1-score   support

           0       0.63      0.05      0.09      8263
           1       0.00      0.00      0.00      3968
           2       0.00      0.00      0.00      1050
           3       0.81      0.80      0.80     14541
           4       0.00      0.00      0.00      1763
           5       0.94      0.00      0.01      4392
           6       0.71      0.43      0.54     11089
           7       0.55      0.25      0.34     22288
           8       0.00      0.00      0.00      1971
           9       0.57      0.93      0.70     60017

   micro avg       0.60      0.60      0.60    129342
   macro avg       0.42      0.25      0.25    129342
weighted avg       0.58      0.60      0.53    129342
 samples avg       0.60      0.60      0.60    129342


[[  400     0     0    18     0     0    23   208     0  7614]
 [    4     0     0   256     0     0   116   400     0  3192]
 [    7     0     0    10     0     0    26    50     0   957]
 [    7     0     0 11611     0     0    86   865     0  1972]
 [    1     0     0    27     0     0    13    55     0  1667]
 [   27     0     0    77     0    17    12   326     0  3933]
 [    2     0     0   257     0     0  4810   183     0  5837]
 [   29     0     0  1194     0     1   182  5505     0 15377]
 [    5     0     0    84     0     0    22   312     0  1548]
 [  150     0     0   785     0     0  1440  2103     0 55539]]

Results of Validation Set

--------------------
Accuracy: 0.5923829846453588, F1 Score: 0.24227717175620378, Precision: 0.34993690405494304, Recall: 0.240502172442361

              precision    recall  f1-score   support

           0       0.57      0.04      0.08      2797
           1       0.00      0.00      0.00      1370
           2       0.00      0.00      0.00       371
           3       0.79      0.78      0.79      4733
           4       0.00      0.00      0.00       600
           5       0.33      0.00      0.00      1417
           6       0.70      0.41      0.52      3795
           7       0.53      0.24      0.33      7454
           8       0.00      0.00      0.00       665
           9       0.56      0.92      0.70     19912

   micro avg       0.59      0.59      0.59     43114
   macro avg       0.35      0.24      0.24     43114
weighted avg       0.55      0.59      0.52     43114
 samples avg       0.59      0.59      0.59     43114


[[  117     0     0     7     0     0     6    65     0  2602]
 [    2     0     0   109     0     0    35   152     0  1072]
 [    0     0     0     7     0     1     7    15     0   341]
 [    2     0     0  3715     0     0    28   300     0   688]
 [    0     0     0     2     0     0     4    35     0   559]
 [   11     0     0    19     0     3     6   123     0  1255]
 [    0     0     0    98     0     0  1572    56     0  2069]
 [   12     0     0   410     0     2    53  1797     0  5180]
 [    2     0     0    28     0     1     5   115     0   514]
 [   58     0     0   291     0     2   519   706     0 18336]]

Results of Test Set

--------------------
Accuracy: 0.5923597903233289, F1 Score: 0.24137982719288523, Precision: 0.37123247982664404, Recall: 0.24005668833375618

              precision    recall  f1-score   support

           0       0.58      0.04      0.08      2795
           1       0.00      0.00      0.00      1321
           2       0.00      0.00      0.00       355
           3       0.80      0.79      0.79      4700
           4       0.00      0.00      0.00       585
           5       0.56      0.00      0.01      1504
           6       0.69      0.41      0.52      3669
           7       0.53      0.23      0.32      7506
           8       0.00      0.00      0.00       666
           9       0.56      0.92      0.70     20013

   micro avg       0.59      0.59      0.59     43114
   macro avg       0.37      0.24      0.24     43114
weighted avg       0.56      0.59      0.52     43114
 samples avg       0.59      0.59      0.59     43114


[[  114     0     0     8     0     0     7    74     0  2592]
 [    0     0     0    78     0     0    32   151     0  1060]
 [    4     0     0     3     0     0     8    16     0   324]
 [    1     0     0  3714     0     0    28   290     0   667]
 [    1     0     0     8     0     0     6    19     0   551]
 [   12     0     0    16     0     5    11   113     0  1347]
 [    0     0     0    85     0     0  1519    59     0  2006]
 [   17     0     0   456     0     2    49  1724     0  5258]
 [    0     0     0    24     0     0     5   117     0   520]
 [   49     0     0   276     0     2   525   698     0 18463]]

