Title: Fully Connected - Words: 1000, Batch: 32, Epochs: 7, Outputs: 16

Results of Training Set

--------------------
Accuracy: 0.6041657002365821, F1 Score: 0.2582274843030281, Precision: 0.40596641045086257, Recall: 0.24649161289475857

              precision    recall  f1-score   support

           0       0.60      0.05      0.10      8263
           1       0.00      0.00      0.00      3968
           2       0.00      0.00      0.00      1050
           3       0.85      0.77      0.81     14541
           4       0.00      0.00      0.00      1763
           5       0.72      0.06      0.12      4392
           6       0.74      0.40      0.52     11089
           7       0.58      0.23      0.33     22288
           8       0.00      0.00      0.00      1971
           9       0.57      0.94      0.71     60017

   micro avg       0.60      0.60      0.60    129342
   macro avg       0.41      0.25      0.26    129342
weighted avg       0.58      0.60      0.53    129342
 samples avg       0.60      0.60      0.60    129342


[[  442     0     0     4     0    19     6   144     0  7648]
 [    5     0     0   191     0     1    88   365     0  3318]
 [   12     0     0     8     0     6    21    49     0   954]
 [    2     0     0 11232     0     3    55   898     0  2351]
 [    1     0     0    16     0     1     6    40     0  1699]
 [   51     0     0    56     0   282     8   332     0  3663]
 [    1     0     0   212     0     0  4455   141     0  6280]
 [   52     0     0   942     0    28   122  5121     0 16023]
 [    5     0     0    64     0     5    16   304     0  1577]
 [  166     0     0   510     0    44  1220  1465     0 56612]]

Results of Validation Set

--------------------
Accuracy: 0.592893259730018, F1 Score: 0.25068674314922346, Precision: 0.3866149043795134, Recall: 0.24043864315648178

              precision    recall  f1-score   support

           0       0.67      0.07      0.12      2797
           1       0.00      0.00      0.00      1370
           2       0.00      0.00      0.00       371
           3       0.83      0.76      0.79      4733
           4       0.00      0.00      0.00       600
           5       0.53      0.05      0.08      1417
           6       0.73      0.38      0.50      3795
           7       0.55      0.22      0.31      7454
           8       0.00      0.00      0.00       665
           9       0.56      0.94      0.70     19912

   micro avg       0.59      0.59      0.59     43114
   macro avg       0.39      0.24      0.25     43114
weighted avg       0.57      0.59      0.52     43114
 samples avg       0.59      0.59      0.59     43114


[[  186     0     0     4     0    16     3    42     0  2546]
 [    1     0     0    86     0     2    32   130     0  1119]
 [    2     0     0     0     0     1     5    14     0   349]
 [    1     0     0  3582     0     0    27   317     0   806]
 [    1     0     0     2     0     0     3    25     0   569]
 [   13     0     0    13     0    65     2   129     0  1195]
 [    0     0     0    84     0     1  1442    44     0  2224]
 [   20     0     0   323     0    17    33  1625     0  5436]
 [    2     0     0    23     0     2     3   108     0   527]
 [   50     0     0   206     0    18   435   541     0 18662]]

Results of Test Set

--------------------
Accuracy: 0.5930092313401679, F1 Score: 0.24808585186785098, Precision: 0.37840380526752637, Recall: 0.23921198136396823

              precision    recall  f1-score   support

           0       0.55      0.05      0.09      2795
           1       0.00      0.00      0.00      1321
           2       0.00      0.00      0.00       355
           3       0.83      0.76      0.79      4700
           4       0.00      0.00      0.00       585
           5       0.58      0.05      0.09      1504
           6       0.71      0.38      0.50      3669
           7       0.56      0.22      0.31      7506
           8       0.00      0.00      0.00       666
           9       0.56      0.94      0.70     20013

   micro avg       0.59      0.59      0.59     43114
   macro avg       0.38      0.24      0.25     43114
weighted avg       0.56      0.59      0.52     43114
 samples avg       0.59      0.59      0.59     43114


[[  132     0     0     3     0     7     5    46     0  2602]
 [    0     0     0    60     0     0    36   132     0  1093]
 [    6     0     0     4     0     2     6    13     0   324]
 [    1     0     0  3565     0     0    23   319     0   792]
 [    0     0     0     4     0     0     6    12     0   563]
 [   19     0     0    14     0    74    10   102     0  1285]
 [    0     0     0    71     0     0  1409    44     0  2145]
 [   22     0     0   346     0    20    35  1615     0  5468]
 [    0     0     0    18     0     2     4   106     0   536]
 [   61     0     0   194     0    23   454   509     0 18772]]

