Title: Fully Connected - Words: 1000, Batch: 64, Epochs: 7, Outputs: 16

Results of Training Set

--------------------
Accuracy: 0.6013282615082495, F1 Score: 0.24958410083500232, Precision: 0.4210379269603928, Recall: 0.23843355277820938

              precision    recall  f1-score   support

           0       0.69      0.02      0.03      8263
           1       0.00      0.00      0.00      3968
           2       0.00      0.00      0.00      1050
           3       0.87      0.75      0.81     14541
           4       0.00      0.00      0.00      1763
           5       0.72      0.07      0.13      4392
           6       0.79      0.37      0.50     11089
           7       0.59      0.22      0.32     22288
           8       0.00      0.00      0.00      1971
           9       0.56      0.96      0.71     60017

   micro avg       0.60      0.60      0.60    129342
   macro avg       0.42      0.24      0.25    129342
weighted avg       0.59      0.60      0.52    129342
 samples avg       0.60      0.60      0.60    129342


[[  132     0     0     4     0    29     3   101     0  7994]
 [    2     0     0   166     0     3    64   366     0  3367]
 [    4     0     0     5     0     3    17    36     0   985]
 [    1     0     0 10933     0     1    31   952     0  2623]
 [    0     0     0    12     0     0     5    31     0  1715]
 [    8     0     0    43     0   309     8   299     0  3725]
 [    1     0     0   212     0     0  4096   130     0  6650]
 [    6     0     0   712     0    41   109  4914     0 16506]
 [    0     0     0    56     0     1     6   260     0  1648]
 [   38     0     0   431     0    45   840  1270     0 57393]]

Results of Validation Set

--------------------
Accuracy: 0.5891589738831934, F1 Score: 0.2392230294399848, Precision: 0.39125688109337553, Recall: 0.23113989340012414

              precision    recall  f1-score   support

           0       0.62      0.01      0.03      2797
           1       0.00      0.00      0.00      1370
           2       0.00      0.00      0.00       371
           3       0.85      0.74      0.79      4733
           4       0.00      0.00      0.00       600
           5       0.57      0.05      0.09      1417
           6       0.77      0.36      0.49      3795
           7       0.56      0.21      0.30      7454
           8       0.00      0.00      0.00       665
           9       0.55      0.95      0.70     19912

   micro avg       0.59      0.59      0.59     43114
   macro avg       0.39      0.23      0.24     43114
weighted avg       0.57      0.59      0.51     43114
 samples avg       0.59      0.59      0.59     43114


[[   41     0     0     4     0    10     4    37     0  2701]
 [    0     0     0    75     0     0    28   135     0  1132]
 [    4     0     0     0     0     1     5     6     0   355]
 [    1     0     0  3480     0     0    16   324     0   912]
 [    0     0     0     2     0     0     1    17     0   580]
 [    1     0     0    13     0    69     3   109     0  1222]
 [    2     0     0    78     0     1  1353    36     0  2325]
 [    4     0     0   247     0    17    30  1535     0  5621]
 [    0     0     0    20     0     3     2    95     0   545]
 [   13     0     0   174     0    21   324   457     0 18923]]

Results of Test Set

--------------------
Accuracy: 0.5897156376119126, F1 Score: 0.23985355571864114, Precision: 0.39302287610241077, Recall: 0.23114007800696212

              precision    recall  f1-score   support

           0       0.62      0.02      0.03      2795
           1       0.00      0.00      0.00      1321
           2       0.00      0.00      0.00       355
           3       0.85      0.74      0.79      4700
           4       0.00      0.00      0.00       585
           5       0.59      0.06      0.10      1504
           6       0.76      0.35      0.48      3669
           7       0.55      0.20      0.30      7506
           8       0.00      0.00      0.00       666
           9       0.55      0.95      0.70     20013

   micro avg       0.59      0.59      0.59     43114
   macro avg       0.39      0.23      0.24     43114
weighted avg       0.57      0.59      0.51     43114
 samples avg       0.59      0.59      0.59     43114


[[   44     0     0     1     0    10     4    42     0  2694]
 [    0     0     0    52     0     1    18   126     0  1124]
 [    0     0     0     4     0     0     4     9     0   338]
 [    0     0     0  3459     0     0    12   352     0   877]
 [    1     0     0     3     0     0     3    14     0   564]
 [    4     0     0    14     0    83     8    95     0  1300]
 [    0     0     0    67     0     0  1290    41     0  2271]
 [    7     0     0   267     0    19    32  1515     0  5666]
 [    1     0     0    16     0     2     1    93     0   553]
 [   14     0     0   165     0    26   323   451     0 19034]]

