Title: Fully Connected - Words: 1000, Batch: 128, Epochs: 7, Outputs: 16

Results of Training Set

--------------------
Accuracy: 0.6010344667625366, F1 Score: 0.24299195051899458, Precision: 0.41516584163824516, Recall: 0.23517119574808235

              precision    recall  f1-score   support

           0       0.65      0.04      0.08      8263
           1       0.00      0.00      0.00      3968
           2       0.00      0.00      0.00      1050
           3       0.87      0.76      0.81     14541
           4       0.00      0.00      0.00      1763
           5       0.70      0.00      0.00      4392
           6       0.79      0.37      0.50     11089
           7       0.59      0.23      0.33     22288
           8       0.00      0.00      0.00      1971
           9       0.56      0.95      0.70     60017

   micro avg       0.60      0.60      0.60    129342
   macro avg       0.42      0.24      0.24    129342
weighted avg       0.59      0.60      0.52    129342
 samples avg       0.60      0.60      0.60    129342


[[  362     0     0     5     0     1     3    95     0  7797]
 [    4     0     0   169     0     0    59   345     0  3391]
 [    9     0     0     5     0     0    14    40     0   982]
 [    3     0     0 11007     0     0    25  1052     0  2454]
 [    0     0     0    15     0     0     7    27     0  1714]
 [   51     0     0    49     0     7     6   241     0  4038]
 [    1     0     0   209     0     0  4092   143     0  6644]
 [   23     0     0   688     0     1   101  5062     0 16413]
 [    1     0     0    60     0     0     7   242     0  1661]
 [  106     0     0   454     0     1   866  1381     0 57209]]

Results of Validation Set

--------------------
Accuracy: 0.590852159391381, F1 Score: 0.23721220677018318, Precision: 0.3733071287994642, Recall: 0.23054897935629431

              precision    recall  f1-score   support

           0       0.66      0.04      0.08      2797
           1       0.00      0.00      0.00      1370
           2       0.00      0.00      0.00       371
           3       0.85      0.74      0.79      4733
           4       0.00      0.00      0.00       600
           5       0.33      0.00      0.00      1417
           6       0.77      0.35      0.48      3795
           7       0.56      0.22      0.31      7454
           8       0.00      0.00      0.00       665
           9       0.55      0.95      0.70     19912

   micro avg       0.59      0.59      0.59     43114
   macro avg       0.37      0.23      0.24     43114
weighted avg       0.57      0.59      0.51     43114
 samples avg       0.59      0.59      0.59     43114


[[  121     0     0     4     0     0     1    30     0  2641]
 [    1     0     0    71     0     0    25   133     0  1140]
 [    1     0     0     0     0     0     5    10     0   355]
 [    1     0     0  3520     0     0    16   347     0   849]
 [    0     0     0     2     0     0     0    22     0   576]
 [   13     0     0    13     0     2     2    90     0  1297]
 [    0     0     0    74     0     0  1341    46     0  2334]
 [    7     0     0   249     0     2    25  1605     0  5566]
 [    3     0     0    18     0     0     2    87     0   555]
 [   35     0     0   173     0     2   331   486     0 18885]]

Results of Test Set

--------------------
Accuracy: 0.590133135408452, F1 Score: 0.23541830352472964, Precision: 0.37702026193454924, Recall: 0.22944241084074135

              precision    recall  f1-score   support

           0       0.55      0.04      0.07      2795
           1       0.00      0.00      0.00      1321
           2       0.00      0.00      0.00       355
           3       0.86      0.75      0.80      4700
           4       0.00      0.00      0.00       585
           5       0.50      0.00      0.01      1504
           6       0.75      0.35      0.48      3669
           7       0.56      0.21      0.30      7506
           8       0.00      0.00      0.00       666
           9       0.55      0.95      0.70     20013

   micro avg       0.59      0.59      0.59     43114
   macro avg       0.38      0.23      0.24     43114
weighted avg       0.56      0.59      0.51     43114
 samples avg       0.59      0.59      0.59     43114


[[  103     0     0     3     0     1     1    36     0  2651]
 [    0     0     0    49     0     0    23   125     0  1124]
 [    3     0     0     3     0     0     5    11     0   333]
 [    2     0     0  3505     0     0    11   373     0   809]
 [    1     0     0     3     0     0     4    17     0   560]
 [   22     0     0    13     0     4     7    74     0  1384]
 [    0     0     0    65     0     0  1294    39     0  2271]
 [   16     0     0   266     0     1    29  1565     0  5629]
 [    1     0     0    18     0     0     3    83     0   561]
 [   39     0     0   167     0     2   339   494     0 18972]]

