Title: Fully Connected - Words: 1000, Batch: 32, Epochs: 7, Outputs: 32

Results of Training Set

--------------------
Accuracy: 0.6154226778617927, F1 Score: 0.28450352300434906, Precision: 0.614820447169883, Recall: 0.26222920178885584

              precision    recall  f1-score   support

           0       0.62      0.12      0.20      8263
           1       1.00      0.00      0.00      3968
           2       1.00      0.00      0.01      1050
           3       0.86      0.78      0.82     14541
           4       0.00      0.00      0.00      1763
           5       0.71      0.13      0.22      4392
           6       0.80      0.38      0.51     11089
           7       0.58      0.27      0.37     22288
           8       0.00      0.00      0.00      1971
           9       0.58      0.94      0.71     60017

   micro avg       0.62      0.62      0.62    129342
   macro avg       0.61      0.26      0.28    129342
weighted avg       0.64      0.62      0.55    129342
 samples avg       0.62      0.62      0.62    129342


[[ 1000     0     0     7     0    44     4   235     0  6973]
 [    6     7     0   195     0     5    56   388     0  3311]
 [   20     0     4     7     0     4    18    68     0   929]
 [   17     0     0 11320     0     4    49   920     0  2231]
 [    3     0     0    15     0     1     4    46     0  1694]
 [   83     0     0    50     0   569     9   394     0  3287]
 [    3     0     0   209     0     1  4178   159     0  6539]
 [  109     0     0   812     0    77    92  5997     0 15201]
 [    7     0     0    59     0     7     6   339     0  1553]
 [  372     0     0   458     0    85   824  1753     0 56525]]

Results of Validation Set

--------------------
Accuracy: 0.5987846175256297, F1 Score: 0.2691475030330418, Precision: 0.4872742122192212, Recall: 0.2509267969961849

              precision    recall  f1-score   support

           0       0.60      0.11      0.19      2797
           1       0.00      0.00      0.00      1370
           2       1.00      0.00      0.01       371
           3       0.84      0.76      0.79      4733
           4       0.00      0.00      0.00       600
           5       0.56      0.10      0.17      1417
           6       0.76      0.35      0.48      3795
           7       0.55      0.25      0.35      7454
           8       0.00      0.00      0.00       665
           9       0.56      0.93      0.70     19912

   micro avg       0.60      0.60      0.60     43114
   macro avg       0.49      0.25      0.27     43114
weighted avg       0.58      0.60      0.53     43114
 samples avg       0.60      0.60      0.60     43114


[[  319     0     0     5     0    24     2    73     0  2374]
 [    2     0     0    89     0     1    23   138     0  1117]
 [    6     0     1     0     0     1     4    19     0   340]
 [    3     0     0  3578     0     0    23   331     0   798]
 [    2     0     0     2     0     0     2    23     0   571]
 [   24     0     0    14     0   141     3   138     0  1097]
 [    3     0     0    75     0     1  1339    48     0  2329]
 [   39     0     0   293     0    35    32  1880     0  5175]
 [    2     0     0    21     0     6     2   118     0   516]
 [  130     0     0   196     0    43   332   653     0 18558]]

Results of Test Set

--------------------
Accuracy: 0.5975553184580414, F1 Score: 0.2641326678999688, Precision: 0.3779260439782951, Recall: 0.2478780176315427

              precision    recall  f1-score   support

           0       0.53      0.10      0.17      2795
           1       0.00      0.00      0.00      1321
           2       0.00      0.00      0.00       355
           3       0.84      0.76      0.80      4700
           4       0.00      0.00      0.00       585
           5       0.55      0.09      0.15      1504
           6       0.75      0.36      0.48      3669
           7       0.54      0.24      0.34      7506
           8       0.00      0.00      0.00       666
           9       0.56      0.93      0.70     20013

   micro avg       0.60      0.60      0.60     43114
   macro avg       0.38      0.25      0.26     43114
weighted avg       0.57      0.60      0.53     43114
 samples avg       0.60      0.60      0.60     43114


[[  281     0     0     4     0    13     2    82     0  2413]
 [    3     0     0    61     0     2    16   143     0  1096]
 [    7     0     0     2     0     1     5    25     0   315]
 [    5     0     0  3570     0     0    19   311     0   795]
 [    2     0     0     4     0     0     4    19     0   556]
 [   35     0     0    16     0   130     7   125     0  1191]
 [    1     0     0    69     0     1  1308    57     0  2233]
 [   43     0     0   315     0    40    33  1834     0  5241]
 [    2     0     0    18     0     2     2   129     0   513]
 [  149     0     0   171     0    49   350   654     0 18640]]

