Title: Fully Connected - Words: 1000, Batch: 64, Epochs: 7, Outputs: 32

Results of Training Set

--------------------
Accuracy: 0.6168607258276507, F1 Score: 0.2781225164516698, Precision: 0.4634423315143007, Recall: 0.2607830445143164

              precision    recall  f1-score   support

           0       0.61      0.13      0.22      8263
           1       0.50      0.00      0.00      3968
           2       0.00      0.00      0.00      1050
           3       0.85      0.79      0.82     14541
           4       0.00      0.00      0.00      1763
           5       0.73      0.06      0.12      4392
           6       0.79      0.41      0.54     11089
           7       0.58      0.28      0.37     22288
           8       0.00      0.00      0.00      1971
           9       0.58      0.94      0.71     60017

   micro avg       0.62      0.62      0.62    129342
   macro avg       0.46      0.26      0.28    129342
weighted avg       0.61      0.62      0.55    129342
 samples avg       0.62      0.62      0.62    129342


[[ 1095     0     0     6     0    21     7   225     0  6909]
 [    8     1     0   228     0     1    68   440     0  3222]
 [   17     0     0     7     0     3    15    60     0   948]
 [    6     0     0 11500     0     3    36   851     0  2145]
 [    4     0     0    18     0     0     6    53     0  1682]
 [  129     0     0    61     0   279     8   386     0  3529]
 [    3     0     0   230     0     0  4519   164     0  6173]
 [  143     1     0   906     0    36   122  6154     0 14926]
 [   15     0     0    65     0     1     8   313     0  1569]
 [  389     0     0   544     0    40   906  1900     0 56238]]

Results of Validation Set

--------------------
Accuracy: 0.599990722271188, F1 Score: 0.2635910541134484, Precision: 0.37487783227744076, Recall: 0.24988009553598328

              precision    recall  f1-score   support

           0       0.57      0.12      0.20      2797
           1       0.00      0.00      0.00      1370
           2       0.00      0.00      0.00       371
           3       0.82      0.77      0.79      4733
           4       0.00      0.00      0.00       600
           5       0.48      0.04      0.08      1417
           6       0.75      0.38      0.50      3795
           7       0.55      0.26      0.35      7454
           8       0.00      0.00      0.00       665
           9       0.57      0.93      0.70     19912

   micro avg       0.60      0.60      0.60     43114
   macro avg       0.37      0.25      0.26     43114
weighted avg       0.57      0.60      0.53     43114
 samples avg       0.60      0.60      0.60     43114


[[  343     0     0     4     0    13     3    71     0  2363]
 [    2     0     0    92     0     0    30   157     0  1089]
 [    5     0     0     1     0     0     4    16     0   345]
 [    1     0     0  3630     0     0    17   321     0   764]
 [    0     0     0     3     0     0     1    26     0   570]
 [   52     0     0    19     0    61     5   146     0  1134]
 [    1     0     0    84     0     0  1444    46     0  2220]
 [   53     0     0   331     0    18    40  1926     0  5086]
 [    3     0     0    22     0     4     2   111     0   523]
 [  137     0     0   214     0    30   384   683     0 18464]]

Results of Test Set

--------------------
Accuracy: 0.6011736326947164, F1 Score: 0.26410077642506424, Precision: 0.383031980531462, Recall: 0.25027078116827656

              precision    recall  f1-score   support

           0       0.53      0.11      0.19      2795
           1       0.00      0.00      0.00      1321
           2       0.00      0.00      0.00       355
           3       0.83      0.77      0.80      4700
           4       0.00      0.00      0.00       585
           5       0.61      0.05      0.09      1504
           6       0.74      0.38      0.50      3669
           7       0.55      0.25      0.35      7506
           8       0.00      0.00      0.00       666
           9       0.57      0.93      0.71     20013

   micro avg       0.60      0.60      0.60     43114
   macro avg       0.38      0.25      0.26     43114
weighted avg       0.57      0.60      0.53     43114
 samples avg       0.60      0.60      0.60     43114


[[  318     0     0     5     0     9     3    74     0  2386]
 [    2     0     0    63     0     0    23   149     0  1084]
 [    7     0     0     4     0     1     6    18     0   319]
 [    3     0     0  3641     0     0    12   301     0   743]
 [    0     0     0     4     0     0     6    20     0   555]
 [   58     0     0    15     0    77     7   122     0  1225]
 [    0     0     0    71     0     0  1395    61     0  2142]
 [   66     0     0   340     0    19    36  1911     0  5134]
 [    4     0     0    20     0     2     2   125     0   513]
 [  147     0     0   214     0    19   383   673     0 18577]]

