Title: Fully Connected - Words: 1000, Batch: 128, Epochs: 7, Outputs: 32

Results of Training Set

--------------------
Accuracy: 0.6128790338791731, F1 Score: 0.2759143917328917, Precision: 0.5036200880235342, Recall: 0.25765103871982903

              precision    recall  f1-score   support

           0       0.56      0.12      0.19      8263
           1       1.00      0.00      0.00      3968
           2       0.00      0.00      0.00      1050
           3       0.85      0.79      0.82     14541
           4       0.00      0.00      0.00      1763
           5       0.65      0.10      0.17      4392
           6       0.80      0.38      0.52     11089
           7       0.60      0.25      0.35     22288
           8       0.00      0.00      0.00      1971
           9       0.57      0.94      0.71     60017

   micro avg       0.61      0.61      0.61    129342
   macro avg       0.50      0.26      0.28    129342
weighted avg       0.62      0.61      0.55    129342
 samples avg       0.61      0.61      0.61    129342


[[  958     0     0     9     0    57     9   146     0  7084]
 [    9     1     0   219     0     4    59   358     0  3318]
 [   21     0     0     7     0     4    14    53     0   951]
 [   16     0     0 11491     0     3    32   761     0  2238]
 [    0     0     0    16     0     1     5    41     0  1700]
 [  177     0     0    61     0   419     4   292     0  3439]
 [    5     0     0   225     0     0  4255   165     0  6439]
 [  123     0     0   934     0    65   110  5512     0 15544]
 [   18     0     0    71     0     8     8   250     0  1616]
 [  382     0     0   516     0    81   814  1589     0 56635]]

Results of Validation Set

--------------------
Accuracy: 0.5988773948137496, F1 Score: 0.263817869126873, Precision: 0.3778266832782528, Recall: 0.2487124451152142

              precision    recall  f1-score   support

           0       0.57      0.12      0.20      2797
           1       0.00      0.00      0.00      1370
           2       0.00      0.00      0.00       371
           3       0.83      0.77      0.80      4733
           4       0.00      0.00      0.00       600
           5       0.48      0.06      0.11      1417
           6       0.77      0.37      0.50      3795
           7       0.56      0.23      0.33      7454
           8       0.00      0.00      0.00       665
           9       0.56      0.94      0.70     19912

   micro avg       0.60      0.60      0.60     43114
   macro avg       0.38      0.25      0.26     43114
weighted avg       0.57      0.60      0.53     43114
 samples avg       0.60      0.60      0.60     43114


[[  334     0     0     4     0    22     4    45     0  2388]
 [    1     0     0    84     0     2    22   139     0  1122]
 [    1     0     0     1     0     0     4    15     0   350]
 [    2     0     0  3637     0     0    15   273     0   806]
 [    2     0     0     5     0     0     0    23     0   570]
 [   60     0     0    13     0    92     1   115     0  1136]
 [    5     0     0    78     0     0  1396    46     0  2270]
 [   43     0     0   342     0    35    33  1715     0  5286]
 [    3     0     0    26     0     6     2    97     0   531]
 [  132     0     0   195     0    36   332   571     0 18646]]

Results of Test Set

--------------------
Accuracy: 0.5973929582038316, F1 Score: 0.2610666822171569, Precision: 0.3736952146585295, Recall: 0.2467597406298693

              precision    recall  f1-score   support

           0       0.51      0.10      0.17      2795
           1       0.00      0.00      0.00      1321
           2       0.00      0.00      0.00       355
           3       0.83      0.77      0.80      4700
           4       0.00      0.00      0.00       585
           5       0.51      0.07      0.13      1504
           6       0.76      0.36      0.49      3669
           7       0.56      0.22      0.32      7506
           8       0.00      0.00      0.00       666
           9       0.56      0.94      0.70     20013

   micro avg       0.60      0.60      0.60     43114
   macro avg       0.37      0.25      0.26     43114
weighted avg       0.57      0.60      0.53     43114
 samples avg       0.60      0.60      0.60     43114


[[  288     0     0     5     0    23     4    46     0  2429]
 [    3     0     0    62     0     1    20   129     0  1106]
 [   10     0     0     4     0     3     6    16     0   316]
 [    5     0     0  3631     0     0    11   280     0   773]
 [    1     0     0     4     0     0     5    17     0   558]
 [   56     0     0    17     0   110     7   100     0  1214]
 [    1     0     0    72     0     0  1325    52     0  2219]
 [   57     0     0   358     0    26    29  1661     0  5375]
 [    5     0     0    17     0     4     1   100     0   539]
 [  141     0     0   193     0    47   345   546     0 18741]]

