Title: Fully Connected - Words: 1000, Batch: 32, Epochs: 7, Outputs: 64

Results of Training Set

--------------------
Accuracy: 0.6342178101467427, F1 Score: 0.3190135498359937, Precision: 0.6690482049796682, Recall: 0.2898588148025699

              precision    recall  f1-score   support

           0       0.63      0.20      0.30      8263
           1       0.70      0.00      0.01      3968
           2       0.94      0.03      0.06      1050
           3       0.87      0.80      0.83     14541
           4       0.00      0.00      0.00      1763
           5       0.69      0.17      0.27      4392
           6       0.80      0.45      0.57     11089
           7       0.60      0.32      0.41     22288
           8       0.88      0.00      0.01      1971
           9       0.59      0.93      0.73     60017

   micro avg       0.63      0.63      0.63    129342
   macro avg       0.67      0.29      0.32    129342
weighted avg       0.65      0.63      0.58    129342
 samples avg       0.63      0.63      0.63    129342


[[ 1629     0     0     8     0    66    17   238     0  6305]
 [   15    16     0   209     0     7    95   512     0  3114]
 [   43     0    34     7     0     6    25    84     0   851]
 [   17     3     0 11623     0     4    36   896     0  1962]
 [    3     0     0    17     0     3     9    47     0  1684]
 [  134     2     0    59     0   729    13   408     0  3047]
 [    6     0     1   219     0     0  4962   185     0  5716]
 [  209     2     1   732     0   100   145  7037     0 14062]
 [   20     0     0    63     0    13     6   340     7  1522]
 [  506     0     0   463     0   134   910  2009     1 55994]]

Results of Validation Set

--------------------
Accuracy: 0.6043744491348518, F1 Score: 0.289767962843522, Precision: 0.6091559660053193, Recall: 0.26731650011107844

              precision    recall  f1-score   support

           0       0.56      0.17      0.26      2797
           1       0.33      0.00      0.00      1370
           2       1.00      0.02      0.04       371
           3       0.84      0.76      0.80      4733
           4       0.00      0.00      0.00       600
           5       0.52      0.12      0.20      1417
           6       0.73      0.40      0.52      3795
           7       0.54      0.28      0.37      7454
           8       1.00      0.00      0.01       665
           9       0.57      0.91      0.71     19912

   micro avg       0.60      0.60      0.60     43114
   macro avg       0.61      0.27      0.29     43114
weighted avg       0.60      0.60      0.55     43114
 samples avg       0.60      0.60      0.60     43114


[[  474     0     0     3     0    36     7    73     0  2204]
 [    2     1     0    90     0     3    41   171     0  1062]
 [   12     0     8     2     0     0     9    20     0   320]
 [    4     0     0  3606     0     0    24   346     0   753]
 [    1     0     0     4     0     0     4    26     0   565]
 [   51     0     0    13     0   171     8   157     0  1017]
 [    6     1     0    81     0     0  1517    57     0  2133]
 [   71     0     0   286     0    40    49  2100     0  4908]
 [    8     0     0    20     0     7     2   116     3   509]
 [  222     1     0   205     0    71   425   811     0 18177]]

Results of Test Set

--------------------
Accuracy: 0.6046063923551515, F1 Score: 0.2857969913522053, Precision: 0.6713545691488454, Recall: 0.2647600225429575

              precision    recall  f1-score   support

           0       0.53      0.16      0.24      2795
           1       1.00      0.00      0.00      1321
           2       1.00      0.03      0.05       355
           3       0.84      0.77      0.80      4700
           4       0.00      0.00      0.00       585
           5       0.51      0.11      0.17      1504
           6       0.72      0.40      0.51      3669
           7       0.54      0.27      0.36      7506
           8       1.00      0.00      0.01       666
           9       0.58      0.92      0.71     20013

   micro avg       0.60      0.60      0.60     43114
   macro avg       0.67      0.26      0.29     43114
weighted avg       0.62      0.60      0.54     43114
 samples avg       0.60      0.60      0.60     43114


[[  435     0     0     5     0    34     8    87     0  2226]
 [    3     1     0    59     0     1    35   160     0  1062]
 [   12     0     9     4     0     3     9    23     0   295]
 [    7     0     0  3624     0     0    18   335     0   716]
 [    4     0     0     6     0     0     5    21     0   549]
 [   68     0     0    19     0   158     9   145     0  1105]
 [    0     0     0    75     0     2  1458    70     0  2064]
 [   70     0     0   310     0    46    47  2054     0  4979]
 [    6     0     0    18     0     7     3   123     2   507]
 [  221     0     0   191     0    58   438   779     0 18326]]

