Title: Fully Connected - Words: 1000, Batch: 64, Epochs: 7, Outputs: 64

Results of Training Set

--------------------
Accuracy: 0.6362357161633498, F1 Score: 0.31969059062699323, Precision: 0.6380635602701461, Recall: 0.29254869761221436

              precision    recall  f1-score   support

           0       0.65      0.23      0.34      8263
           1       0.80      0.00      0.00      3968
           2       0.95      0.02      0.04      1050
           3       0.86      0.80      0.83     14541
           4       0.00      0.00      0.00      1763
           5       0.65      0.16      0.26      4392
           6       0.79      0.45      0.58     11089
           7       0.57      0.34      0.43     22288
           8       0.50      0.00      0.00      1971
           9       0.60      0.92      0.73     60017

   micro avg       0.64      0.64      0.64    129342
   macro avg       0.64      0.29      0.32    129342
weighted avg       0.65      0.64      0.59    129342
 samples avg       0.64      0.64      0.64    129342


[[ 1896     0     0     8     0    85    11   401     0  5862]
 [   16     4     0   190     0     7    89   544     0  3118]
 [   45     0    19     6     0     9    25    83     0   863]
 [   17     0     0 11608     0     5    55  1010     0  1846]
 [    4     0     0    14     0     1     9    66     0  1669]
 [  117     0     0    57     0   698    12   525     0  2983]
 [    5     0     1   217     0     3  5022   224     0  5617]
 [  198     1     0   787     0   118   167  7654     0 13363]
 [   20     0     0    60     0    10    11   413     1  1456]
 [  593     0     0   481     0   140   920  2492     1 55390]]

Results of Validation Set

--------------------
Accuracy: 0.6069954075242381, F1 Score: 0.29119727226833514, Precision: 0.47353762676665506, Recall: 0.270341787813925

              precision    recall  f1-score   support

           0       0.56      0.19      0.28      2797
           1       0.00      0.00      0.00      1370
           2       1.00      0.01      0.02       371
           3       0.84      0.77      0.80      4733
           4       0.00      0.00      0.00       600
           5       0.51      0.12      0.19      1417
           6       0.72      0.41      0.52      3795
           7       0.52      0.31      0.39      7454
           8       0.00      0.00      0.00       665
           9       0.58      0.90      0.71     19912

   micro avg       0.61      0.61      0.61     43114
   macro avg       0.47      0.27      0.29     43114
weighted avg       0.58      0.61      0.55     43114
 samples avg       0.61      0.61      0.61     43114


[[  519     0     0     5     0    34     5   147     0  2087]
 [    2     0     0    81     0     2    36   195     0  1054]
 [   13     0     4     2     0     2     6    25     0   319]
 [    7     0     0  3624     0     1    28   356     0   717]
 [    1     0     0     6     0     0     4    38     0   551]
 [   53     0     0    15     0   170     5   188     0   986]
 [    8     0     0    80     0     1  1540    66     0  2100]
 [   86     0     0   298     0    48    53  2329     0  4640]
 [    4     0     0    19     0     8     5   145     0   484]
 [  231     0     0   199     0    65   458   975     0 17984]]

Results of Test Set

--------------------
Accuracy: 0.6066242983717586, F1 Score: 0.286423872651053, Precision: 0.46577267054997895, Recall: 0.26709073912536

              precision    recall  f1-score   support

           0       0.51      0.17      0.25      2795
           1       0.00      0.00      0.00      1321
           2       1.00      0.01      0.02       355
           3       0.84      0.77      0.81      4700
           4       0.00      0.00      0.00       585
           5       0.47      0.11      0.18      1504
           6       0.72      0.40      0.52      3669
           7       0.52      0.31      0.39      7506
           8       0.00      0.00      0.00       666
           9       0.58      0.90      0.71     20013

   micro avg       0.61      0.61      0.61     43114
   macro avg       0.47      0.27      0.29     43114
weighted avg       0.57      0.61      0.55     43114
 samples avg       0.61      0.61      0.61     43114


[[  470     0     0     4     0    42     8   137     0  2134]
 [    7     0     0    63     0     0    33   182     0  1036]
 [   19     0     3     3     0     4     8    33     0   285]
 [    3     0     0  3637     0     1    23   364     0   672]
 [    1     0     0     4     0     0     6    22     0   552]
 [   57     0     0    19     0   163     9   170     0  1086]
 [    3     0     0    73     0     3  1468    74     0  2048]
 [   81     1     0   318     0    58    44  2306     0  4698]
 [    5     0     0    19     0     7     3   157     0   475]
 [  267     1     0   177     0    68   424   969     0 18107]]

