Title: Fully Connected - Words: 1000, Batch: 128, Epochs: 7, Outputs: 64

Results of Training Set

--------------------
Accuracy: 0.6302438496389418, F1 Score: 0.30830271048725794, Precision: 0.5942455368334684, Recall: 0.28183096054202317

              precision    recall  f1-score   support

           0       0.69      0.15      0.24      8263
           1       0.78      0.01      0.02      3968
           2       0.96      0.03      0.05      1050
           3       0.87      0.79      0.83     14541
           4       0.00      0.00      0.00      1763
           5       0.68      0.13      0.22      4392
           6       0.79      0.46      0.58     11089
           7       0.58      0.32      0.41     22288
           8       0.00      0.00      0.00      1971
           9       0.59      0.93      0.72     60017

   micro avg       0.63      0.63      0.63    129342
   macro avg       0.59      0.28      0.31    129342
weighted avg       0.64      0.63      0.57    129342
 samples avg       0.63      0.63      0.63    129342


[[ 1226     0     0     9     0    55    12   272     0  6689]
 [   12    50     0   197     0     5    99   549     0  3056]
 [   16     0    27     7     0     6    21    68     0   905]
 [   19     5     0 11418     0     6    60  1043     0  1990]
 [    5     0     0    15     0     2     9    54     0  1678]
 [   80     0     0    47     0   574    14   459     0  3218]
 [    4     2     0   213     0     2  5119   211     0  5538]
 [  103     3     1   690     0    86   152  7185     0 14068]
 [   12     0     0    62     0    16    10   357     0  1514]
 [  307     4     0   455     0    87  1025  2221     0 55918]]

Results of Validation Set

--------------------
Accuracy: 0.6039569513383124, F1 Score: 0.27879444960970223, Precision: 0.5254331956733965, Recall: 0.26007483032573525

              precision    recall  f1-score   support

           0       0.60      0.11      0.19      2797
           1       0.45      0.00      0.01      1370
           2       1.00      0.01      0.03       371
           3       0.84      0.75      0.79      4733
           4       0.00      0.00      0.00       600
           5       0.52      0.09      0.16      1417
           6       0.73      0.42      0.53      3795
           7       0.53      0.29      0.38      7454
           8       0.00      0.00      0.00       665
           9       0.57      0.92      0.71     19912

   micro avg       0.60      0.60      0.60     43114
   macro avg       0.53      0.26      0.28     43114
weighted avg       0.59      0.60      0.54     43114
 samples avg       0.60      0.60      0.60     43114


[[  306     0     0     2     0    33     6    96     0  2354]
 [    1     5     0    87     0     2    32   191     0  1052]
 [    4     0     5     2     0     1     6    18     0   335]
 [    4     0     0  3564     0     1    27   380     0   757]
 [    2     0     0     2     0     0     2    39     0   555]
 [   26     0     0    16     0   133     7   160     0  1075]
 [    2     0     0    79     0     0  1579    67     0  2068]
 [   43     4     0   278     0    33    49  2197     0  4850]
 [    2     0     0    20     0     6     1   129     0   507]
 [  118     2     0   190     0    47   448   857     0 18250]]

Results of Test Set

--------------------
Accuracy: 0.6022173771860648, F1 Score: 0.27644398218165633, Precision: 0.5296950376715823, Recall: 0.25812075598778306

              precision    recall  f1-score   support

           0       0.56      0.11      0.18      2795
           1       0.55      0.00      0.01      1321
           2       1.00      0.01      0.03       355
           3       0.85      0.76      0.80      4700
           4       0.00      0.00      0.00       585
           5       0.53      0.09      0.15      1504
           6       0.72      0.41      0.52      3669
           7       0.52      0.29      0.37      7506
           8       0.00      0.00      0.00       666
           9       0.57      0.91      0.71     20013

   micro avg       0.60      0.60      0.60     43114
   macro avg       0.53      0.26      0.28     43114
weighted avg       0.59      0.60      0.54     43114
 samples avg       0.60      0.60      0.60     43114


[[  301     0     0     3     0    25     8   103     0  2355]
 [    3     6     0    58     0     2    34   181     0  1037]
 [    5     0     5     4     0     2     8    24     0   307]
 [    2     1     0  3553     0     0    22   411     0   711]
 [    0     0     0     4     0     0     4    21     0   556]
 [   43     0     0    15     0   134    11   152     0  1149]
 [    0     0     0    68     0     2  1491    82     0  2026]
 [   45     2     0   292     0    37    43  2167     0  4920]
 [    6     1     0    16     0     2     2   129     0   510]
 [  131     1     0   186     0    48   461   879     0 18307]]

