Title: Fully Connected - Words: 1000, Batch: 32, Epochs: 7, Outputs: 128

Results of Training Set

--------------------
Accuracy: 0.6595150840407602, F1 Score: 0.36511085171408275, Precision: 0.7970849797388796, Recall: 0.32528152548151523

              precision    recall  f1-score   support

           0       0.69      0.33      0.44      8263
           1       0.86      0.02      0.05      3968
           2       0.91      0.06      0.11      1050
           3       0.90      0.80      0.84     14541
           4       1.00      0.00      0.00      1763
           5       0.73      0.22      0.34      4392
           6       0.82      0.48      0.60     11089
           7       0.61      0.40      0.48     22288
           8       0.83      0.02      0.04      1971
           9       0.62      0.93      0.74     60017

   micro avg       0.66      0.66      0.66    129342
   macro avg       0.80      0.33      0.37    129342
weighted avg       0.69      0.66      0.62    129342
 samples avg       0.66      0.66      0.66    129342


[[ 2708     1     0     5     0    71    11   366     0  5101]
 [   21    95     0   168     0     4    82   659     0  2939]
 [   60     0    61     4     0     4    21    83     0   817]
 [   26     3     0 11587     0     8    35  1136     0  1746]
 [    2     0     0    15     1     1     7    62     0  1675]
 [  167     0     0    50     0   955    12   474     2  2732]
 [   10     1     1   180     0     0  5326   222     0  5349]
 [  236     7     4   483     0   112   167  8949     2 12328]
 [   22     0     0    57     0    17     8   415    40  1412]
 [  668     3     1   355     0   131   851  2423     4 55581]]

Results of Validation Set

--------------------
Accuracy: 0.6086885930324256, F1 Score: 0.30705902089903797, Precision: 0.5989675223269157, Recall: 0.27994055354976366

              precision    recall  f1-score   support

           0       0.53      0.22      0.31      2797
           1       0.70      0.01      0.03      1370
           2       0.74      0.04      0.07       371
           3       0.86      0.75      0.80      4733
           4       0.00      0.00      0.00       600
           5       0.51      0.14      0.22      1417
           6       0.72      0.41      0.52      3795
           7       0.51      0.33      0.40      7454
           8       0.83      0.01      0.01       665
           9       0.59      0.90      0.71     19912

   micro avg       0.61      0.61      0.61     43114
   macro avg       0.60      0.28      0.31     43114
weighted avg       0.61      0.61      0.56     43114
 samples avg       0.61      0.61      0.61     43114


[[  611     0     0     6     0    43     8   135     0  1994]
 [    4    19     0    79     0     2    39   242     0   985]
 [   19     0    14     2     0     1     7    28     0   300]
 [    8     1     0  3556     0     1    30   406     0   731]
 [    4     0     0     4     0     0     3    39     0   550]
 [   69     0     2    13     0   194     3   188     0   948]
 [   11     1     1    72     0     1  1541    78     0  2090]
 [  110     1     2   234     0    53    63  2477     1  4513]
 [    9     0     0    20     0     8     2   147     5   474]
 [  318     5     0   173     0    76   434  1080     0 17826]]

Results of Test Set

--------------------
Accuracy: 0.6069722132022081, F1 Score: 0.3027965095931643, Precision: 0.5629412678113198, Recall: 0.27677186590298763

              precision    recall  f1-score   support

           0       0.50      0.22      0.31      2795
           1       0.55      0.01      0.02      1321
           2       0.85      0.03      0.06       355
           3       0.86      0.75      0.80      4700
           4       0.00      0.00      0.00       585
           5       0.50      0.12      0.20      1504
           6       0.71      0.40      0.51      3669
           7       0.52      0.33      0.40      7506
           8       0.56      0.01      0.03       666
           9       0.59      0.89      0.71     20013

   micro avg       0.61      0.61      0.61     43114
   macro avg       0.56      0.28      0.30     43114
weighted avg       0.60      0.61      0.56     43114
 samples avg       0.61      0.61      0.61     43114


[[  615     0     1     2     0    39     8   147     0  1983]
 [   13    12     0    61     0     1    35   205     0   994]
 [   24     0    11     2     0     3     9    32     0   274]
 [   13     3     0  3529     0     0    27   438     0   690]
 [    3     0     0     5     0     1     6    26     0   544]
 [   70     0     0    16     0   186    11   153     0  1068]
 [    7     0     0    66     0     1  1467    99     0  2029]
 [  103     4     1   246     0    60    47  2443     5  4597]
 [    2     0     0    16     0     8     5   152     9   474]
 [  371     3     0   173     0    71   450  1046     2 17897]]

