Title: Fully Connected - Words: 1000, Batch: 32, Epochs: 1, Outputs: 128

Results of Training Set

--------------------
Accuracy: 0.6112786256591053, F1 Score: 0.2785594068546933, Precision: 0.39723826094472037, Recall: 0.26094313862509844

              precision    recall  f1-score   support

           0       0.63      0.10      0.18      8263
           1       0.00      0.00      0.00      3968
           2       0.00      0.00      0.00      1050
           3       0.85      0.77      0.81     14541
           4       0.00      0.00      0.00      1763
           5       0.61      0.10      0.18      4392
           6       0.75      0.43      0.55     11089
           7       0.55      0.27      0.37     22288
           8       0.00      0.00      0.00      1971
           9       0.58      0.93      0.71     60017

   micro avg       0.61      0.61      0.61    129342
   macro avg       0.40      0.26      0.28    129342
weighted avg       0.58      0.61      0.55    129342
 samples avg       0.61      0.61      0.61    129342


[[  858     0     0     7     0    73    18   307     0  7000]
 [    6     0     0   203     0     4    90   420     0  3245]
 [   18     0     0     9     0     5    23    51     0   944]
 [   12     0     0 11264     0     4    60   960     0  2241]
 [    5     0     0    18     0     1     9    54     0  1676]
 [   61     0     0    56     0   454    14   430     0  3377]
 [    2     0     0   227     0     1  4737   174     0  5948]
 [   74     0     0   889     0    79   152  6081     0 15013]
 [    7     0     0    64     0    13    21   326     0  1540]
 [  315     0     0   557     0   108  1170  2197     0 55670]]

Results of Validation Set

--------------------
Accuracy: 0.5985062856612702, F1 Score: 0.2677295263881343, Precision: 0.3747929239219959, Recall: 0.25325450116183257

              precision    recall  f1-score   support

           0       0.58      0.09      0.16      2797
           1       0.00      0.00      0.00      1370
           2       0.00      0.00      0.00       371
           3       0.83      0.76      0.79      4733
           4       0.00      0.00      0.00       600
           5       0.52      0.08      0.14      1417
           6       0.72      0.41      0.52      3795
           7       0.54      0.26      0.35      7454
           8       0.00      0.00      0.00       665
           9       0.57      0.92      0.70     19912

   micro avg       0.60      0.60      0.60     43114
   macro avg       0.37      0.25      0.27     43114
weighted avg       0.56      0.60      0.53     43114
 samples avg       0.60      0.60      0.60     43114


[[  262     0     0     4     0    27     4    91     0  2409]
 [    2     0     0    88     0     2    39   159     0  1080]
 [    4     0     0     3     0     0     9    16     0   339]
 [    2     0     0  3608     0     0    29   312     0   782]
 [    3     0     0     2     0     0     6    28     0   561]
 [   26     0     0    14     0   119     3   133     0  1122]
 [    1     0     0    81     0     0  1557    51     0  2105]
 [   35     0     0   319     0    35    48  1965     0  5052]
 [    2     0     0    19     0     7     3   118     0   516]
 [  117     0     0   222     0    40   463   777     0 18293]]

Results of Test Set

--------------------
Accuracy: 0.5962796307463932, F1 Score: 0.2615533959726972, Precision: 0.3660069940111518, Recall: 0.24858351059472658

              precision    recall  f1-score   support

           0       0.55      0.08      0.15      2795
           1       0.00      0.00      0.00      1321
           2       0.00      0.00      0.00       355
           3       0.83      0.76      0.79      4700
           4       0.00      0.00      0.00       585
           5       0.48      0.07      0.12      1504
           6       0.70      0.40      0.51      3669
           7       0.53      0.25      0.34      7506
           8       0.00      0.00      0.00       666
           9       0.57      0.92      0.70     20013

   micro avg       0.60      0.60      0.60     43114
   macro avg       0.37      0.25      0.26     43114
weighted avg       0.56      0.60      0.53     43114
 samples avg       0.60      0.60      0.60     43114


[[  237     0     0     1     0    20     6   107     0  2424]
 [    1     0     0    67     0     3    36   155     0  1059]
 [    9     0     0     4     0     1     6    16     0   319]
 [    3     0     0  3569     0     0    26   333     0   769]
 [    1     0     0     6     0     0     5    21     0   552]
 [   28     0     0    14     0   106    11   139     0  1206]
 [    0     0     0    75     0     3  1450    55     0  2086]
 [   41     0     0   341     0    35    41  1914     0  5134]
 [    1     0     0    19     0     3     2   129     0   512]
 [  107     0     0   203     0    52   479   740     0 18432]]

