Title: Fully Connected - Words: 1000, Batch: 64, Epochs: 7, Outputs: 128

Results of Training Set

--------------------
Accuracy: 0.660373273955869, F1 Score: 0.3680812911885305, Precision: 0.7130217033830897, Recall: 0.328041609784823

              precision    recall  f1-score   support

           0       0.69      0.33      0.45      8263
           1       0.87      0.03      0.06      3968
           2       0.91      0.06      0.11      1050
           3       0.87      0.83      0.85     14541
           4       0.00      0.00      0.00      1763
           5       0.77      0.23      0.35      4392
           6       0.83      0.49      0.62     11089
           7       0.63      0.36      0.45     22288
           8       0.93      0.02      0.04      1971
           9       0.62      0.93      0.74     60017

   micro avg       0.66      0.66      0.66    129342
   macro avg       0.71      0.33      0.37    129342
weighted avg       0.68      0.66      0.62    129342
 samples avg       0.66      0.66      0.66    129342


[[ 2731     0     0    10     0    55    10   283     0  5174]
 [   18   122     0   189     0     5    80   521     0  3033]
 [   31     0    63     5     0     7    21    80     0   843]
 [   26     3     1 11998     0     3    34   813     0  1663]
 [    9     1     0    18     0     1     7    65     0  1662]
 [  152     0     0    62     0  1010    16   455     0  2697]
 [    7     2     1   213     0     1  5473   195     0  5197]
 [  249     9     4   736     0    81   132  7916     1 13160]
 [   25     1     0    72     0    16     5   310    42  1500]
 [  712     3     0   440     0   126   784  1891     2 56059]]

Results of Validation Set

--------------------
Accuracy: 0.607041796168298, F1 Score: 0.3050715497513341, Precision: 0.5753041001568147, Recall: 0.27936084984521836

              precision    recall  f1-score   support

           0       0.53      0.23      0.32      2797
           1       0.64      0.01      0.03      1370
           2       0.88      0.04      0.08       371
           3       0.83      0.77      0.80      4733
           4       0.00      0.00      0.00       600
           5       0.54      0.14      0.22      1417
           6       0.72      0.41      0.52      3795
           7       0.53      0.29      0.37      7454
           8       0.50      0.00      0.01       665
           9       0.58      0.90      0.71     19912

   micro avg       0.61      0.61      0.61     43114
   macro avg       0.58      0.28      0.31     43114
weighted avg       0.60      0.61      0.55     43114
 samples avg       0.61      0.61      0.61     43114


[[  636     1     0     6     0    32     9   116     0  1997]
 [    5    18     0    93     0     2    36   198     1  1017]
 [   11     0    15     3     0     2    10    18     0   312]
 [    9     0     1  3663     0     1    22   328     0   709]
 [    9     0     0     4     0     2     5    34     0   546]
 [   72     0     0    18     0   196     6   161     0   964]
 [    7     1     0    79     0     1  1545    68     0  2094]
 [   99     1     1   305     0    47    64  2139     0  4798]
 [    9     1     0    25     0    11     1   119     3   496]
 [  346     6     0   215     0    71   438   877     2 17957]]

Results of Test Set

--------------------
Accuracy: 0.6088973419306953, F1 Score: 0.3019501360752147, Precision: 0.5679611807681524, Recall: 0.2783156644039589

              precision    recall  f1-score   support

           0       0.50      0.22      0.31      2795
           1       0.57      0.01      0.02      1321
           2       0.67      0.03      0.05       355
           3       0.83      0.78      0.81      4700
           4       0.00      0.00      0.00       585
           5       0.52      0.13      0.21      1504
           6       0.71      0.41      0.52      3669
           7       0.54      0.29      0.38      7506
           8       0.75      0.01      0.02       666
           9       0.58      0.90      0.71     20013

   micro avg       0.61      0.61      0.61     43114
   macro avg       0.57      0.28      0.30     43114
weighted avg       0.60      0.61      0.56     43114
 samples avg       0.61      0.61      0.61     43114


[[  621     0     0     4     0    39     9   106     0  2016]
 [   10    12     0    68     0     4    36   178     0  1013]
 [   21     0    10     3     0     3     9    31     0   278]
 [    7     2     1  3687     0     1    21   302     0   679]
 [    6     0     0     6     0     0     5    19     0   549]
 [   63     1     1    18     0   195    11   165     0  1050]
 [    3     2     0    73     0     2  1499    83     0  2007]
 [  127     1     0   335     0    54    47  2181     1  4760]
 [   10     0     0    21     0     8     2   130     6   489]
 [  376     3     3   208     0    68   459   854     1 18041]]

