Title: Fully Connected - Words: 1000, Batch: 128, Epochs: 7, Outputs: 128

Results of Training Set

--------------------
Accuracy: 0.6574662522614464, F1 Score: 0.3497499705931864, Precision: 0.8004507933285836, Recall: 0.3175777489248518

              precision    recall  f1-score   support

           0       0.71      0.29      0.41      8263
           1       0.72      0.01      0.01      3968
           2       0.95      0.04      0.07      1050
           3       0.87      0.82      0.85     14541
           4       1.00      0.00      0.00      1763
           5       0.72      0.19      0.31      4392
           6       0.81      0.51      0.62     11089
           7       0.60      0.39      0.47     22288
           8       1.00      0.01      0.01      1971
           9       0.62      0.93      0.74     60017

   micro avg       0.66      0.66      0.66    129342
   macro avg       0.80      0.32      0.35    129342
weighted avg       0.69      0.66      0.61    129342
 samples avg       0.66      0.66      0.66    129342


[[ 2382     0     0     9     0    63    15   387     0  5407]
 [   17    21     0   210     0     5   117   580     0  3018]
 [   46     0    40     7     0     6    25    96     0   830]
 [   17     2     0 11959     0     5    43   886     0  1629]
 [    8     0     0    24     2     3    13    76     0  1637]
 [  148     0     0    58     0   853    17   528     0  2788]
 [   13     0     1   201     0     1  5642   222     0  5009]
 [  216     5     1   722     0    95   163  8597     0 12489]
 [   24     0     0    72     0    12    18   389    13  1443]
 [  503     1     0   467     0   144   922  2451     0 55529]]

Results of Validation Set

--------------------
Accuracy: 0.6109616365913625, F1 Score: 0.30160704629950935, Precision: 0.6053181248038568, Recall: 0.2790420020479525

              precision    recall  f1-score   support

           0       0.55      0.20      0.29      2797
           1       0.50      0.00      0.00      1370
           2       0.85      0.03      0.06       371
           3       0.83      0.78      0.80      4733
           4       0.00      0.00      0.00       600
           5       0.50      0.13      0.20      1417
           6       0.72      0.43      0.54      3795
           7       0.53      0.33      0.40      7454
           8       1.00      0.00      0.01       665
           9       0.59      0.90      0.71     19912

   micro avg       0.61      0.61      0.61     43114
   macro avg       0.61      0.28      0.30     43114
weighted avg       0.61      0.61      0.56     43114
 samples avg       0.61      0.61      0.61     43114


[[  559     0     0     4     0    40     8   148     0  2038]
 [    5     3     0    89     0     3    38   201     0  1031]
 [   15     0    11     1     0     1     7    23     0   313]
 [    6     2     0  3677     0     2    28   341     0   677]
 [    5     0     0     3     0     0     8    37     0   547]
 [   68     0     0    19     0   180     6   182     0   962]
 [    7     0     1    83     0     1  1624    91     0  1988]
 [   79     0     1   304     0    55    62  2444     0  4509]
 [    7     0     0    20     0     8     3   139     2   486]
 [  270     1     0   216     0    73   482  1029     0 17841]]

Results of Test Set

--------------------
Accuracy: 0.6086422043883657, F1 Score: 0.29709655090697, Precision: 0.5874337879469793, Recall: 0.2757307076414665

              precision    recall  f1-score   support

           0       0.50      0.19      0.28      2795
           1       0.67      0.00      0.01      1321
           2       0.86      0.02      0.03       355
           3       0.84      0.78      0.81      4700
           4       0.00      0.00      0.00       585
           5       0.54      0.13      0.21      1504
           6       0.70      0.42      0.52      3669
           7       0.52      0.32      0.40      7506
           8       0.67      0.01      0.01       666
           9       0.59      0.89      0.71     20013

   micro avg       0.61      0.61      0.61     43114
   macro avg       0.59      0.28      0.30     43114
weighted avg       0.60      0.61      0.56     43114
 samples avg       0.61      0.61      0.61     43114


[[  537     0     0     4     0    33     8   157     0  2056]
 [    7     4     0    64     0     2    35   189     0  1020]
 [   23     0     6     2     0     2    13    33     0   276]
 [   13     1     0  3664     0     0    24   345     0   653]
 [    5     0     0     8     0     0     7    26     0   539]
 [   66     0     0    20     0   193    11   175     1  1038]
 [    3     0     0    74     0     3  1523    84     0  1982]
 [  106     0     0   333     0    51    51  2419     0  4546]
 [    7     0     0    18     0     6     3   146     4   482]
 [  300     1     1   195     0    69   514  1041     1 17891]]

