Title: Fully Connected - Words: 1000, Batch: 32, Epochs: 7, Outputs: 256

Results of Training Set

--------------------
Accuracy: 0.7086097323375238, F1 Score: 0.4551520132377626, Precision: 0.8414741897349156, Recall: 0.4000749290592416

              precision    recall  f1-score   support

           0       0.79      0.51      0.62      8263
           1       0.87      0.10      0.18      3968
           2       0.94      0.12      0.22      1050
           3       0.90      0.86      0.88     14541
           4       1.00      0.01      0.02      1763
           5       0.78      0.36      0.49      4392
           6       0.86      0.60      0.71     11089
           7       0.71      0.42      0.53     22288
           8       0.91      0.07      0.14      1971
           9       0.66      0.94      0.77     60017

   micro avg       0.71      0.71      0.71    129342
   macro avg       0.84      0.40      0.46    129342
weighted avg       0.74      0.71      0.68    129342
 samples avg       0.71      0.71      0.71    129342


[[ 4188     0     0     8     0    63     7   237     0  3760]
 [   15   395     0   182     0    16    92   476     0  2792]
 [   45     0   130     6     0     8    14    80     0   767]
 [   16    17     0 12568     0     9    27   596     2  1306]
 [   14     1     1    15    15     1     6    50     0  1660]
 [  171     1     0    58     0  1575    14   396     3  2174]
 [    8     6     1   181     0     3  6657   191     0  4042]
 [  203    20     5   548     0   151   124  9444     6 11787]
 [   44     0     0    69     0    25    10   265   144  1414]
 [  588    16     1   334     0   178   749  1611     3 56537]]

Results of Validation Set

--------------------
Accuracy: 0.6141160643874379, F1 Score: 0.32981041197509603, Precision: 0.5552424612836768, Recall: 0.2995534489459577

              precision    recall  f1-score   support

           0       0.52      0.27      0.35      2797
           1       0.52      0.04      0.07      1370
           2       0.78      0.05      0.09       371
           3       0.83      0.78      0.81      4733
           4       0.00      0.00      0.00       600
           5       0.52      0.21      0.30      1417
           6       0.70      0.44      0.54      3795
           7       0.54      0.31      0.40      7454
           8       0.55      0.02      0.03       665
           9       0.59      0.89      0.71     19912

   micro avg       0.61      0.61      0.61     43114
   macro avg       0.56      0.30      0.33     43114
weighted avg       0.60      0.61      0.57     43114
 samples avg       0.61      0.61      0.61     43114


[[  751     2     0     6     0    55     6   127     0  1850]
 [    9    55     0    88     0     7    48   204     1   958]
 [   19     0    18     2     0     2     7    25     0   298]
 [    8    13     1  3679     0     2    22   318     1   689]
 [   11     1     0     4     0     2     4    38     0   540]
 [   83     0     0    15     0   292     7   153     0   867]
 [   13     3     1    77     0     2  1661    71     0  1967]
 [  130    11     2   285     0    71    78  2316     4  4557]
 [   18     0     0    23     0    11     4   115    12   482]
 [  408    21     1   228     0   116   551   890     4 17693]]

Results of Test Set

--------------------
Accuracy: 0.613373846082479, F1 Score: 0.32366022034105546, Precision: 0.5480836778154197, Recall: 0.2956105748663599

              precision    recall  f1-score   support

           0       0.51      0.27      0.36      2795
           1       0.45      0.03      0.05      1321
           2       0.72      0.04      0.07       355
           3       0.84      0.79      0.81      4700
           4       0.00      0.00      0.00       585
           5       0.51      0.19      0.27      1504
           6       0.70      0.43      0.53      3669
           7       0.53      0.31      0.39      7506
           8       0.62      0.02      0.04       666
           9       0.59      0.89      0.71     20013

   micro avg       0.61      0.61      0.61     43114
   macro avg       0.55      0.30      0.32     43114
weighted avg       0.60      0.61      0.57     43114
 samples avg       0.61      0.61      0.61     43114


[[  761     0     0     6     0    45     8   152     1  1822]
 [    9    35     0    71     0     3    46   173     1   983]
 [   24     0    13     4     0     8     9    37     0   260]
 [   11     6     1  3691     0     1    19   309     0   662]
 [    8     1     0    10     0     1     6    26     0   533]
 [   87     3     1    19     0   282    12   167     2   931]
 [    4     4     0    74     0     2  1577    93     0  1915]
 [  140    13     0   312     0    70    52  2314     4  4601]
 [    8     0     0    21     0    10     4   124    15   484]
 [  437    16     3   207     1   127   531   933     1 17757]]

