Title: Fully Connected - Words: 1000, Batch: 64, Epochs: 7, Outputs: 256

Results of Training Set

--------------------
Accuracy: 0.7067155293717431, F1 Score: 0.44379381299781323, Precision: 0.8279917176553651, Recall: 0.39299293022677106

              precision    recall  f1-score   support

           0       0.78      0.46      0.58      8263
           1       0.87      0.09      0.17      3968
           2       0.88      0.10      0.18      1050
           3       0.90      0.86      0.88     14541
           4       1.00      0.01      0.01      1763
           5       0.78      0.35      0.48      4392
           6       0.85      0.61      0.71     11089
           7       0.68      0.46      0.55     22288
           8       0.88      0.05      0.10      1971
           9       0.66      0.93      0.77     60017

   micro avg       0.71      0.71      0.71    129342
   macro avg       0.83      0.39      0.44    129342
weighted avg       0.73      0.71      0.67    129342
 samples avg       0.71      0.71      0.71    129342


[[ 3796     3     1     5     0    65    10   358     1  4024]
 [   10   372     0   193     0    12   110   519     0  2752]
 [   39     0   107     9     0    10    26   101     0   758]
 [   25     9     0 12569     0     6    31   658     1  1242]
 [    6     1     0    20     9     3     6    73     0  1645]
 [  151     1     1    54     0  1538    12   494     2  2139]
 [    4     8     3   197     0     4  6780   216     0  3877]
 [  214    15     6   506     0   131   157 10181     5 11073]
 [   34     1     0    60     0    23    12   371   108  1362]
 [  604    17     3   358     0   176   809  2096     6 55948]]

Results of Validation Set

--------------------
Accuracy: 0.6155541123532959, F1 Score: 0.3295754756862726, Precision: 0.5561781023649116, Recall: 0.3013270909065473

              precision    recall  f1-score   support

           0       0.54      0.27      0.36      2797
           1       0.52      0.03      0.05      1370
           2       0.74      0.05      0.09       371
           3       0.83      0.78      0.80      4733
           4       0.00      0.00      0.00       600
           5       0.52      0.20      0.29      1417
           6       0.69      0.45      0.55      3795
           7       0.53      0.35      0.42      7454
           8       0.60      0.01      0.03       665
           9       0.60      0.88      0.71     19912

   micro avg       0.62      0.62      0.62     43114
   macro avg       0.56      0.30      0.33     43114
weighted avg       0.60      0.62      0.57     43114
 samples avg       0.62      0.62      0.62     43114


[[  753     0     2     9     0    44     7   155     0  1827]
 [    7    39     0    95     0     6    48   213     0   962]
 [   17     0    17     3     0     2    11    30     0   291]
 [    9     2     0  3683     0     2    27   349     0   661]
 [    5     0     0     5     0     4     7    33     0   546]
 [   70     0     1    20     0   287     9   195     1   834]
 [   10     2     1    83     0     3  1717    89     0  1890]
 [  126    12     1   281     0    76    63  2585     4  4306]
 [   15     0     0    26     0    11     4   136     9   464]
 [  394    20     1   239     0   118   580  1110     1 17449]]

Results of Test Set

--------------------
Accuracy: 0.6151134202347266, F1 Score: 0.3279131435574655, Precision: 0.533762291304573, Recall: 0.29992619595232073

              precision    recall  f1-score   support

           0       0.51      0.26      0.34      2795
           1       0.40      0.02      0.04      1321
           2       0.68      0.05      0.09       355
           3       0.83      0.79      0.81      4700
           4       0.00      0.00      0.00       585
           5       0.53      0.19      0.28      1504
           6       0.68      0.45      0.54      3669
           7       0.52      0.34      0.41      7506
           8       0.58      0.02      0.04       666
           9       0.60      0.88      0.71     20013

   micro avg       0.62      0.62      0.62     43114
   macro avg       0.53      0.30      0.33     43114
weighted avg       0.60      0.62      0.57     43114
 samples avg       0.62      0.62      0.62     43114


[[  724     0     0    10     0    48    12   159     0  1842]
 [   10    31     0    66     0     3    55   189     1   966]
 [   18     0    17     1     0     6     9    40     0   264]
 [   13     9     1  3694     0     1    23   355     0   604]
 [    8     1     0     8     0     0     8    28     0   532]
 [   74     1     0    20     0   289    12   190     1   917]
 [    4     4     0    76     0     2  1664   100     0  1819]
 [  144    20     2   312     0    68    63  2535     5  4357]
 [    8     1     0    20     0    12     5   145    15   460]
 [  429    10     5   218     0   114   587  1095     4 17551]]

