Title: Fully Connected - Words: 1000, Batch: 128, Epochs: 7, Outputs: 256

Results of Training Set

--------------------
Accuracy: 0.6984970079324582, F1 Score: 0.41671321054655175, Precision: 0.8360912940118761, Recall: 0.37229495954780295

              precision    recall  f1-score   support

           0       0.76      0.42      0.54      8263
           1       0.91      0.04      0.07      3968
           2       0.91      0.09      0.17      1050
           3       0.89      0.86      0.87     14541
           4       1.00      0.00      0.00      1763
           5       0.80      0.29      0.43      4392
           6       0.84      0.59      0.70     11089
           7       0.67      0.45      0.54     22288
           8       0.93      0.04      0.08      1971
           9       0.65      0.93      0.77     60017

   micro avg       0.70      0.70      0.70    129342
   macro avg       0.84      0.37      0.42    129342
weighted avg       0.73      0.70      0.66    129342
 samples avg       0.70      0.70      0.70    129342


[[ 3471     0     1     5     0    44    15   339     0  4388]
 [   28   150     0   194     0    10   120   594     0  2872]
 [   23     0    97     6     0     9    23    99     0   793]
 [   24     2     0 12503     0     7    49   683     1  1272]
 [    8     0     0    17     1     3    16    85     0  1633]
 [  169     0     1    66     0  1279    23   497     0  2357]
 [   12     1     1   206     0     2  6581   220     0  4066]
 [  253     9     5   591     0    98   160 10079     3 11090]
 [   43     0     0    85     0    15    17   358    80  1373]
 [  545     3     2   377     0   133   808  2043     2 56104]]

Results of Validation Set

--------------------
Accuracy: 0.6142552303196177, F1 Score: 0.3195095134324929, Precision: 0.5694939002216891, Recall: 0.293332668405008

              precision    recall  f1-score   support

           0       0.53      0.24      0.33      2797
           1       0.62      0.01      0.02      1370
           2       0.77      0.05      0.10       371
           3       0.83      0.79      0.81      4733
           4       0.00      0.00      0.00       600
           5       0.55      0.17      0.25      1417
           6       0.68      0.44      0.53      3795
           7       0.53      0.34      0.41      7454
           8       0.60      0.01      0.02       665
           9       0.59      0.88      0.71     19912

   micro avg       0.61      0.61      0.61     43114
   macro avg       0.57      0.29      0.32     43114
weighted avg       0.60      0.61      0.57     43114
 samples avg       0.61      0.61      0.61     43114


[[  678     0     2     7     0    30     8   151     0  1921]
 [    7    16     0    92     0     3    52   230     0   970]
 [   15     0    20     2     0     1     8    32     0   293]
 [   10     1     0  3738     0     2    28   323     0   631]
 [    3     0     0     4     0     1     5    38     0   549]
 [   72     0     1    15     0   235     6   210     0   878]
 [   11     2     0    83     0     1  1665    85     0  1948]
 [  115     1     2   294     0    65    84  2517     2  4374]
 [    8     1     0    25     0    11     2   135     6   477]
 [  371     5     1   236     0    81   580  1028     2 17608]]

Results of Test Set

--------------------
Accuracy: 0.6127939880317298, F1 Score: 0.3148301936299248, Precision: 0.5358645529190642, Recall: 0.2906258129174636

              precision    recall  f1-score   support

           0       0.50      0.24      0.33      2795
           1       0.48      0.01      0.02      1321
           2       0.67      0.04      0.07       355
           3       0.83      0.80      0.81      4700
           4       0.00      0.00      0.00       585
           5       0.54      0.15      0.23      1504
           6       0.68      0.44      0.53      3669
           7       0.52      0.33      0.40      7506
           8       0.55      0.02      0.03       666
           9       0.60      0.88      0.71     20013

   micro avg       0.61      0.61      0.61     43114
   macro avg       0.54      0.29      0.31     43114
weighted avg       0.60      0.61      0.57     43114
 samples avg       0.61      0.61      0.61     43114


[[  683     1     1     8     0    39    15   156     1  1891]
 [   11    16     0    71     0     2    51   211     1   958]
 [   16     0    14     4     0     3    10    41     0   267]
 [   10     3     1  3747     0     0    23   321     0   595]
 [    8     0     0     6     0     0     6    31     0   534]
 [   87     0     1    19     0   221    11   219     0   946]
 [    2     2     0    74     0     0  1609    97     0  1885]
 [  136     3     1   348     0    58    72  2472     5  4411]
 [   10     1     0    21     0     8     5   139    11   471]
 [  403     7     3   225     0    81   577  1068     2 17647]]

