Title: Fully Connected - Words: 1000, Batch: 32, Epochs: 7, Outputs: 512

Results of Training Set

--------------------
Accuracy: 0.7896738878322587, F1 Score: 0.6278509134922576, Precision: 0.8943823386944999, Recall: 0.5381950853592128

              precision    recall  f1-score   support

           0       0.91      0.62      0.74      8263
           1       0.91      0.33      0.48      3968
           2       0.95      0.34      0.50      1050
           3       0.94      0.91      0.92     14541
           4       0.98      0.19      0.32      1763
           5       0.84      0.49      0.62      4392
           6       0.94      0.70      0.81     11089
           7       0.80      0.62      0.70     22288
           8       0.94      0.22      0.36      1971
           9       0.73      0.96      0.83     60017

   micro avg       0.79      0.79      0.79    129342
   macro avg       0.89      0.54      0.63    129342
weighted avg       0.81      0.79      0.77    129342
 samples avg       0.79      0.79      0.79    129342


[[ 5123     2     2     7     0    63     4   243     1  2818]
 [   13  1300     0    95     0    14    54   479     1  2012]
 [   22     0   358     6     0     6    12    99     0   547]
 [    6    16     0 13187     1     8    20   413     3   887]
 [    2     6     3     8   341     4     7    77     0  1315]
 [   99     1     2    31     1  2136     5   381     6  1730]
 [    5    17     2    95     0     1  7797   201     0  2971]
 [  103    39     6   285     2   124    74 13802    10  7843]
 [   17     0     0    44     0    28     9   256   441  1176]
 [  237    45     5   214     4   152   298  1404     5 57653]]

Results of Validation Set

--------------------
Accuracy: 0.6125620448114302, F1 Score: 0.34333121466113287, Precision: 0.5594790991152443, Recall: 0.30764397819052397

              precision    recall  f1-score   support

           0       0.54      0.24      0.34      2797
           1       0.43      0.07      0.12      1370
           2       0.57      0.07      0.13       371
           3       0.83      0.78      0.80      4733
           4       0.43      0.01      0.01       600
           5       0.52      0.22      0.31      1417
           6       0.69      0.42      0.53      3795
           7       0.51      0.35      0.41      7454
           8       0.47      0.04      0.07       665
           9       0.60      0.87      0.71     19912

   micro avg       0.61      0.61      0.61     43114
   macro avg       0.56      0.31      0.34     43114
weighted avg       0.60      0.61      0.57     43114
 samples avg       0.61      0.61      0.61     43114


[[  684     1     2    10     0    52     9   182     0  1857]
 [    5    97     0    87     0     6    48   228     1   898]
 [   13     1    27     2     0     2    10    34     0   282]
 [    8    18     0  3672     0     4    34   332     4   661]
 [    6     1     0     2     3     3     4    51     0   530]
 [   75     1     1    15     0   314     8   217     5   781]
 [   10    15     3    77     1     2  1611   112     0  1964]
 [  114    32     3   293     0    84    66  2610    11  4241]
 [   10     1     0    28     0    15     6   140    26   439]
 [  345    57    11   221     3   126   530  1245     8 17366]]

Results of Test Set

--------------------
Accuracy: 0.6119126037945911, F1 Score: 0.343741268457855, Precision: 0.5513554282739387, Recall: 0.3071890141067979

              precision    recall  f1-score   support

           0       0.51      0.24      0.33      2795
           1       0.36      0.06      0.10      1321
           2       0.54      0.08      0.15       355
           3       0.85      0.78      0.81      4700
           4       0.40      0.01      0.01       585
           5       0.53      0.21      0.30      1504
           6       0.69      0.42      0.52      3669
           7       0.50      0.35      0.41      7506
           8       0.53      0.05      0.09       666
           9       0.60      0.87      0.71     20013

   micro avg       0.61      0.61      0.61     43114
   macro avg       0.55      0.31      0.34     43114
weighted avg       0.60      0.61      0.57     43114
 samples avg       0.61      0.61      0.61     43114


[[  681     2     2     8     0    59     6   191     1  1845]
 [   10    80     0    59     0     3    45   222     0   902]
 [   20     2    30     1     0     4     8    43     0   247]
 [   10    16     1  3658     0     1    23   352     3   636]
 [   10     2     0     4     4     5     9    38     0   513]
 [   73     4     1    18     0   319     6   194     4   885]
 [    3    14     1    69     0     2  1535   143     0  1902]
 [  122    36     2   282     3    78    67  2636     8  4272]
 [   13     1     0    25     0    11     3   144    31   438]
 [  390    64    19   187     3   118   528  1285    11 17408]]

