Title: Fully Connected - Words: 1000, Batch: 64, Epochs: 7, Outputs: 512

Results of Training Set

--------------------
Accuracy: 0.7800173184271157, F1 Score: 0.5958444874910005, Precision: 0.8831929034652661, Recall: 0.5169372440283067

              precision    recall  f1-score   support

           0       0.89      0.64      0.75      8263
           1       0.91      0.24      0.38      3968
           2       0.95      0.24      0.39      1050
           3       0.92      0.91      0.92     14541
           4       0.98      0.10      0.19      1763
           5       0.84      0.51      0.63      4392
           6       0.91      0.73      0.81     11089
           7       0.79      0.57      0.66     22288
           8       0.92      0.26      0.41      1971
           9       0.72      0.96      0.82     60017

   micro avg       0.78      0.78      0.78    129342
   macro avg       0.88      0.52      0.60    129342
weighted avg       0.80      0.78      0.76    129342
 samples avg       0.78      0.78      0.78    129342


[[ 5311     0     2     2     0    59     9   244     0  2636]
 [   17   966     1   136     0    11   100   418     2  2317]
 [   25     0   256     8     0     8    10   113     1   629]
 [   11    10     0 13226     0     9    29   333     2   921]
 [    4     3     0    17   185     3     7    76     1  1467]
 [  103     2     1    33     1  2228    14   363    17  1630]
 [    8    15     1   130     1     2  8098   187     1  2646]
 [  143    33     7   485     0   145   145 12691    12  8627]
 [   24     1     0    53     0    40    21   215   515  1102]
 [  315    33     2   263     1   156   497  1326    11 57413]]

Results of Validation Set

--------------------
Accuracy: 0.617641601335993, F1 Score: 0.34873087955316145, Precision: 0.5686174074619286, Recall: 0.31529801650355116

              precision    recall  f1-score   support

           0       0.53      0.28      0.36      2797
           1       0.49      0.06      0.11      1370
           2       0.72      0.06      0.11       371
           3       0.82      0.79      0.81      4733
           4       0.40      0.01      0.01       600
           5       0.51      0.24      0.32      1417
           6       0.67      0.46      0.55      3795
           7       0.53      0.34      0.41      7454
           8       0.40      0.05      0.09       665
           9       0.60      0.87      0.71     19912

   micro avg       0.62      0.62      0.62     43114
   macro avg       0.57      0.32      0.35     43114
weighted avg       0.60      0.62      0.58     43114
 samples avg       0.62      0.62      0.62     43114


[[  772     0     1    12     0    62     9   142     2  1797]
 [    7    89     1    98     0     1    65   199     2   908]
 [   15     0    21     2     0     2     7    36     0   288]
 [   13    12     0  3750     2     6    34   269     5   642]
 [    6     0     0     3     4     1     6    52     0   528]
 [  102     1     1    17     0   334     8   194     8   752]
 [   13    12     1    79     1     2  1750    92     1  1844]
 [  130    27     1   344     1    92    87  2523    14  4235]
 [    4     1     0    33     0    19    10   114    33   451]
 [  406    38     3   220     2   133   619  1120    18 17353]]

Results of Test Set

--------------------
Accuracy: 0.6184302082850118, F1 Score: 0.3472479433141399, Precision: 0.5606615027983222, Recall: 0.3142952265691

              precision    recall  f1-score   support

           0       0.53      0.29      0.38      2795
           1       0.42      0.04      0.08      1321
           2       0.69      0.06      0.10       355
           3       0.83      0.80      0.81      4700
           4       0.33      0.00      0.01       585
           5       0.54      0.22      0.31      1504
           6       0.67      0.45      0.54      3669
           7       0.54      0.33      0.41      7506
           8       0.46      0.07      0.12       666
           9       0.60      0.87      0.71     20013

   micro avg       0.62      0.62      0.62     43114
   macro avg       0.56      0.31      0.35     43114
weighted avg       0.60      0.62      0.58     43114
 samples avg       0.62      0.62      0.62     43114


[[  813     4     1     8     0    46    12   157     1  1753]
 [    7    55     0    78     0     5    41   191     1   943]
 [   16     0    20     4     0     5    14    40     0   256]
 [   16     7     1  3764     0     2    25   268     2   615]
 [    6     0     0     6     2     1     7    25     0   538]
 [   88     4     1    20     0   334    14   189    11   843]
 [    4     8     0    74     1     2  1666   110     0  1804]
 [  137    21     0   343     0    93    75  2505    15  4317]
 [   10     2     0    23     0    14     7   117    45   448]
 [  439    30     6   236     3   119   637  1062    22 17459]]

