Title: Fully Connected - Words: 1000, Batch: 128, Epochs: 7, Outputs: 512

Results of Training Set

--------------------
Accuracy: 0.7752006308855592, F1 Score: 0.5507491483803271, Precision: 0.8714540383979763, Recall: 0.48617053943770977

              precision    recall  f1-score   support

           0       0.85      0.61      0.71      8263
           1       0.89      0.21      0.34      3968
           2       0.94      0.16      0.27      1050
           3       0.93      0.89      0.91     14541
           4       0.99      0.05      0.10      1763
           5       0.79      0.50      0.61      4392
           6       0.91      0.71      0.80     11089
           7       0.74      0.64      0.68     22288
           8       0.94      0.15      0.25      1971
           9       0.73      0.94      0.82     60017

   micro avg       0.78      0.78      0.78    129342
   macro avg       0.87      0.49      0.55    129342
weighted avg       0.79      0.78      0.76    129342
 samples avg       0.78      0.78      0.78    129342


[[ 5026     1     0     4     0    94     7   365     1  2765]
 [   17   846     1   135     0    26    96   642     0  2205]
 [   44     1   165     7     0    10    21   142     0   660]
 [   15    17     0 12937     0    10    31   607     0   924]
 [   13     5     0    14    92     6    10   116     0  1507]
 [  140     1     1    39     0  2203    12   472     6  1518]
 [   10    20     1   139     0    11  7904   290     1  2713]
 [  204    24     6   345     1   145   139 14182     4  7238]
 [   35     2     0    57     0    36    20   343   290  1188]
 [  388    38     1   245     0   234   476  2008     6 56621]]

Results of Validation Set

--------------------
Accuracy: 0.6170385489632138, F1 Score: 0.3487688573506734, Precision: 0.5886702452085637, Recall: 0.3177571612509852

              precision    recall  f1-score   support

           0       0.53      0.29      0.37      2797
           1       0.43      0.06      0.11      1370
           2       0.83      0.05      0.10       371
           3       0.83      0.78      0.81      4733
           4       0.50      0.00      0.01       600
           5       0.50      0.25      0.34      1417
           6       0.68      0.46      0.55      3795
           7       0.50      0.40      0.44      7454
           8       0.48      0.03      0.06       665
           9       0.61      0.85      0.71     19912

   micro avg       0.62      0.62      0.62     43114
   macro avg       0.59      0.32      0.35     43114
weighted avg       0.61      0.62      0.58     43114
 samples avg       0.62      0.62      0.62     43114


[[  810     0     1     9     0    58    11   209     0  1699]
 [    2    82     0    96     1     6    63   268     0   852]
 [   24     1    19     5     0     4    10    37     0   271]
 [    8    17     0  3693     0     7    40   366     2   600]
 [   11     0     0     5     2     2     9    60     0   511]
 [   73     0     1    17     0   358    11   246     2   709]
 [    9    10     1    89     0     2  1752   119     1  1812]
 [  148    27     1   264     0    99    85  2958     7  3865]
 [   10     1     0    24     0    24     5   148    22   431]
 [  429    51     0   228     1   160   606  1518    12 16907]]

Results of Test Set

--------------------
Accuracy: 0.6177343786241128, F1 Score: 0.34591340027300327, Precision: 0.5706723946583823, Recall: 0.3166371017018033

              precision    recall  f1-score   support

           0       0.50      0.29      0.37      2795
           1       0.43      0.05      0.09      1321
           2       0.62      0.05      0.08       355
           3       0.84      0.79      0.81      4700
           4       0.50      0.00      0.00       585
           5       0.51      0.24      0.33      1504
           6       0.67      0.46      0.55      3669
           7       0.50      0.40      0.44      7506
           8       0.53      0.04      0.07       666
           9       0.61      0.85      0.71     20013

   micro avg       0.62      0.62      0.62     43114
   macro avg       0.57      0.32      0.35     43114
weighted avg       0.60      0.62      0.58     43114
 samples avg       0.62      0.62      0.62     43114


[[  805     2     1     6     0    65    12   229     2  1673]
 [   15    65     0    68     0     6    47   236     0   884]
 [   26     0    16     3     0     4    10    43     0   253]
 [   13     9     1  3721     0     1    35   382     1   537]
 [    7     0     0     6     1     1     7    52     0   511]
 [   75     2     0    15     0   363    13   238     3   795]
 [    9    15     1    72     0     5  1706   143     0  1718]
 [  176    25     1   308     0   108    72  2996    11  3809]
 [   10     1     0    22     0    13     3   146    26   445]
 [  472    31     6   215     1   148   654  1546     6 16934]]

