Title: Fully Connected - Words: 1000, Batch: 32, Epochs: 8, Outputs: 10

Results of Training Set

--------------------
Accuracy: 0.5807780921896987, F1 Score: 0.20862655846192749, Precision: 0.3285788411641501, Recall: 0.2156150728735619

              precision    recall  f1-score   support

           0       0.44      0.00      0.01      8263
           1       0.00      0.00      0.00      3968
           2       0.00      0.00      0.00      1050
           3       0.82      0.80      0.81     14541
           4       0.00      0.00      0.00      1763
           5       0.00      0.00      0.00      4392
           6       0.81      0.31      0.45     11089
           7       0.67      0.07      0.12     22288
           8       0.00      0.00      0.00      1971
           9       0.54      0.98      0.69     60017

   micro avg       0.58      0.58      0.58    129342
   macro avg       0.33      0.22      0.21    129342
weighted avg       0.56      0.58      0.47    129342
 samples avg       0.58      0.58      0.58    129342


[[   39     0     0     7     0     0     2    10     0  8205]
 [    0     0     0   227     0     0    37    98     0  3606]
 [    2     0     0     8     0     0    11    12     0  1017]
 [    1     0     0 11567     0     0    26   189     0  2758]
 [    0     0     0    22     0     0     5     7     0  1729]
 [   30     0     0    68     0     0     3    68     0  4223]
 [    0     0     0   232     0     0  3464    26     0  7367]
 [    5     0     0  1289     0     0    66  1526     0 19402]
 [    1     0     0    87     0     0     6   100     0  1777]
 [   10     0     0   600     0     0   653   231     0 58523]]

Results of Validation Set

--------------------
Accuracy: 0.5733636405807858, F1 Score: 0.20533929499906028, Precision: 0.3401609977284283, Recall: 0.21282371261528663

              precision    recall  f1-score   support

           0       0.62      0.01      0.01      2797
           1       0.00      0.00      0.00      1370
           2       0.00      0.00      0.00       371
           3       0.80      0.78      0.79      4733
           4       0.00      0.00      0.00       600
           5       0.00      0.00      0.00      1417
           6       0.79      0.30      0.44      3795
           7       0.66      0.07      0.13      7454
           8       0.00      0.00      0.00       665
           9       0.53      0.97      0.69     19912

   micro avg       0.57      0.57      0.57     43114
   macro avg       0.34      0.21      0.21     43114
weighted avg       0.56      0.57      0.47     43114
 samples avg       0.57      0.57      0.57     43114


[[   16     0     0     4     0     0     2     4     0  2771]
 [    0     0     0    95     0     0    18    31     0  1226]
 [    0     0     0     2     0     0     3     3     0   363]
 [    0     0     0  3688     0     0    13    66     0   966]
 [    0     0     0     7     0     0     0     2     0   591]
 [    4     0     0    17     0     0     1    24     0  1371]
 [    0     0     0    84     0     0  1147    11     0  2553]
 [    3     0     0   446     0     0    21   515     0  6469]
 [    1     0     0    28     0     0     1    37     0   598]
 [    2     0     0   220     0     0   251    85     0 19354]]

Results of Test Set

--------------------
Accuracy: 0.5726910052419167, F1 Score: 0.2036313896889955, Precision: 0.32591402777446105, Recall: 0.21144963178475282

              precision    recall  f1-score   support

           0       0.50      0.00      0.01      2795
           1       0.00      0.00      0.00      1321
           2       0.00      0.00      0.00       355
           3       0.81      0.78      0.79      4700
           4       0.00      0.00      0.00       585
           5       0.00      0.00      0.00      1504
           6       0.78      0.30      0.43      3669
           7       0.64      0.06      0.12      7506
           8       0.00      0.00      0.00       666
           9       0.53      0.97      0.69     20013

   micro avg       0.57      0.57      0.57     43114
   macro avg       0.33      0.21      0.20     43114
weighted avg       0.55      0.57      0.46     43114
 samples avg       0.57      0.57      0.57     43114


[[   12     0     0     6     0     0     0     5     0  2772]
 [    0     0     0    75     0     0    14    31     0  1201]
 [    0     0     0     3     0     0     4     6     0   342]
 [    1     0     0  3655     0     0    11    81     0   952]
 [    0     0     0     6     0     0     2     3     0   574]
 [    8     0     0    22     0     0     5    25     0  1444]
 [    0     0     0    70     0     0  1086     9     0  2504]
 [    3     0     0   450     0     0    21   484     0  6548]
 [    0     0     0    22     0     0     2    21     0   621]
 [    0     0     0   214     0     0   255    90     0 19454]]

