Title: Fully Connected - Words: 1000, Batch: 64, Epochs: 8, Outputs: 10

Results of Training Set

--------------------
Accuracy: 0.5883703669341745, F1 Score: 0.22158657426681305, Precision: 0.3389983908734596, Recall: 0.2193062022843284

              precision    recall  f1-score   support

           0       0.59      0.01      0.01      8263
           1       0.00      0.00      0.00      3968
           2       0.00      0.00      0.00      1050
           3       0.87      0.75      0.80     14541
           4       0.00      0.00      0.00      1763
           5       0.00      0.00      0.00      4392
           6       0.80      0.30      0.43     11089
           7       0.59      0.17      0.27     22288
           8       0.00      0.00      0.00      1971
           9       0.55      0.97      0.70     60017

   micro avg       0.59      0.59      0.59    129342
   macro avg       0.34      0.22      0.22    129342
weighted avg       0.56      0.59      0.50    129342
 samples avg       0.59      0.59      0.59    129342


[[   54     0     0     4     0     0     2    81     0  8122]
 [    1     0     0   157     0     0    28   263     0  3519]
 [    0     0     0     4     0     0    10    27     0  1009]
 [    6     0     0 10925     0     0    34   937     0  2639]
 [    0     0     0    13     0     0     4    25     0  1721]
 [    1     0     0    42     0     0     3   169     0  4177]
 [    1     0     0   213     0     0  3273    91     0  7511]
 [    4     0     0   758     0     0    60  3883     0 17583]
 [    0     0     0    57     0     0     8   239     0  1667]
 [   24     0     0   429     0     0   689   909     0 57966]]

Results of Validation Set

--------------------
Accuracy: 0.5793013870204574, F1 Score: 0.2169764202916983, Precision: 0.3485262791005504, Recall: 0.21555318841806637

              precision    recall  f1-score   support

           0       0.75      0.01      0.01      2797
           1       0.00      0.00      0.00      1370
           2       0.00      0.00      0.00       371
           3       0.85      0.73      0.79      4733
           4       0.00      0.00      0.00       600
           5       0.00      0.00      0.00      1417
           6       0.77      0.29      0.42      3795
           7       0.57      0.17      0.26      7454
           8       0.00      0.00      0.00       665
           9       0.54      0.96      0.69     19912

   micro avg       0.58      0.58      0.58     43114
   macro avg       0.35      0.22      0.22     43114
weighted avg       0.56      0.58      0.49     43114
 samples avg       0.58      0.58      0.58     43114


[[   21     0     0     4     0     0     1    21     0  2750]
 [    0     0     0    73     0     0    21    82     0  1194]
 [    0     0     0     0     0     0     2     6     0   363]
 [    1     0     0  3466     0     0    16   316     0   934]
 [    0     0     0     3     0     0     0     9     0   588]
 [    0     0     0    13     0     0     0    64     0  1340]
 [    0     0     0    80     0     0  1091    29     0  2595]
 [    2     0     0   261     0     0    19  1237     0  5935]
 [    0     0     0    19     0     0     1    79     0   566]
 [    4     0     0   170     0     0   257   320     0 19161]]

Results of Test Set

--------------------
Accuracy: 0.5798348564271466, F1 Score: 0.2150147211427933, Precision: 0.3409708070860286, Recall: 0.21435678925491874

              precision    recall  f1-score   support

           0       0.68      0.00      0.01      2795
           1       0.00      0.00      0.00      1321
           2       0.00      0.00      0.00       355
           3       0.85      0.74      0.79      4700
           4       0.00      0.00      0.00       585
           5       0.00      0.00      0.00      1504
           6       0.77      0.28      0.41      3669
           7       0.56      0.16      0.25      7506
           8       0.00      0.00      0.00       666
           9       0.54      0.96      0.69     20013

   micro avg       0.58      0.58      0.58     43114
   macro avg       0.34      0.21      0.22     43114
weighted avg       0.55      0.58      0.49     43114
 samples avg       0.58      0.58      0.58     43114


[[   13     0     0     1     0     0     1    29     0  2751]
 [    0     0     0    46     0     0    16    93     0  1166]
 [    0     0     0     2     0     0     4     8     0   341]
 [    0     0     0  3467     0     0    11   328     0   894]
 [    0     0     0     4     0     0     4     9     0   568]
 [    1     0     0    13     0     0     4    66     0  1420]
 [    0     0     0    65     0     0  1021    28     0  2555]
 [    0     0     0   299     0     0    22  1186     0  5999]
 [    0     0     0    18     0     0     3    77     0   568]
 [    5     0     0   157     0     0   232   307     0 19312]]

