Title: Fully Connected - Words: 1000, Batch: 64, Epochs: 1, Outputs: 128

Results of Training Set

--------------------
Accuracy: 0.6063150407446923, F1 Score: 0.26136432979164337, Precision: 0.40140158681152716, Recall: 0.2488305543420683

              precision    recall  f1-score   support

           0       0.64      0.08      0.14      8263
           1       0.00      0.00      0.00      3968
           2       0.00      0.00      0.00      1050
           3       0.84      0.78      0.81     14541
           4       0.00      0.00      0.00      1763
           5       0.62      0.05      0.09      4392
           6       0.77      0.41      0.53     11089
           7       0.58      0.23      0.33     22288
           8       0.00      0.00      0.00      1971
           9       0.57      0.94      0.71     60017

   micro avg       0.61      0.61      0.61    129342
   macro avg       0.40      0.25      0.26    129342
weighted avg       0.59      0.61      0.53    129342
 samples avg       0.61      0.61      0.61    129342


[[  676     0     0    11     0    33    17   144     0  7382]
 [    3     0     0   218     0     2    73   375     0  3297]
 [   15     0     0     9     0     2    24    46     0   954]
 [   12     0     0 11297     0     2    53   896     0  2281]
 [    0     0     0    21     0     1     5    43     0  1693]
 [   30     0     0    71     0   207    15   279     0  3790]
 [    2     0     0   229     0     1  4528   145     0  6184]
 [   56     0     0   913     0    42   123  5171     0 15983]
 [    8     0     0    70     0     2    20   278     0  1593]
 [  260     0     0   554     0    41  1038  1581     0 56543]]

Results of Validation Set

--------------------
Accuracy: 0.594400890661966, F1 Score: 0.252501277269251, Precision: 0.37554721907797817, Recall: 0.24213719202058273

              precision    recall  f1-score   support

           0       0.63      0.08      0.14      2797
           1       0.00      0.00      0.00      1370
           2       0.00      0.00      0.00       371
           3       0.83      0.76      0.79      4733
           4       0.00      0.00      0.00       600
           5       0.46      0.04      0.07      1417
           6       0.73      0.38      0.50      3795
           7       0.56      0.22      0.32      7454
           8       0.00      0.00      0.00       665
           9       0.56      0.93      0.70     19912

   micro avg       0.59      0.59      0.59     43114
   macro avg       0.38      0.24      0.25     43114
weighted avg       0.57      0.59      0.52     43114
 samples avg       0.59      0.59      0.59     43114


[[  224     0     0     4     0    13     5    54     0  2497]
 [    1     0     0    94     0     2    31   137     0  1105]
 [    2     0     0     3     0     1     8    13     0   344]
 [    3     0     0  3610     0     0    24   302     0   794]
 [    1     0     0     3     0     0     3    20     0   573]
 [   14     0     0    15     0    51     3   104     0  1230]
 [    2     0     0    86     0     0  1453    48     0  2206]
 [   25     0     0   319     0    23    35  1677     0  5375]
 [    1     0     0    21     0     4     3   100     0   536]
 [   85     0     0   218     0    18   414   565     0 18612]]

Results of Test Set

--------------------
Accuracy: 0.5938674212552767, F1 Score: 0.25098086788269314, Precision: 0.38041315623872657, Recall: 0.24112131457482935

              precision    recall  f1-score   support

           0       0.56      0.07      0.12      2795
           1       0.00      0.00      0.00      1321
           2       0.00      0.00      0.00       355
           3       0.83      0.77      0.80      4700
           4       0.00      0.00      0.00       585
           5       0.57      0.04      0.08      1504
           6       0.73      0.38      0.50      3669
           7       0.55      0.22      0.31      7506
           8       0.00      0.00      0.00       666
           9       0.56      0.94      0.70     20013

   micro avg       0.59      0.59      0.59     43114
   macro avg       0.38      0.24      0.25     43114
weighted avg       0.56      0.59      0.52     43114
 samples avg       0.59      0.59      0.59     43114


[[  189     0     0     3     0     9     6    53     0  2535]
 [    3     0     0    61     0     0    23   124     0  1110]
 [    7     0     0     4     0     0     6    18     0   320]
 [    1     0     0  3603     0     0    21   298     0   777]
 [    1     0     0     6     0     0     5    12     0   561]
 [   17     0     0    18     0    63     9    96     0  1301]
 [    0     0     0    72     0     0  1408    53     0  2136]
 [   28     0     0   338     0    18    35  1621     0  5466]
 [    2     0     0    20     0     1     3   116     0   524]
 [   88     0     0   204     0    19   416   566     0 18720]]

