Title: Fully Connected - Words: 1000, Batch: 128, Epochs: 8, Outputs: 10

Results of Training Set

--------------------
Accuracy: 0.5904733187982248, F1 Score: 0.22395264029716552, Precision: 0.3625017984718582, Recall: 0.22084353232284823

              precision    recall  f1-score   support

           0       0.80      0.00      0.00      8263
           1       0.00      0.00      0.00      3968
           2       0.00      0.00      0.00      1050
           3       0.88      0.74      0.80     14541
           4       0.00      0.00      0.00      1763
           5       0.00      0.00      0.00      4392
           6       0.80      0.32      0.45     11089
           7       0.60      0.19      0.28     22288
           8       0.00      0.00      0.00      1971
           9       0.55      0.97      0.70     60017

   micro avg       0.59      0.59      0.59    129342
   macro avg       0.36      0.22      0.22    129342
weighted avg       0.58      0.59      0.50    129342
 samples avg       0.59      0.59      0.59    129342


[[    4     0     0     3     0     0     2    37     0  8217]
 [    0     0     0   150     0     0    43   283     0  3492]
 [    0     0     0     5     0     0    11    32     0  1002]
 [    0     0     0 10756     0     0    48   943     0  2794]
 [    0     0     0    10     0     0     5    24     0  1724]
 [    0     0     0    42     0     0     3   182     0  4165]
 [    0     0     0   201     0     0  3518   115     0  7255]
 [    0     0     0   672     0     0    65  4126     0 17425]
 [    0     0     0    55     0     0     9   168     0  1739]
 [    1     0     0   398     0     0   683   966     0 57969]]

Results of Validation Set

--------------------
Accuracy: 0.5800899939694762, F1 Score: 0.21762921430252513, Precision: 0.274886885730205, Recall: 0.2157189617141535

              precision    recall  f1-score   support

           0       0.00      0.00      0.00      2797
           1       0.00      0.00      0.00      1370
           2       0.00      0.00      0.00       371
           3       0.86      0.72      0.79      4733
           4       0.00      0.00      0.00       600
           5       0.00      0.00      0.00      1417
           6       0.78      0.30      0.43      3795
           7       0.57      0.17      0.27      7454
           8       0.00      0.00      0.00       665
           9       0.54      0.96      0.69     19912

   micro avg       0.58      0.58      0.58     43114
   macro avg       0.27      0.22      0.22     43114
weighted avg       0.51      0.58      0.49     43114
 samples avg       0.58      0.58      0.58     43114


[[    0     0     0     4     0     0     2    21     0  2770]
 [    0     0     0    67     0     0    20    96     0  1187]
 [    0     0     0     0     0     0     2     6     0   363]
 [    0     0     0  3421     0     0    18   323     0   971]
 [    0     0     0     2     0     0     0    15     0   583]
 [    0     0     0    11     0     0     1    75     0  1330]
 [    0     0     0    70     0     0  1131    40     0  2554]
 [    0     0     0   220     0     0    21  1298     0  5915]
 [    0     0     0    16     0     0     2    71     0   576]
 [    0     0     0   159     0     0   260   333     0 19160]]

Results of Test Set

--------------------
Accuracy: 0.5806466576981955, F1 Score: 0.2170088554257376, Precision: 0.34838687957025377, Recall: 0.21547568612318196

              precision    recall  f1-score   support

           0       0.75      0.00      0.00      2795
           1       0.00      0.00      0.00      1321
           2       0.00      0.00      0.00       355
           3       0.86      0.73      0.79      4700
           4       0.00      0.00      0.00       585
           5       0.00      0.00      0.00      1504
           6       0.76      0.30      0.43      3669
           7       0.57      0.17      0.26      7506
           8       0.00      0.00      0.00       666
           9       0.54      0.96      0.69     20013

   micro avg       0.58      0.58      0.58     43114
   macro avg       0.35      0.22      0.22     43114
weighted avg       0.56      0.58      0.49     43114
 samples avg       0.58      0.58      0.58     43114


[[    3     0     0     1     0     0     1    22     0  2768]
 [    0     0     0    48     0     0    13    98     0  1162]
 [    0     0     0     4     0     0     4     7     0   340]
 [    0     0     0  3417     0     0    19   331     0   933]
 [    0     0     0     3     0     0     4    13     0   565]
 [    0     0     0    14     0     0     5    61     0  1424]
 [    0     0     0    62     0     0  1088    35     0  2484]
 [    1     0     0   252     0     0    24  1255     0  5974]
 [    0     0     0    16     0     0     5    60     0   585]
 [    0     0     0   150     0     0   266   326     0 19271]]

