Title: Fully Connected - Words: 1000, Batch: 32, Epochs: 8, Outputs: 16

Results of Training Set

--------------------
Accuracy: 0.6018076108302021, F1 Score: 0.24861023099037416, Precision: 0.39964935926771017, Recall: 0.23798943278637535

              precision    recall  f1-score   support

           0       0.65      0.04      0.08      8263
           1       0.00      0.00      0.00      3968
           2       0.00      0.00      0.00      1050
           3       0.87      0.76      0.81     14541
           4       0.00      0.00      0.00      1763
           5       0.55      0.03      0.06      4392
           6       0.80      0.37      0.50     11089
           7       0.58      0.23      0.33     22288
           8       0.00      0.00      0.00      1971
           9       0.56      0.95      0.71     60017

   micro avg       0.60      0.60      0.60    129342
   macro avg       0.40      0.24      0.25    129342
weighted avg       0.59      0.60      0.53    129342
 samples avg       0.60      0.60      0.60    129342


[[  339     0     0     4     0    41     6   134     0  7739]
 [    4     0     0   166     0     1    54   393     0  3350]
 [    9     0     0     6     0     3    17    40     0   975]
 [    6     0     0 10979     0     2    29  1044     0  2481]
 [    0     0     0    14     0     0     4    32     0  1713]
 [   29     0     0    47     0   148     5   277     0  3886]
 [    1     0     0   220     0     0  4064   141     0  6663]
 [   31     0     0   714     0    34    94  5157     0 16258]
 [    3     0     0    62     0     3     9   280     0  1614]
 [  103     0     0   454     0    37   823  1448     0 57152]]

Results of Validation Set

--------------------
Accuracy: 0.5911304912557406, F1 Score: 0.24309876308199402, Precision: 0.38493180885662476, Recall: 0.23354023375199812

              precision    recall  f1-score   support

           0       0.66      0.05      0.09      2797
           1       0.00      0.00      0.00      1370
           2       0.00      0.00      0.00       371
           3       0.85      0.74      0.79      4733
           4       0.00      0.00      0.00       600
           5       0.47      0.03      0.06      1417
           6       0.77      0.35      0.48      3795
           7       0.55      0.22      0.31      7454
           8       0.00      0.00      0.00       665
           9       0.55      0.95      0.70     19912

   micro avg       0.59      0.59      0.59     43114
   macro avg       0.38      0.23      0.24     43114
weighted avg       0.57      0.59      0.51     43114
 samples avg       0.59      0.59      0.59     43114


[[  130     0     0     4     0    16     2    36     0  2609]
 [    1     0     0    77     0     0    28   139     0  1125]
 [    3     0     0     0     0     1     5     9     0   353]
 [    1     0     0  3507     0     0    16   362     0   847]
 [    0     0     0     3     0     0     0    20     0   577]
 [    6     0     0    14     0    43     1   101     0  1252]
 [    0     0     0    76     0     0  1341    40     0  2338]
 [   12     0     0   244     0    14    27  1626     0  5531]
 [    2     0     0    19     0     1     2   103     0   538]
 [   43     0     0   188     0    17   320   505     0 18839]]

Results of Test Set

--------------------
Accuracy: 0.5910609082896507, F1 Score: 0.23934350677522417, Precision: 0.3771353304586874, Recall: 0.23130470055456415

              precision    recall  f1-score   support

           0       0.58      0.03      0.07      2795
           1       0.00      0.00      0.00      1321
           2       0.00      0.00      0.00       355
           3       0.85      0.74      0.79      4700
           4       0.00      0.00      0.00       585
           5       0.47      0.03      0.05      1504
           6       0.76      0.35      0.48      3669
           7       0.55      0.21      0.31      7506
           8       0.00      0.00      0.00       666
           9       0.55      0.95      0.70     20013

   micro avg       0.59      0.59      0.59     43114
   macro avg       0.38      0.23      0.24     43114
weighted avg       0.57      0.59      0.51     43114
 samples avg       0.59      0.59      0.59     43114


[[   97     0     0     1     0     9     2    45     0  2641]
 [    0     0     0    48     0     0    19   137     0  1117]
 [    2     0     0     4     0     0     5    11     0   333]
 [    0     0     0  3494     0     1    12   360     0   833]
 [    1     0     0     3     0     0     5    16     0   560]
 [   13     0     0    14     0    38     7    90     0  1342]
 [    0     0     0    67     0     0  1281    42     0  2279]
 [   17     0     0   279     0    14    27  1592     0  5577]
 [    0     0     0    16     0     2     1   103     0   544]
 [   37     0     0   166     0    17   326   486     0 18981]]

