Title: Fully Connected - Words: 1000, Batch: 64, Epochs: 8, Outputs: 16

Results of Training Set

--------------------
Accuracy: 0.5997819733729183, F1 Score: 0.24457906090605683, Precision: 0.41544146093829876, Recall: 0.23460214258449233

              precision    recall  f1-score   support

           0       0.57      0.06      0.11      8263
           1       0.00      0.00      0.00      3968
           2       0.00      0.00      0.00      1050
           3       0.86      0.76      0.81     14541
           4       0.00      0.00      0.00      1763
           5       0.78      0.02      0.03      4392
           6       0.80      0.32      0.46     11089
           7       0.59      0.22      0.32     22288
           8       0.00      0.00      0.00      1971
           9       0.56      0.95      0.71     60017

   micro avg       0.60      0.60      0.60    129342
   macro avg       0.42      0.23      0.24    129342
weighted avg       0.59      0.60      0.52    129342
 samples avg       0.60      0.60      0.60    129342


[[  521     0     0     5     0     6     1    99     0  7631]
 [    4     0     0   183     0     0    46   386     0  3349]
 [   15     0     0     7     0     0     9    30     0   989]
 [   10     0     0 11118     0     1    34  1002     0  2376]
 [    0     0     0    14     0     0     5    29     0  1715]
 [  100     0     0    51     0    71     4   258     0  3908]
 [    2     0     0   225     0     0  3592   119     0  7151]
 [   55     0     0   766     0     4    71  4987     0 16405]
 [    4     0     0    59     0     0     8   251     0  1649]
 [  211     0     0   479     0     9   721  1309     0 57288]]

Results of Validation Set

--------------------
Accuracy: 0.5896460546458226, F1 Score: 0.23864446592072136, Precision: 0.3800930374026716, Recall: 0.23012108509792722

              precision    recall  f1-score   support

           0       0.57      0.07      0.12      2797
           1       0.00      0.00      0.00      1370
           2       0.00      0.00      0.00       371
           3       0.85      0.75      0.79      4733
           4       0.00      0.00      0.00       600
           5       0.50      0.01      0.02      1417
           6       0.78      0.32      0.45      3795
           7       0.56      0.21      0.31      7454
           8       0.00      0.00      0.00       665
           9       0.55      0.95      0.70     19912

   micro avg       0.59      0.59      0.59     43114
   macro avg       0.38      0.23      0.24     43114
weighted avg       0.57      0.59      0.51     43114
 samples avg       0.59      0.59      0.59     43114


[[  184     0     0     4     0     1     2    29     0  2577]
 [    1     0     0    77     0     0    21   144     0  1127]
 [    3     0     0     1     0     0     3     7     0   357]
 [    3     0     0  3542     0     0    18   355     0   815]
 [    0     0     0     3     0     0     0    21     0   576]
 [   36     0     0    14     0    14     2    98     0  1253]
 [    1     0     0    81     0     0  1196    39     0  2478]
 [   23     0     0   260     0     6    21  1587     0  5557]
 [    3     0     0    20     0     0     1    96     0   545]
 [   69     0     0   185     0     7   278   474     0 18899]]

Results of Test Set

--------------------
Accuracy: 0.5891821682052234, F1 Score: 0.23679613113129455, Precision: 0.38551730416427005, Recall: 0.22852523007832062

              precision    recall  f1-score   support

           0       0.53      0.06      0.10      2795
           1       0.00      0.00      0.00      1321
           2       0.00      0.00      0.00       355
           3       0.85      0.75      0.80      4700
           4       0.00      0.00      0.00       585
           5       0.60      0.01      0.03      1504
           6       0.77      0.31      0.44      3669
           7       0.56      0.21      0.30      7506
           8       0.00      0.00      0.00       666
           9       0.55      0.95      0.70     20013

   micro avg       0.59      0.59      0.59     43114
   macro avg       0.39      0.23      0.24     43114
weighted avg       0.57      0.59      0.51     43114
 samples avg       0.59      0.59      0.59     43114


[[  161     0     0     3     0     2     0    37     0  2592]
 [    1     0     0    48     0     0    17   132     0  1123]
 [    5     0     0     3     0     0     4     9     0   334]
 [    1     0     0  3515     0     1    16   357     0   810]
 [    0     0     0     4     0     0     3    14     0   564]
 [   36     0     0    12     0    21     3    88     0  1344]
 [    0     0     0    69     0     0  1132    41     0  2427]
 [   28     0     0   287     0     4    27  1553     0  5607]
 [    1     0     0    19     0     0     3    84     0   559]
 [   72     0     0   175     0     7   274   465     0 19020]]

