Title: Fully Connected - Words: 1000, Batch: 128, Epochs: 8, Outputs: 16

Results of Training Set

--------------------
Accuracy: 0.6040883858298155, F1 Score: 0.252206749641243, Precision: 0.40862398527587845, Recall: 0.2418962025143258

              precision    recall  f1-score   support

           0       0.61      0.04      0.07      8263
           1       0.00      0.00      0.00      3968
           2       0.00      0.00      0.00      1050
           3       0.86      0.77      0.81     14541
           4       0.00      0.00      0.00      1763
           5       0.69      0.05      0.09      4392
           6       0.78      0.38      0.51     11089
           7       0.59      0.23      0.33     22288
           8       0.00      0.00      0.00      1971
           9       0.56      0.95      0.71     60017

   micro avg       0.60      0.60      0.60    129342
   macro avg       0.41      0.24      0.25    129342
weighted avg       0.59      0.60      0.53    129342
 samples avg       0.60      0.60      0.60    129342


[[  305     0     0     6     0    31     9   160     0  7752]
 [    2     0     0   190     0     2    53   337     0  3384]
 [    8     0     0     6     0     4    16    44     0   972]
 [    7     0     0 11229     0     2    35   921     0  2347]
 [    0     0     0    13     0     0     6    27     0  1717]
 [   37     0     0    53     0   215     5   310     0  3772]
 [    2     0     0   227     0     0  4233   130     0  6497]
 [   26     0     0   824     0    26   101  5090     0 16221]
 [    2     0     0    60     0     1    10   266     0  1632]
 [  115     0     0   520     0    30   950  1340     0 57062]]

Results of Validation Set

--------------------
Accuracy: 0.5919654868488194, F1 Score: 0.24390315466254622, Precision: 0.3846546103875016, Recall: 0.2355273527800117

              precision    recall  f1-score   support

           0       0.62      0.04      0.08      2797
           1       0.00      0.00      0.00      1370
           2       0.00      0.00      0.00       371
           3       0.84      0.76      0.80      4733
           4       0.00      0.00      0.00       600
           5       0.52      0.04      0.07      1417
           6       0.75      0.36      0.49      3795
           7       0.56      0.22      0.31      7454
           8       0.00      0.00      0.00       665
           9       0.55      0.94      0.70     19912

   micro avg       0.59      0.59      0.59     43114
   macro avg       0.38      0.24      0.24     43114
weighted avg       0.57      0.59      0.51     43114
 samples avg       0.59      0.59      0.59     43114


[[  116     0     0     4     0    14     1    52     0  2610]
 [    1     0     0    83     0     1    27   122     0  1136]
 [    3     0     0     0     0     0     5     9     0   354]
 [    3     0     0  3584     0     0    19   311     0   816]
 [    0     0     0     2     0     0     0    18     0   580]
 [   13     0     0    13     0    51     3   115     0  1222]
 [    1     0     0    79     0     0  1371    37     0  2307]
 [   10     0     0   286     0    12    28  1606     0  5512]
 [    2     0     0    22     0     1     1   100     0   539]
 [   37     0     0   209     0    20   363   489     0 18794]]

Results of Test Set

--------------------
Accuracy: 0.5926613165097184, F1 Score: 0.24275216403117064, Precision: 0.3852559347358115, Recall: 0.23474520970475785

              precision    recall  f1-score   support

           0       0.57      0.03      0.06      2795
           1       0.00      0.00      0.00      1321
           2       0.00      0.00      0.00       355
           3       0.84      0.75      0.80      4700
           4       0.00      0.00      0.00       585
           5       0.57      0.04      0.07      1504
           6       0.75      0.36      0.49      3669
           7       0.56      0.21      0.31      7506
           8       0.00      0.00      0.00       666
           9       0.56      0.95      0.70     20013

   micro avg       0.59      0.59      0.59     43114
   macro avg       0.39      0.23      0.24     43114
weighted avg       0.57      0.59      0.51     43114
 samples avg       0.59      0.59      0.59     43114


[[   87     0     0     3     0    11     3    52     0  2639]
 [    0     0     0    55     0     0    26   121     0  1119]
 [    1     0     0     3     0     1     5    13     0   332]
 [    1     0     0  3547     0     1    14   310     0   827]
 [    0     0     0     5     0     0     4    14     0   562]
 [   15     0     0    13     0    59     8    96     0  1313]
 [    0     0     0    73     0     0  1339    42     0  2215]
 [   15     0     0   304     0    14    31  1587     0  5555]
 [    1     0     0    20     0     0     2    88     0   555]
 [   33     0     0   181     0    17   361   488     0 18933]]

