Title: Fully Connected - Words: 1000, Batch: 32, Epochs: 8, Outputs: 32

Results of Training Set

--------------------
Accuracy: 0.6182987737935087, F1 Score: 0.2793017001329122, Precision: 0.5235350880502935, Recall: 0.2618180955377715

              precision    recall  f1-score   support

           0       0.71      0.05      0.09      8263
           1       1.00      0.00      0.00      3968
           2       0.00      0.00      0.00      1050
           3       0.86      0.78      0.82     14541
           4       0.00      0.00      0.00      1763
           5       0.72      0.13      0.22      4392
           6       0.80      0.41      0.54     11089
           7       0.56      0.32      0.40     22288
           8       0.00      0.00      0.00      1971
           9       0.58      0.93      0.72     60017

   micro avg       0.62      0.62      0.62    129342
   macro avg       0.52      0.26      0.28    129342
weighted avg       0.63      0.62      0.55    129342
 samples avg       0.62      0.62      0.62    129342


[[  417     0     0     7     0    54    10   258     0  7517]
 [    3     2     0   201     0     6    75   557     0  3124]
 [   10     0     0     6     0     4    14    57     0   959]
 [    8     0     0 11365     0     3    47  1107     0  2011]
 [    0     0     0    18     0     0     9    64     0  1672]
 [   20     0     0    54     0   562    11   500     0  3245]
 [    1     0     0   215     0     1  4523   212     0  6137]
 [   21     0     0   739     0    70   114  7033     0 14311]
 [    2     0     0    63     0     8     5   382     0  1511]
 [  103     0     0   504     0    75   819  2446     0 56070]]

Results of Validation Set

--------------------
Accuracy: 0.6003386371016375, F1 Score: 0.26395372903928316, Precision: 0.38448958217721696, Recall: 0.2502886809113839

              precision    recall  f1-score   support

           0       0.65      0.05      0.10      2797
           1       0.00      0.00      0.00      1370
           2       0.00      0.00      0.00       371
           3       0.84      0.76      0.80      4733
           4       0.00      0.00      0.00       600
           5       0.50      0.09      0.16      1417
           6       0.75      0.38      0.50      3795
           7       0.53      0.30      0.38      7454
           8       0.00      0.00      0.00       665
           9       0.57      0.92      0.70     19912

   micro avg       0.60      0.60      0.60     43114
   macro avg       0.38      0.25      0.26     43114
weighted avg       0.57      0.60      0.53     43114
 samples avg       0.60      0.60      0.60     43114


[[  144     0     0     3     0    36     2    88     0  2524]
 [    1     0     0    86     0     2    33   199     0  1049]
 [    3     0     0     2     0     0     6    17     0   343]
 [    2     0     0  3598     0     1    19   393     0   720]
 [    0     0     0     3     0     0     2    33     0   562]
 [   12     0     0    15     0   132     4   154     0  1100]
 [    3     0     0    76     0     2  1437    65     0  2212]
 [   10     0     0   274     0    36    47  2219     0  4868]
 [    1     0     0    22     0     7     3   128     0   504]
 [   44     1     0   195     0    48   358   913     0 18353]]

Results of Test Set

--------------------
Accuracy: 0.5998051676949483, F1 Score: 0.260958571155569, Precision: 0.380997722042309, Recall: 0.24822234015138217

              precision    recall  f1-score   support

           0       0.59      0.04      0.08      2795
           1       0.00      0.00      0.00      1321
           2       0.00      0.00      0.00       355
           3       0.85      0.76      0.80      4700
           4       0.00      0.00      0.00       585
           5       0.53      0.09      0.15      1504
           6       0.74      0.37      0.50      3669
           7       0.53      0.29      0.38      7506
           8       0.00      0.00      0.00       666
           9       0.57      0.92      0.70     20013

   micro avg       0.60      0.60      0.60     43114
   macro avg       0.38      0.25      0.26     43114
weighted avg       0.57      0.60      0.53     43114
 samples avg       0.60      0.60      0.60     43114


[[  119     0     0     1     0    26     5   102     0  2542]
 [    2     0     0    60     0     1    23   182     0  1053]
 [    4     0     0     4     0     2     6    20     0   319]
 [    1     0     0  3594     0     0    19   383     0   703]
 [    0     0     0     5     0     0     6    26     0   548]
 [   13     0     0    14     0   131     9   151     0  1186]
 [    0     0     0    71     0     3  1370    73     0  2152]
 [   15     0     0   281     0    38    43  2196     0  4933]
 [    0     0     0    16     0     2     3   135     0   510]
 [   46     2     0   191     0    43   369   912     0 18450]]

