Title: Fully Connected - Words: 1000, Batch: 64, Epochs: 8, Outputs: 32

Results of Training Set

--------------------
Accuracy: 0.6175797498105797, F1 Score: 0.2846020771763799, Precision: 0.5185314911105305, Recall: 0.26312951209999935

              precision    recall  f1-score   support

           0       0.66      0.13      0.22      8263
           1       0.00      0.00      0.00      3968
           2       1.00      0.00      0.01      1050
           3       0.87      0.76      0.81     14541
           4       0.00      0.00      0.00      1763
           5       0.72      0.09      0.16      4392
           6       0.78      0.42      0.54     11089
           7       0.58      0.28      0.38     22288
           8       0.00      0.00      0.00      1971
           9       0.58      0.94      0.72     60017

   micro avg       0.62      0.62      0.62    129342
   macro avg       0.52      0.26      0.28    129342
weighted avg       0.61      0.62      0.56    129342
 samples avg       0.62      0.62      0.62    129342


[[ 1115     0     0     5     0    38    15   228     0  6862]
 [    4     0     0   168     0     3    87   427     0  3279]
 [   17     0     5     4     0     3    21   108     0   892]
 [   19     0     0 11097     0     3    44  1078     0  2300]
 [    0     0     0    15     0     0     8    44     0  1696]
 [   91     0     0    43     0   403    13   403     0  3439]
 [    3     0     0   200     0     0  4620   177     0  6089]
 [  118     0     0   679     0    46   125  6253     0 15067]
 [    5     0     0    59     0     4    11   332     0  1560]
 [  309     0     0   431     0    60  1015  1816     0 56386]]

Results of Validation Set

--------------------
Accuracy: 0.5993412812543489, F1 Score: 0.2680601417136122, Precision: 0.4807378022466463, Recall: 0.25088429443061433

              precision    recall  f1-score   support

           0       0.57      0.11      0.19      2797
           1       0.00      0.00      0.00      1370
           2       1.00      0.00      0.01       371
           3       0.85      0.74      0.79      4733
           4       0.00      0.00      0.00       600
           5       0.53      0.07      0.12      1417
           6       0.74      0.39      0.51      3795
           7       0.55      0.26      0.35      7454
           8       0.00      0.00      0.00       665
           9       0.57      0.93      0.70     19912

   micro avg       0.60      0.60      0.60     43114
   macro avg       0.48      0.25      0.27     43114
weighted avg       0.58      0.60      0.53     43114
 samples avg       0.60      0.60      0.60     43114


[[  320     0     0     3     0    21     4    61     0  2388]
 [    2     0     0    76     0     1    33   161     0  1097]
 [    9     0     1     1     0     0     6    24     0   330]
 [    4     0     0  3498     0     0    25   396     0   810]
 [    2     0     0     3     0     0     3    27     0   565]
 [   33     0     0    13     0   100     2   131     0  1138]
 [    4     0     0    75     0     0  1488    55     0  2173]
 [   46     0     0   251     0    19    36  1952     0  5150]
 [    4     0     0    20     0     5     2   109     0   525]
 [  135     0     0   178     0    41   413   664     0 18481]]

Results of Test Set

--------------------
Accuracy: 0.5991557266781092, F1 Score: 0.2648859444881383, Precision: 0.3779819366107713, Recall: 0.2488390410823691

              precision    recall  f1-score   support

           0       0.53      0.10      0.17      2795
           1       0.00      0.00      0.00      1321
           2       0.00      0.00      0.00       355
           3       0.86      0.74      0.80      4700
           4       0.00      0.00      0.00       585
           5       0.55      0.07      0.12      1504
           6       0.73      0.39      0.51      3669
           7       0.54      0.26      0.35      7506
           8       0.00      0.00      0.00       666
           9       0.57      0.93      0.70     20013

   micro avg       0.60      0.60      0.60     43114
   macro avg       0.38      0.25      0.26     43114
weighted avg       0.57      0.60      0.53     43114
 samples avg       0.60      0.60      0.60     43114


[[  291     0     0     4     0    20     9    65     0  2406]
 [    5     0     0    54     0     1    30   154     0  1077]
 [    8     0     0     3     0     1     7    26     0   310]
 [    3     0     0  3493     0     0    23   397     0   784]
 [    1     0     0     4     0     0     6    19     0   555]
 [   42     0     0    14     0   101    10   122     0  1215]
 [    3     0     0    67     0     0  1425    58     0  2116]
 [   47     0     0   263     0    30    38  1923     0  5205]
 [    4     0     0    17     0     1     1   119     0   524]
 [  140     0     0   156     0    29   404   685     0 18599]]

