Title: Fully Connected - Words: 1000, Batch: 128, Epochs: 8, Outputs: 32

Results of Training Set

--------------------
Accuracy: 0.6160953132006618, F1 Score: 0.27695386309416753, Precision: 0.5010286651068535, Recall: 0.25806690898564033

              precision    recall  f1-score   support

           0       0.66      0.09      0.16      8263
           1       0.88      0.01      0.01      3968
           2       0.00      0.00      0.00      1050
           3       0.86      0.78      0.82     14541
           4       0.00      0.00      0.00      1763
           5       0.66      0.09      0.16      4392
           6       0.81      0.38      0.52     11089
           7       0.57      0.30      0.39     22288
           8       0.00      0.00      0.00      1971
           9       0.58      0.94      0.71     60017

   micro avg       0.62      0.62      0.62    129342
   macro avg       0.50      0.26      0.28    129342
weighted avg       0.62      0.62      0.55    129342
 samples avg       0.62      0.62      0.62    129342


[[  733     0     0     5     0    47     3   229     0  7246]
 [    7    28     0   192     0     2    55   528     0  3156]
 [    9     0     0     7     0     5    12    66     0   951]
 [    8     2     0 11311     0     4    47  1006     0  2163]
 [    0     0     0    13     0     0     7    57     0  1686]
 [   65     0     0    51     0   389     5   439     0  3443]
 [    3     0     0   216     0     1  4240   198     0  6431]
 [   64     2     0   749     0    67   113  6617     0 14676]
 [    1     0     0    60     0     8     5   314     0  1583]
 [  223     0     0   495     0    69   775  2086     0 56369]]

Results of Validation Set

--------------------
Accuracy: 0.5997355847288584, F1 Score: 0.2623213739714111, Precision: 0.42592878911020915, Recall: 0.24754506737383447

              precision    recall  f1-score   support

           0       0.62      0.08      0.15      2797
           1       0.43      0.00      0.00      1370
           2       0.00      0.00      0.00       371
           3       0.84      0.76      0.80      4733
           4       0.00      0.00      0.00       600
           5       0.49      0.06      0.11      1417
           6       0.77      0.36      0.50      3795
           7       0.54      0.28      0.36      7454
           8       0.00      0.00      0.00       665
           9       0.57      0.93      0.70     19912

   micro avg       0.60      0.60      0.60     43114
   macro avg       0.43      0.25      0.26     43114
weighted avg       0.59      0.60      0.53     43114
 samples avg       0.60      0.60      0.60     43114


[[  237     0     0     5     0    24     3    77     0  2451]
 [    1     3     0    87     0     1    27   183     0  1068]
 [    3     0     0     0     0     1     7    19     0   341]
 [    2     2     0  3588     0     0    21   347     0   773]
 [    0     0     0     3     0     0     2    31     0   564]
 [   25     0     0    14     0    86     3   141     0  1148]
 [    2     0     0    73     0     0  1384    62     0  2274]
 [   30     0     0   274     0    27    34  2056     0  5033]
 [    1     0     0    20     0     4     1   111     0   528]
 [   79     2     0   195     0    33   314   786     0 18503]]

Results of Test Set

--------------------
Accuracy: 0.59864545159345, F1 Score: 0.2593381488532754, Precision: 0.42925068941118977, Recall: 0.2454854375494177

              precision    recall  f1-score   support

           0       0.57      0.08      0.13      2795
           1       0.50      0.00      0.00      1321
           2       0.00      0.00      0.00       355
           3       0.85      0.76      0.80      4700
           4       0.00      0.00      0.00       585
           5       0.52      0.06      0.11      1504
           6       0.75      0.36      0.49      3669
           7       0.54      0.27      0.36      7506
           8       0.00      0.00      0.00       666
           9       0.57      0.93      0.70     20013

   micro avg       0.60      0.60      0.60     43114
   macro avg       0.43      0.25      0.26     43114
weighted avg       0.58      0.60      0.53     43114
 samples avg       0.60      0.60      0.60     43114


[[  210     0     0     5     0    19     4    80     0  2477]
 [    1     1     0    61     0     1    22   165     0  1070]
 [    4     0     0     4     0     2     5    22     0   318]
 [    3     0     0  3579     0     0    19   342     0   757]
 [    1     0     0     4     0     0     5    23     0   552]
 [   29     1     0    16     0    94     6   146     0  1212]
 [    1     0     0    70     0     0  1315    73     0  2210]
 [   23     0     0   294     0    26    30  2002     0  5131]
 [    3     0     0    17     0     1     1   114     0   530]
 [   95     0     0   181     0    37   342   749     0 18609]]

