Title: Fully Connected - Words: 1000, Batch: 32, Epochs: 8, Outputs: 64

Results of Training Set

--------------------
Accuracy: 0.6407044888744569, F1 Score: 0.3301441076088989, Precision: 0.7090624577341901, Recall: 0.299987121733699

              precision    recall  f1-score   support

           0       0.66      0.21      0.32      8263
           1       1.00      0.00      0.01      3968
           2       0.90      0.03      0.06      1050
           3       0.87      0.80      0.83     14541
           4       0.00      0.00      0.00      1763
           5       0.68      0.21      0.32      4392
           6       0.79      0.47      0.59     11089
           7       0.58      0.35      0.44     22288
           8       1.00      0.00      0.01      1971
           9       0.60      0.93      0.73     60017

   micro avg       0.64      0.64      0.64    129342
   macro avg       0.71      0.30      0.33    129342
weighted avg       0.66      0.64      0.59    129342
 samples avg       0.64      0.64      0.64    129342


[[ 1711     0     0     8     0    91    18   335     0  6100]
 [   11    11     0   184     0    11   105   605     0  3041]
 [   38     0    35     7     0    14    20    92     0   844]
 [   15     0     0 11631     0     3    44  1016     0  1832]
 [    1     0     0    16     0     0     7    49     0  1690]
 [  128     0     0    55     0   908    17   502     0  2782]
 [    3     0     0   219     0     1  5243   220     0  5403]
 [  158     0     2   699     0   118   183  7751     0 13377]
 [   21     0     0    64     0    16    16   383     7  1464]
 [  491     0     2   467     0   167  1010  2307     0 55573]]

Results of Validation Set

--------------------
Accuracy: 0.6075984598970172, F1 Score: 0.29567392319028485, Precision: 0.5961210998708485, Recall: 0.2734545712054099

              precision    recall  f1-score   support

           0       0.57      0.17      0.26      2797
           1       0.20      0.00      0.00      1370
           2       1.00      0.02      0.03       371
           3       0.84      0.76      0.80      4733
           4       0.00      0.00      0.00       600
           5       0.54      0.16      0.24      1417
           6       0.71      0.42      0.53      3795
           7       0.52      0.31      0.39      7454
           8       1.00      0.00      0.00       665
           9       0.58      0.90      0.71     19912

   micro avg       0.61      0.61      0.61     43114
   macro avg       0.60      0.27      0.30     43114
weighted avg       0.60      0.61      0.55     43114
 samples avg       0.61      0.61      0.61     43114


[[  472     0     0     4     0    43    10   129     0  2139]
 [    4     1     0    95     0     2    40   206     0  1022]
 [   13     0     6     2     0     3     7    28     0   312]
 [    4     0     0  3615     0     0    28   383     0   703]
 [    2     0     0     3     0     0     4    37     0   554]
 [   50     0     0    12     0   220     7   190     0   938]
 [    7     2     0    77     0     2  1582    67     0  2058]
 [   76     2     0   291     0    48    63  2288     0  4686]
 [    4     0     0    22     0    10     3   135     1   490]
 [  202     0     0   205     0    76   474   944     0 18011]]

Results of Test Set

--------------------
Accuracy: 0.6047223639653013, F1 Score: 0.28915749960643355, Precision: 0.6006138238290583, Recall: 0.26883494225359633

              precision    recall  f1-score   support

           0       0.52      0.16      0.24      2795
           1       0.50      0.00      0.00      1321
           2       0.86      0.02      0.03       355
           3       0.84      0.77      0.80      4700
           4       0.00      0.00      0.00       585
           5       0.49      0.13      0.20      1504
           6       0.70      0.41      0.52      3669
           7       0.52      0.30      0.38      7506
           8       1.00      0.00      0.00       666
           9       0.58      0.90      0.71     20013

   micro avg       0.60      0.60      0.60     43114
   macro avg       0.60      0.27      0.29     43114
weighted avg       0.60      0.60      0.55     43114
 samples avg       0.60      0.60      0.60     43114


[[  443     0     0     3     0    42     8   123     0  2176]
 [    6     1     0    64     0     0    33   188     0  1029]
 [   16     0     6     3     0     3    10    36     0   281]
 [    8     0     0  3611     0     0    22   387     0   672]
 [    3     0     0     5     0     1     6    24     0   546]
 [   49     0     0    16     0   190    10   183     0  1056]
 [    0     0     0    71     0     1  1516    85     0  1996]
 [   75     1     1   316     0    61    57  2262     0  4733]
 [    6     0     0    20     0     6     4   139     1   490]
 [  242     0     0   188     0    85   499   957     0 18042]]

