Title: Fully Connected - Words: 1000, Batch: 64, Epochs: 8, Outputs: 64

Results of Training Set

--------------------
Accuracy: 0.6348440568415519, F1 Score: 0.31632559505376867, Precision: 0.6035734477850151, Recall: 0.28902141340368737

              precision    recall  f1-score   support

           0       0.70      0.15      0.25      8263
           1       0.76      0.01      0.01      3968
           2       1.00      0.02      0.05      1050
           3       0.86      0.81      0.83     14541
           4       0.00      0.00      0.00      1763
           5       0.74      0.19      0.30      4392
           6       0.78      0.45      0.57     11089
           7       0.60      0.32      0.42     22288
           8       0.00      0.00      0.00      1971
           9       0.59      0.93      0.73     60017

   micro avg       0.63      0.63      0.63    129342
   macro avg       0.60      0.29      0.32    129342
weighted avg       0.64      0.63      0.58    129342
 samples avg       0.63      0.63      0.63    129342


[[ 1268     0     0     8     0    65    10   292     0  6620]
 [   13    26     0   229     0     9    98   507     0  3086]
 [   21     0    25     6     0     5    20    80     0   893]
 [   14     1     0 11778     0     4    36   864     0  1844]
 [    0     1     0    19     0     1     7    43     0  1692]
 [   91     0     0    59     0   838     9   472     0  2923]
 [    3     0     0   231     0     3  5023   183     0  5646]
 [  103     5     0   827     0    74   163  7104     0 14012]
 [   11     0     0    67     0    16    16   381     0  1480]
 [  284     1     0   532     0   119  1019  2012     0 56050]]

Results of Validation Set

--------------------
Accuracy: 0.6065779097276986, F1 Score: 0.28504839154745615, Precision: 0.5215107918809585, Recall: 0.26565358399305916

              precision    recall  f1-score   support

           0       0.60      0.12      0.20      2797
           1       0.38      0.00      0.00      1370
           2       1.00      0.01      0.02       371
           3       0.83      0.78      0.80      4733
           4       0.00      0.00      0.00       600
           5       0.57      0.13      0.21      1417
           6       0.73      0.41      0.53      3795
           7       0.54      0.28      0.37      7454
           8       0.00      0.00      0.00       665
           9       0.58      0.92      0.71     19912

   micro avg       0.61      0.61      0.61     43114
   macro avg       0.52      0.27      0.29     43114
weighted avg       0.59      0.61      0.55     43114
 samples avg       0.61      0.61      0.61     43114


[[  344     0     0     4     0    36     8   108     0  2297]
 [    3     3     0    95     0     4    35   178     0  1052]
 [    3     0     4     5     0     0     5    21     0   333]
 [    4     1     0  3677     0     1    23   332     0   695]
 [    2     0     0     5     0     1     2    28     0   562]
 [   32     0     0    14     0   186     4   170     0  1011]
 [    4     2     0    85     0     2  1564    54     0  2084]
 [   40     1     0   314     0    36    50  2110     0  4903]
 [    2     0     0    24     0     7     2   128     0   502]
 [  140     1     0   226     0    56   438   786     1 18264]]

Results of Test Set

--------------------
Accuracy: 0.6051630560838707, F1 Score: 0.28284747226014273, Precision: 0.4927473599240799, Recall: 0.263654113750495

              precision    recall  f1-score   support

           0       0.57      0.12      0.20      2795
           1       0.14      0.00      0.00      1321
           2       1.00      0.02      0.03       355
           3       0.83      0.78      0.80      4700
           4       0.00      0.00      0.00       585
           5       0.55      0.12      0.20      1504
           6       0.73      0.40      0.52      3669
           7       0.53      0.28      0.36      7506
           8       0.00      0.00      0.00       666
           9       0.58      0.92      0.71     20013

   micro avg       0.61      0.61      0.61     43114
   macro avg       0.49      0.26      0.28     43114
weighted avg       0.58      0.61      0.54     43114
 samples avg       0.61      0.61      0.61     43114


[[  337     0     0     6     0    32     4   116     0  2300]
 [    3     1     0    71     0     1    36   164     0  1045]
 [   10     0     6     4     0     4     7    32     0   292]
 [    3     0     0  3662     0     0    22   325     0   688]
 [    1     0     0     5     0     1     5    22     0   551]
 [   34     0     0    17     0   188    10   149     0  1106]
 [    1     1     0    76     0     2  1474    79     0  2036]
 [   39     2     0   349     0    43    37  2065     0  4971]
 [    3     0     0    20     0     6     2   142     0   493]
 [  162     3     0   216     0    63   433   778     0 18358]]

