Title: Fully Connected - Words: 1000, Batch: 128, Epochs: 8, Outputs: 64

Results of Training Set

--------------------
Accuracy: 0.6313958342997634, F1 Score: 0.3076321102358489, Precision: 0.5864126511257896, Recall: 0.2811117664083316

              precision    recall  f1-score   support

           0       0.65      0.15      0.24      8263
           1       0.64      0.00      0.00      3968
           2       1.00      0.03      0.05      1050
           3       0.86      0.80      0.83     14541
           4       0.00      0.00      0.00      1763
           5       0.72      0.15      0.25      4392
           6       0.80      0.43      0.56     11089
           7       0.61      0.32      0.42     22288
           8       0.00      0.00      0.00      1971
           9       0.59      0.94      0.72     60017

   micro avg       0.63      0.63      0.63    129342
   macro avg       0.59      0.28      0.31    129342
weighted avg       0.64      0.63      0.57    129342
 samples avg       0.63      0.63      0.63    129342


[[ 1222     0     0     9     0    44     7   252     0  6729]
 [    8     7     0   197     0     3    57   498     0  3198]
 [   21     0    27     5     0     7    18   118     0   854]
 [   14     2     0 11636     0     7    36   816     0  2030]
 [    1     0     0    17     0     2     8    49     0  1686]
 [  103     0     0    59     0   674     8   454     0  3094]
 [    5     0     0   219     0     0  4731   183     0  5951]
 [  153     2     0   805     0    86   126  7076     0 14040]
 [    9     0     0    66     0     9     7   302     0  1578]
 [  356     0     0   464     0   107   886  1911     0 56293]]

Results of Validation Set

--------------------
Accuracy: 0.6040033399823723, F1 Score: 0.2797521133715911, Precision: 0.5804730633395228, Recall: 0.2602739181945266

              precision    recall  f1-score   support

           0       0.59      0.13      0.21      2797
           1       1.00      0.00      0.00      1370
           2       1.00      0.01      0.03       371
           3       0.83      0.77      0.80      4733
           4       0.00      0.00      0.00       600
           5       0.52      0.11      0.18      1417
           6       0.75      0.39      0.51      3795
           7       0.53      0.28      0.36      7454
           8       0.00      0.00      0.00       665
           9       0.57      0.92      0.71     19912

   micro avg       0.60      0.60      0.60     43114
   macro avg       0.58      0.26      0.28     43114
weighted avg       0.61      0.60      0.54     43114
 samples avg       0.60      0.60      0.60     43114


[[  352     0     0     5     0    29     6    93     0  2312]
 [    2     3     0    82     0     2    28   189     0  1064]
 [    6     0     5     1     0     1     6    37     0   315]
 [    3     0     0  3637     0     1    22   318     0   752]
 [    1     0     0     4     0     1     1    30     0   563]
 [   41     0     0    14     0   149     4   166     0  1043]
 [    4     0     0    81     0     1  1476    63     0  2170]
 [   56     0     0   318     0    27    41  2064     0  4948]
 [    3     0     0    24     0     9     3   108     0   518]
 [  130     0     0   192     0    65   378   792     0 18355]]

Results of Test Set

--------------------
Accuracy: 0.6017998793895254, F1 Score: 0.2762523792550069, Precision: 0.4742307133232179, Recall: 0.2576320783712418

              precision    recall  f1-score   support

           0       0.53      0.12      0.19      2795
           1       0.00      0.00      0.00      1321
           2       1.00      0.01      0.03       355
           3       0.83      0.77      0.80      4700
           4       0.00      0.00      0.00       585
           5       0.54      0.10      0.17      1504
           6       0.74      0.38      0.51      3669
           7       0.53      0.27      0.36      7506
           8       0.00      0.00      0.00       666
           9       0.57      0.92      0.71     20013

   micro avg       0.60      0.60      0.60     43114
   macro avg       0.47      0.26      0.28     43114
weighted avg       0.57      0.60      0.54     43114
 samples avg       0.60      0.60      0.60     43114


[[  333     0     0     5     0    27     5    96     0  2329]
 [    4     0     0    67     0     2    25   169     0  1054]
 [   13     0     5     4     0     2     7    32     0   292]
 [    5     0     0  3601     0     0    19   328     0   747]
 [    3     0     0     4     0     0     5    23     0   550]
 [   49     0     0    18     0   155     7   161     0  1114]
 [    1     0     0    70     0     0  1412    72     0  2114]
 [   58     1     0   341     0    38    36  2014     0  5018]
 [    5     0     0    21     0     7     2   104     0   527]
 [  157     0     0   185     0    58   398   789     0 18426]]

