Title: Fully Connected - Words: 1000, Batch: 128, Epochs: 1, Outputs: 128

Results of Training Set

--------------------
Accuracy: 0.6064851324395788, F1 Score: 0.2695043370942722, Precision: 0.39084550495320436, Recall: 0.2548978618772929

              precision    recall  f1-score   support

           0       0.52      0.15      0.23      8263
           1       0.00      0.00      0.00      3968
           2       0.00      0.00      0.00      1050
           3       0.85      0.77      0.81     14541
           4       0.00      0.00      0.00      1763
           5       0.65      0.04      0.07      4392
           6       0.74      0.42      0.54     11089
           7       0.57      0.24      0.34     22288
           8       0.00      0.00      0.00      1971
           9       0.57      0.93      0.71     60017

   micro avg       0.61      0.61      0.61    129342
   macro avg       0.39      0.25      0.27    129342
weighted avg       0.58      0.61      0.54    129342
 samples avg       0.61      0.61      0.61    129342


[[ 1231     0     0     6     0    18    16   168     0  6824]
 [   12     0     0   202     0     2    97   356     0  3299]
 [   43     0     0     9     0     3    25    55     0   915]
 [   20     0     0 11177     0     3    73   947     0  2321]
 [    8     0     0    22     0     1     8    50     0  1674]
 [  169     0     0    61     0   172    15   291     0  3684]
 [    5     0     0   228     0     0  4680   163     0  6013]
 [  175     0     0   857     0    23   141  5343     0 15749]
 [   28     0     0    59     0     6    21   288     0  1569]
 [  656     0     0   543     0    35  1261  1681     0 55841]]

Results of Validation Set

--------------------
Accuracy: 0.5955838010854942, F1 Score: 0.26136738386848046, Precision: 0.3648857924085155, Recall: 0.24864794906504684

              precision    recall  f1-score   support

           0       0.51      0.14      0.22      2797
           1       0.00      0.00      0.00      1370
           2       0.00      0.00      0.00       371
           3       0.83      0.75      0.79      4733
           4       0.00      0.00      0.00       600
           5       0.47      0.03      0.06      1417
           6       0.73      0.41      0.52      3795
           7       0.55      0.23      0.32      7454
           8       0.00      0.00      0.00       665
           9       0.56      0.92      0.70     19912

   micro avg       0.60      0.60      0.60     43114
   macro avg       0.36      0.25      0.26     43114
weighted avg       0.56      0.60      0.53     43114
 samples avg       0.60      0.60      0.60     43114


[[  401     0     0     4     0     7     5    53     0  2327]
 [    2     0     0    90     0     2    34   146     0  1096]
 [   15     0     0     3     0     0     8    12     0   333]
 [    5     0     0  3562     0     0    26   323     0   817]
 [    5     0     0     2     0     0     3    27     0   563]
 [   61     0     0    12     0    42     3   109     0  1190]
 [    3     0     0    86     0     0  1539    48     0  2119]
 [   69     0     0   305     0    16    44  1718     0  5302]
 [    7     0     0    22     0     4     4   102     0   526]
 [  218     0     0   212     0    18   453   595     0 18416]]

Results of Test Set

--------------------
Accuracy: 0.5942153360857262, F1 Score: 0.2595174248433747, Precision: 0.36644728901009127, Recall: 0.2469483656847588

              precision    recall  f1-score   support

           0       0.47      0.13      0.20      2795
           1       0.00      0.00      0.00      1321
           2       0.00      0.00      0.00       355
           3       0.83      0.75      0.79      4700
           4       0.00      0.00      0.00       585
           5       0.53      0.04      0.07      1504
           6       0.72      0.40      0.52      3669
           7       0.55      0.22      0.32      7506
           8       0.00      0.00      0.00       666
           9       0.56      0.92      0.70     20013

   micro avg       0.59      0.59      0.59     43114
   macro avg       0.37      0.25      0.26     43114
weighted avg       0.56      0.59      0.53     43114
 samples avg       0.59      0.59      0.59     43114


[[  360     0     0     2     0    14     8    58     0  2353]
 [    3     0     0    54     0     0    33   137     0  1094]
 [   15     0     0     2     0     0     7    17     0   314]
 [    6     0     0  3544     0     0    22   323     0   805]
 [    5     0     0     4     0     0     5    18     0   553]
 [   58     0     0    17     0    55    12    95     0  1267]
 [    1     0     0    72     0     0  1475    50     0  2071]
 [   73     0     0   329     0    12    39  1675     0  5378]
 [    6     0     0    19     0     1     2   103     0   535]
 [  243     0     0   202     0    21   451   586     0 18510]]

