Title: Fully Connected - Words: 1000, Batch: 32, Epochs: 8, Outputs: 128

Results of Training Set

--------------------
Accuracy: 0.6717694175132595, F1 Score: 0.38979793622256736, Precision: 0.7039255495392097, Recall: 0.3479119804222558

              precision    recall  f1-score   support

           0       0.72      0.36      0.48      8263
           1       0.80      0.06      0.12      3968
           2       0.89      0.07      0.13      1050
           3       0.87      0.85      0.86     14541
           4       0.00      0.00      0.00      1763
           5       0.78      0.26      0.39      4392
           6       0.81      0.54      0.65     11089
           7       0.62      0.39      0.48     22288
           8       0.92      0.02      0.04      1971
           9       0.63      0.92      0.75     60017

   micro avg       0.67      0.67      0.67    129342
   macro avg       0.70      0.35      0.39    129342
weighted avg       0.69      0.67      0.63    129342
 samples avg       0.67      0.67      0.67    129342


[[ 2969     2     0    14     0    53    14   350     0  4861]
 [   14   248     0   206     0     8   125   524     0  2843]
 [   41     0    71     7     0     7    21    92     0   811]
 [   30    12     0 12297     0     7    44   714     1  1436]
 [    6     0     0    19     0     3     9    59     0  1667]
 [  151     2     1    62     0  1159    19   532     0  2466]
 [    7     9     2   207     0     1  6026   241     0  4596]
 [  196    18     6   785     0    94   183  8732     1 12273]
 [   27     2     0    75     0    20    12   387    45  1403]
 [  683    16     0   433     0   137  1016  2389     2 55341]]

Results of Validation Set

--------------------
Accuracy: 0.6106601104049728, F1 Score: 0.31392880632938, Precision: 0.5855629206696655, Recall: 0.28862179528922466

              precision    recall  f1-score   support

           0       0.52      0.23      0.32      2797
           1       0.49      0.03      0.05      1370
           2       0.93      0.04      0.07       371
           3       0.82      0.78      0.80      4733
           4       0.00      0.00      0.00       600
           5       0.54      0.16      0.25      1417
           6       0.69      0.44      0.54      3795
           7       0.52      0.32      0.40      7454
           8       0.75      0.00      0.01       665
           9       0.59      0.89      0.71     19912

   micro avg       0.61      0.61      0.61     43114
   macro avg       0.59      0.29      0.31     43114
weighted avg       0.60      0.61      0.56     43114
 samples avg       0.61      0.61      0.61     43114


[[  653     1     0     9     0    36     7   139     0  1952]
 [    6    35     0    99     0     3    48   196     0   983]
 [   18     0    13     2     0     2     7    26     0   303]
 [   10     8     0  3707     0     2    33   329     0   644]
 [    5     0     0     5     0     0     5    39     0   546]
 [   79     1     0    21     0   225     9   186     1   895]
 [    4     4     0    84     0     1  1660    78     0  1964]
 [  119    11     0   327     0    46    74  2409     0  4468]
 [    7     0     0    32     0    12    10   130     3   471]
 [  360    12     1   223     0    87   543  1063     0 17623]]

Results of Test Set

--------------------
Accuracy: 0.6101266409982836, F1 Score: 0.31176974583309935, Precision: 0.566281676955674, Recall: 0.2873626633209442

              precision    recall  f1-score   support

           0       0.51      0.23      0.31      2795
           1       0.42      0.02      0.04      1321
           2       0.92      0.03      0.06       355
           3       0.83      0.79      0.81      4700
           4       0.00      0.00      0.00       585
           5       0.54      0.15      0.24      1504
           6       0.68      0.44      0.54      3669
           7       0.52      0.31      0.39      7506
           8       0.67      0.01      0.02       666
           9       0.59      0.89      0.71     20013

   micro avg       0.61      0.61      0.61     43114
   macro avg       0.57      0.29      0.31     43114
weighted avg       0.60      0.61      0.56     43114
 samples avg       0.61      0.61      0.61     43114


[[  639     1     0     7     0    28     9   149     0  1962]
 [    9    26     0    73     0     1    46   183     1   982]
 [   17     0    11     3     0     3     8    31     0   282]
 [   11     5     0  3698     0     1    28   342     0   615]
 [    7     0     0     6     0     2     6    25     0   539]
 [   72     3     0    18     0   231    10   185     0   985]
 [    5     3     1    73     0     2  1628    87     0  1870]
 [  110     7     0   368     0    71    71  2350     1  4528]
 [   11     0     0    22     0     9     5   137     8   474]
 [  382    17     0   207     0    82   591  1018     2 17714]]

