Title: Fully Connected - Words: 1000, Batch: 64, Epochs: 8, Outputs: 128

Results of Training Set

--------------------
Accuracy: 0.665197692938102, F1 Score: 0.36412022034008584, Precision: 0.696318949572639, Recall: 0.32681039219760144

              precision    recall  f1-score   support

           0       0.72      0.30      0.42      8263
           1       0.79      0.03      0.06      3968
           2       0.96      0.05      0.09      1050
           3       0.87      0.83      0.85     14541
           4       0.00      0.00      0.00      1763
           5       0.78      0.20      0.32      4392
           6       0.81      0.53      0.64     11089
           7       0.65      0.37      0.47     22288
           8       0.76      0.02      0.03      1971
           9       0.62      0.94      0.75     60017

   micro avg       0.67      0.67      0.67    129342
   macro avg       0.70      0.33      0.36    129342
weighted avg       0.68      0.67      0.62    129342
 samples avg       0.67      0.67      0.67    129342


[[ 2461     0     0    12     0    37    15   295     0  5443]
 [   20   134     0   204     0    10   129   488     1  2982]
 [   23     1    48     5     0     5    19    72     0   877]
 [   21     5     0 12120     0     4    38   753     1  1599]
 [   11     0     0    22     0     1    13    50     1  1665]
 [  175     2     0    56     0   890    15   483     0  2771]
 [    8     6     1   207     0     3  5895   195     0  4774]
 [  201    12     0   713     0    74   185  8219     4 12880]
 [   33     1     0    67     0    11     9   332    34  1484]
 [  468     8     1   452     0   105   937  1805     4 56237]]

Results of Validation Set

--------------------
Accuracy: 0.607737625829197, F1 Score: 0.29973921423831024, Precision: 0.5456285308777389, Recall: 0.2765307777403625

              precision    recall  f1-score   support

           0       0.55      0.19      0.28      2797
           1       0.37      0.01      0.02      1370
           2       0.87      0.04      0.07       371
           3       0.83      0.78      0.80      4733
           4       0.00      0.00      0.00       600
           5       0.53      0.12      0.20      1417
           6       0.70      0.43      0.53      3795
           7       0.53      0.29      0.38      7454
           8       0.50      0.00      0.01       665
           9       0.58      0.90      0.71     19912

   micro avg       0.61      0.61      0.61     43114
   macro avg       0.55      0.28      0.30     43114
weighted avg       0.59      0.61      0.55     43114
 samples avg       0.61      0.61      0.61     43114


[[  536     0     0     5     0    29    10   121     0  2096]
 [    3    15     0    96     0     2    49   182     0  1023]
 [    8     1    13     2     0     0    10    22     0   315]
 [    4     3     0  3683     0     1    23   306     1   712]
 [    3     0     0     4     0     1     6    33     0   553]
 [   63     0     0    15     0   174    11   168     0   986]
 [    4     1     0    87     0     1  1632    70     0  2000]
 [   85     6     0   318     0    47    78  2167     1  4752]
 [    5     0     0    23     0     8     4   123     2   500]
 [  264    15     2   210     0    65   513   863     0 17980]]

Results of Test Set

--------------------
Accuracy: 0.6069954075242381, F1 Score: 0.29735491252564905, Precision: 0.5636837352966867, Recall: 0.2750179786337629

              precision    recall  f1-score   support

           0       0.54      0.19      0.28      2795
           1       0.38      0.01      0.02      1321
           2       0.90      0.03      0.05       355
           3       0.83      0.78      0.81      4700
           4       0.00      0.00      0.00       585
           5       0.56      0.11      0.19      1504
           6       0.69      0.43      0.53      3669
           7       0.53      0.28      0.37      7506
           8       0.64      0.01      0.02       666
           9       0.58      0.90      0.71     20013

   micro avg       0.61      0.61      0.61     43114
   macro avg       0.56      0.28      0.30     43114
weighted avg       0.59      0.61      0.55     43114
 samples avg       0.61      0.61      0.61     43114


[[  540     1     0     8     0    17    10   130     0  2089]
 [    7    14     0    69     0     0    47   165     1  1018]
 [   12     0     9     4     0     3     8    29     0   290]
 [    6     3     0  3682     0     0    17   310     0   682]
 [    4     0     0     6     0     0     8    24     0   543]
 [   71     2     0    19     0   170    11   170     1  1060]
 [    1     5     0    79     0     2  1573    87     0  1922]
 [   80     3     0   329     0    48    61  2129     1  4855]
 [    7     1     0    19     0     8     3   118     7   503]
 [  281     8     1   219     0    57   556   844     1 18046]]

