Title: Fully Connected - Words: 1000, Batch: 128, Epochs: 8, Outputs: 128

Results of Training Set

--------------------
Accuracy: 0.6615793787014272, F1 Score: 0.3596025447819339, Precision: 0.7107624624809521, Recall: 0.32438307194733584

              precision    recall  f1-score   support

           0       0.71      0.30      0.42      8263
           1       0.80      0.02      0.03      3968
           2       0.93      0.05      0.09      1050
           3       0.88      0.82      0.85     14541
           4       0.00      0.00      0.00      1763
           5       0.75      0.22      0.34      4392
           6       0.81      0.53      0.64     11089
           7       0.61      0.38      0.47     22288
           8       1.00      0.01      0.01      1971
           9       0.62      0.93      0.74     60017

   micro avg       0.66      0.66      0.66    129342
   macro avg       0.71      0.32      0.36    129342
weighted avg       0.68      0.66      0.62    129342
 samples avg       0.66      0.66      0.66    129342


[[ 2447     0     0    11     0    60    14   353     0  5378]
 [   13    67     0   207     0    11   110   579     0  2981]
 [   43     0    51     7     0     3    25    91     0   830]
 [   19     4     0 11937     0     4    46   926     0  1605]
 [    7     0     0    18     0     2     8    64     0  1664]
 [  174     2     0    56     0   951    10   570     0  2629]
 [    6     0     2   203     0     3  5875   227     0  4773]
 [  188     8     1   632     0    96   191  8428     0 12744]
 [   26     0     0    62     0    14    12   387    14  1456]
 [  522     3     1   394     0   125   956  2216     0 55800]]

Results of Validation Set

--------------------
Accuracy: 0.6106369160829429, F1 Score: 0.3016521152708456, Precision: 0.6082229576844687, Recall: 0.2791382211481704

              precision    recall  f1-score   support

           0       0.54      0.20      0.29      2797
           1       0.54      0.01      0.01      1370
           2       0.80      0.02      0.04       371
           3       0.84      0.77      0.80      4733
           4       0.00      0.00      0.00       600
           5       0.54      0.13      0.21      1417
           6       0.71      0.44      0.54      3795
           7       0.53      0.32      0.40      7454
           8       1.00      0.00      0.01       665
           9       0.59      0.90      0.71     19912

   micro avg       0.61      0.61      0.61     43114
   macro avg       0.61      0.28      0.30     43114
weighted avg       0.61      0.61      0.56     43114
 samples avg       0.61      0.61      0.61     43114


[[  565     0     1     4     0    28     9   141     0  2049]
 [    2     7     0    89     0     3    47   216     0  1006]
 [   12     0     8     3     0     1     9    21     0   317]
 [    5     3     0  3649     0     1    26   344     0   705]
 [    3     0     0     4     0     0     5    36     0   552]
 [   70     0     0    15     0   182     8   203     0   939]
 [    7     0     0    77     0     1  1676    72     0  1962]
 [   81     0     1   282     0    43    70  2410     0  4567]
 [    6     0     0    22     0     8     2   133     2   492]
 [  289     3     0   207     0    69   517   999     0 17828]]

Results of Test Set

--------------------
Accuracy: 0.6081319293037064, F1 Score: 0.299562844979805, Precision: 0.5703086755553525, Recall: 0.2770781716226649

              precision    recall  f1-score   support

           0       0.52      0.20      0.29      2795
           1       0.53      0.01      0.01      1321
           2       0.73      0.02      0.04       355
           3       0.84      0.77      0.81      4700
           4       0.00      0.00      0.00       585
           5       0.55      0.13      0.21      1504
           6       0.69      0.43      0.53      3669
           7       0.51      0.31      0.39      7506
           8       0.75      0.00      0.01       666
           9       0.59      0.89      0.71     20013

   micro avg       0.61      0.61      0.61     43114
   macro avg       0.57      0.28      0.30     43114
weighted avg       0.60      0.61      0.56     43114
 samples avg       0.61      0.61      0.61     43114


[[  562     0     1     6     0    35    13   147     0  2031]
 [    6     9     0    63     0     3    43   198     0   999]
 [   19     0     8     4     0     4    10    28     0   282]
 [    8     3     1  3631     0     0    25   370     0   662]
 [    7     0     0     5     0     0     6    31     0   536]
 [   71     0     0    19     0   193    11   197     0  1013]
 [    3     2     0    72     0     1  1570    96     0  1925]
 [  103     3     1   291     0    41    60  2349     0  4658]
 [    4     0     0    17     0     9     4   139     3   490]
 [  305     0     0   191     0    67   542  1013     1 17894]]

