Title: Fully Connected - Words: 1000, Batch: 32, Epochs: 8, Outputs: 256

Results of Training Set

--------------------
Accuracy: 0.7267786179276646, F1 Score: 0.46846898625372385, Precision: 0.8567144676769537, Recall: 0.4123411526284843

              precision    recall  f1-score   support

           0       0.84      0.46      0.60      8263
           1       0.91      0.08      0.15      3968
           2       0.93      0.13      0.22      1050
           3       0.91      0.87      0.89     14541
           4       0.97      0.02      0.04      1763
           5       0.81      0.38      0.52      4392
           6       0.90      0.60      0.72     11089
           7       0.67      0.57      0.62     22288
           8       0.94      0.07      0.14      1971
           9       0.68      0.93      0.79     60017

   micro avg       0.73      0.73      0.73    129342
   macro avg       0.86      0.41      0.47    129342
weighted avg       0.76      0.73      0.70    129342
 samples avg       0.73      0.73      0.73    129342


[[ 3842     1     0     5     0    76     9   438     1  3891]
 [    6   331     0   156     0    13    87   736     0  2639]
 [   35     0   132     7     0     9    16   136     0   715]
 [   10     5     0 12673     0     7    29   745     1  1071]
 [    6     0     0    19    36     2     7    93     1  1599]
 [  129     2     0    51     0  1681     9   566     1  1953]
 [    3     7     1   163     0     5  6628   336     0  3946]
 [  141     7     8   425     1   104    90 12779     2  8731]
 [   25     0     0    58     0    27     7   431   147  1276]
 [  386    10     1   310     0   155   485  2913     3 55754]]

Results of Validation Set

--------------------
Accuracy: 0.6107992763371527, F1 Score: 0.3255153442354241, Precision: 0.5806769187824339, Recall: 0.29725476292623554

              precision    recall  f1-score   support

           0       0.53      0.23      0.33      2797
           1       0.63      0.02      0.05      1370
           2       0.67      0.04      0.07       371
           3       0.84      0.77      0.81      4733
           4       0.33      0.00      0.00       600
           5       0.53      0.20      0.29      1417
           6       0.70      0.41      0.52      3795
           7       0.49      0.41      0.44      7454
           8       0.48      0.02      0.04       665
           9       0.60      0.86      0.71     19912

   micro avg       0.61      0.61      0.61     43114
   macro avg       0.58      0.30      0.33     43114
weighted avg       0.61      0.61      0.57     43114
 samples avg       0.61      0.61      0.61     43114


[[  657     0     2     9     0    49     6   237     1  1836]
 [    5    34     0    85     0     5    42   283     0   916]
 [   18     0    14     1     0     0     7    35     0   296]
 [    6     4     0  3664     0     3    35   403     1   617]
 [    7     0     0     4     1     2     3    52     0   531]
 [   65     0     2    16     0   287     8   249     0   790]
 [    9     4     0    82     0     2  1569   145     0  1984]
 [  114     5     2   248     1    64    57  3033     5  3925]
 [    6     0     0    24     0    13     5   163    13   441]
 [  351     7     1   234     1   112   494  1643     7 17062]]

Results of Test Set

--------------------
Accuracy: 0.611286357099782, F1 Score: 0.32322413048632237, Precision: 0.574657971468459, Recall: 0.29499668249667577

              precision    recall  f1-score   support

           0       0.53      0.24      0.33      2795
           1       0.55      0.02      0.04      1321
           2       0.65      0.04      0.07       355
           3       0.84      0.78      0.81      4700
           4       0.25      0.00      0.00       585
           5       0.52      0.18      0.27      1504
           6       0.69      0.41      0.51      3669
           7       0.48      0.39      0.43      7506
           8       0.62      0.03      0.06       666
           9       0.60      0.86      0.71     20013

   micro avg       0.61      0.61      0.61     43114
   macro avg       0.57      0.29      0.32     43114
weighted avg       0.60      0.61      0.57     43114
 samples avg       0.61      0.61      0.61     43114


[[  664     0     0     7     0    53     8   248     0  1815]
 [    9    28     0    75     0     5    41   240     0   923]
 [   18     0    13     2     0     4    11    43     0   264]
 [    9     3     1  3656     0     4    25   412     1   589]
 [    3     0     0     6     1     0     7    47     0   521]
 [   62     1     0    16     0   274    10   257     1   883]
 [    4     4     1    71     0     1  1492   159     0  1937]
 [  120     5     2   302     0    63    61  2960     4  3989]
 [   10     0     0    21     0    12     4   168    20   431]
 [  345    10     3   217     3   106   503  1573     6 17247]]

