Title: Fully Connected - Words: 1000, Batch: 64, Epochs: 8, Outputs: 256

Results of Training Set

--------------------
Accuracy: 0.7208486029286697, F1 Score: 0.4651360044772554, Precision: 0.8491699479671366, Recall: 0.4096816440034538

              precision    recall  f1-score   support

           0       0.80      0.51      0.62      8263
           1       0.90      0.08      0.15      3968
           2       0.94      0.13      0.23      1050
           3       0.91      0.87      0.89     14541
           4       1.00      0.01      0.03      1763
           5       0.77      0.39      0.52      4392
           6       0.89      0.58      0.70     11089
           7       0.70      0.51      0.59     22288
           8       0.92      0.08      0.15      1971
           9       0.67      0.94      0.78     60017

   micro avg       0.72      0.72      0.72    129342
   macro avg       0.85      0.41      0.47    129342
weighted avg       0.75      0.72      0.69    129342
 samples avg       0.72      0.72      0.72    129342


[[ 4238     1     1     3     0    98     8   313     0  3601]
 [   15   322     0   174     0    17   100   602     0  2738]
 [   36     0   135     5     0     6    20   113     0   735]
 [   26    11     0 12611     0    11    23   585     2  1272]
 [   10     1     0    20    23     4     9    67     0  1629]
 [  152     0     0    41     0  1709    16   508     2  1964]
 [   14     9     2   170     0     4  6384   236     0  4270]
 [  223    10     5   491     0   144   110 11316     5  9984]
 [   38     0     0    69     0    27    11   316   163  1347]
 [  575     3     1   290     0   190   521  2096     6 56335]]

Results of Validation Set

--------------------
Accuracy: 0.6146959224381872, F1 Score: 0.32937082287601605, Precision: 0.6550343923567933, Recall: 0.2995972895838569

              precision    recall  f1-score   support

           0       0.52      0.27      0.36      2797
           1       0.62      0.02      0.04      1370
           2       0.83      0.05      0.10       371
           3       0.84      0.77      0.80      4733
           4       1.00      0.00      0.00       600
           5       0.50      0.21      0.29      1417
           6       0.71      0.41      0.52      3795
           7       0.53      0.36      0.43      7454
           8       0.42      0.02      0.04       665
           9       0.60      0.88      0.71     19912

   micro avg       0.61      0.61      0.61     43114
   macro avg       0.66      0.30      0.33     43114
weighted avg       0.62      0.61      0.57     43114
 samples avg       0.61      0.61      0.61     43114


[[  759     0     0     9     0    48    10   176     0  1795]
 [    6    28     0    92     0     4    45   224     0   971]
 [   10     0    19     3     0     5     8    31     0   295]
 [    9     2     0  3653     0     2    32   314     5   716]
 [    8     1     0     4     1     2     4    51     0   529]
 [   78     0     0    19     0   293     8   208     1   810]
 [   10     0     1    72     0     3  1563    92     0  2054]
 [  153     6     1   268     0    87    61  2684     7  4187]
 [   13     0     0    27     0    16     6   134    15   454]
 [  425     8     2   198     0   127   478  1179     8 17487]]

Results of Test Set

--------------------
Accuracy: 0.6117966321844412, F1 Score: 0.32695676644571053, Precision: 0.5987945875311848, Recall: 0.29732270110675124

              precision    recall  f1-score   support

           0       0.49      0.26      0.34      2795
           1       0.42      0.02      0.03      1321
           2       0.69      0.05      0.09       355
           3       0.84      0.78      0.81      4700
           4       0.67      0.00      0.01       585
           5       0.50      0.20      0.28      1504
           6       0.70      0.41      0.52      3669
           7       0.51      0.35      0.41      7506
           8       0.57      0.03      0.07       666
           9       0.60      0.87      0.71     20013

   micro avg       0.61      0.61      0.61     43114
   macro avg       0.60      0.30      0.33     43114
weighted avg       0.60      0.61      0.57     43114
 samples avg       0.61      0.61      0.61     43114


[[  724     2     0     5     0    62    10   187     1  1804]
 [   10    22     0    65     0     3    27   215     1   978]
 [   21     0    18     4     0     8    10    40     0   254]
 [   13     5     1  3676     0     2    20   331     2   650]
 [    5     2     0     3     2     1     7    36     0   529]
 [   82     1     1    19     0   295     9   214     1   882]
 [    6     2     0    70     0     1  1496   131     0  1963]
 [  156     9     0   297     0    76    61  2612     6  4289]
 [   13     0     0    24     0    11     6   134    23   455]
 [  459    10     6   193     1   132   488  1209     6 17509]]

