Title: Fully Connected - Words: 1000, Batch: 128, Epochs: 8, Outputs: 256

Results of Training Set

--------------------
Accuracy: 0.7092746362357162, F1 Score: 0.4351251383635879, Precision: 0.8294000001017153, Recall: 0.3863931209688102

              precision    recall  f1-score   support

           0       0.79      0.46      0.58      8263
           1       0.90      0.06      0.11      3968
           2       0.93      0.10      0.17      1050
           3       0.90      0.85      0.88     14541
           4       0.96      0.01      0.02      1763
           5       0.78      0.32      0.45      4392
           6       0.85      0.59      0.70     11089
           7       0.67      0.50      0.57     22288
           8       0.84      0.04      0.08      1971
           9       0.66      0.93      0.78     60017

   micro avg       0.71      0.71      0.71    129342
   macro avg       0.83      0.39      0.44    129342
weighted avg       0.74      0.71      0.68    129342
 samples avg       0.71      0.71      0.71    129342


[[ 3767     2     1     7     0    74    11   379     1  4021]
 [   27   241     0   163     0    13   108   604     2  2810]
 [   46     0   100     5     0     6    25   109     0   759]
 [   20     5     0 12378     0     9    38   762     1  1328]
 [   12     0     0    12    22     5    17    92     0  1603]
 [  166     0     1    45     0  1400    18   534     1  2227]
 [    5     7     1   186     1     0  6584   260     0  4045]
 [  215     8     2   491     0   107   161 11086     7 10211]
 [   29     0     0    67     0    23    24   401    87  1340]
 [  511     4     2   339     0   154   723  2205     5 56074]]

Results of Validation Set

--------------------
Accuracy: 0.614788699726307, F1 Score: 0.3246111462746062, Precision: 0.5475154671237817, Recall: 0.296941512638267

              precision    recall  f1-score   support

           0       0.51      0.25      0.34      2797
           1       0.54      0.02      0.04      1370
           2       0.71      0.05      0.09       371
           3       0.84      0.77      0.81      4733
           4       0.00      0.00      0.00       600
           5       0.53      0.18      0.27      1417
           6       0.70      0.44      0.54      3795
           7       0.51      0.37      0.43      7454
           8       0.53      0.01      0.02       665
           9       0.60      0.88      0.71     19912

   micro avg       0.61      0.61      0.61     43114
   macro avg       0.55      0.30      0.32     43114
weighted avg       0.60      0.61      0.57     43114
 samples avg       0.61      0.61      0.61     43114


[[  703     0     1     6     0    37     8   185     0  1857]
 [    6    30     0    82     0     3    46   239     2   962]
 [   19     0    17     1     0     1     9    33     0   291]
 [    9     3     0  3657     0     4    35   353     1   671]
 [   10     0     0     3     0     1     8    51     0   527]
 [   81     0     1    19     0   257     6   221     0   832]
 [    9     2     1    86     0     3  1685   100     0  1909]
 [  122     9     1   266     0    63    77  2721     3  4192]
 [    3     0     0    22     0    14     6   160     8   452]
 [  406    12     3   203     1   101   534  1223     1 17428]]

Results of Test Set

--------------------
Accuracy: 0.6140000927772881, F1 Score: 0.3244071826068641, Precision: 0.6634240591420764, Recall: 0.29660890888896263

              precision    recall  f1-score   support

           0       0.51      0.26      0.34      2795
           1       0.48      0.02      0.03      1321
           2       0.70      0.05      0.08       355
           3       0.84      0.78      0.81      4700
           4       1.00      0.00      0.00       585
           5       0.56      0.17      0.26      1504
           6       0.68      0.44      0.54      3669
           7       0.51      0.36      0.42      7506
           8       0.76      0.02      0.05       666
           9       0.60      0.87      0.71     20013

   micro avg       0.61      0.61      0.61     43114
   macro avg       0.66      0.30      0.32     43114
weighted avg       0.61      0.61      0.57     43114
 samples avg       0.61      0.61      0.61     43114


[[  717     1     1     2     0    38    11   182     0  1843]
 [   11    20     0    64     0     1    42   225     1   957]
 [   16     0    16     4     0     5    12    40     0   262]
 [    8     8     1  3662     0     2    31   358     0   630]
 [    8     0     0     5     1     1     7    35     0   528]
 [   83     1     1    18     0   258    11   211     0   921]
 [    6     3     0    74     0     3  1624   109     0  1850]
 [  151     3     0   300     0    58    65  2679     3  4247]
 [   10     0     0    19     0     9     5   152    16   455]
 [  405     6     4   196     0    84   585  1253     1 17479]]

