Title: Fully Connected - Words: 1000, Batch: 32, Epochs: 8, Outputs: 512

Results of Training Set

--------------------
Accuracy: 0.8123733976589198, F1 Score: 0.6587557294453212, Precision: 0.9041468429875567, Recall: 0.5761430536032026

              precision    recall  f1-score   support

           0       0.90      0.72      0.80      8263
           1       0.94      0.34      0.50      3968
           2       0.97      0.35      0.52      1050
           3       0.95      0.92      0.93     14541
           4       0.99      0.20      0.33      1763
           5       0.85      0.57      0.68      4392
           6       0.92      0.81      0.86     11089
           7       0.80      0.65      0.72     22288
           8       0.95      0.26      0.41      1971
           9       0.76      0.96      0.85     60017

   micro avg       0.81      0.81      0.81    129342
   macro avg       0.90      0.58      0.66    129342
weighted avg       0.83      0.81      0.80    129342
 samples avg       0.81      0.81      0.81    129342


[[ 5930     1     0     0     1    67    10   223     1  2030]
 [   14  1343     0    97     0    18    98   425     0  1973]
 [   22     0   368     5     0    11    17    88     0   539]
 [   15    15     0 13306     0     8    46   397     0   754]
 [   10     6     0    15   344     3    26    67     0  1292]
 [  118     2     1    22     0  2515    13   402     8  1311]
 [    6    11     1    65     0     2  8927   201     0  1876]
 [  138    22     5   298     0   134   118 14429     5  7139]
 [   28     3     0    41     0    38    14   256   519  1072]
 [  338    20     3   198     1   174   436  1443    11 57393]]

Results of Validation Set

--------------------
Accuracy: 0.6137449552349585, F1 Score: 0.3559015339520505, Precision: 0.598272364579893, Recall: 0.3219883446455053

              precision    recall  f1-score   support

           0       0.51      0.30      0.38      2797
           1       0.53      0.08      0.13      1370
           2       0.71      0.07      0.12       371
           3       0.83      0.78      0.80      4733
           4       0.62      0.01      0.03       600
           5       0.50      0.25      0.34      1417
           6       0.63      0.48      0.55      3795
           7       0.51      0.36      0.42      7454
           8       0.53      0.05      0.08       665
           9       0.61      0.85      0.71     19912

   micro avg       0.61      0.61      0.61     43114
   macro avg       0.60      0.32      0.36     43114
weighted avg       0.60      0.61      0.58     43114
 samples avg       0.61      0.61      0.61     43114


[[  833     1     1    12     0    63    15   187     1  1684]
 [   13   104     0    82     0     5    69   224     2   871]
 [   20     2    25     1     1     6    15    34     0   267]
 [   13    17     0  3674     1     7    51   313     2   655]
 [   11     1     0     4     8     3    11    52     0   510]
 [   87     0     0    20     1   357    15   216     5   716]
 [   16    12     1    76     0     4  1820   110     0  1756]
 [  147    17     3   279     0   106   104  2713     6  4079]
 [   14     1     0    25     0    17    11   136    30   431]
 [  469    42     5   235     2   139   772  1340    11 16897]]

Results of Test Set

--------------------
Accuracy: 0.6157628612515657, F1 Score: 0.35375740382350923, Precision: 0.582631277870501, Recall: 0.3216000464953287

              precision    recall  f1-score   support

           0       0.50      0.31      0.38      2795
           1       0.40      0.05      0.09      1321
           2       0.56      0.06      0.10       355
           3       0.84      0.79      0.81      4700
           4       0.67      0.01      0.03       585
           5       0.51      0.24      0.33      1504
           6       0.63      0.48      0.55      3669
           7       0.51      0.36      0.42      7506
           8       0.60      0.06      0.11       666
           9       0.61      0.85      0.71     20013

   micro avg       0.62      0.62      0.62     43114
   macro avg       0.58      0.32      0.35     43114
weighted avg       0.60      0.62      0.58     43114
 samples avg       0.62      0.62      0.62     43114


[[  857     1     1     7     0    74    20   168     1  1666]
 [   13    68     0    60     0     5    56   224     1   894]
 [   22     1    20     4     0     5    15    39     0   249]
 [   18    10     1  3697     0     3    49   329     3   590]
 [    4     2     1     5     8     3    11    43     0   508]
 [   88     4     0    19     0   365    15   207     4   802]
 [    5    12     1    69     1     2  1776   141     0  1662]
 [  164    22     4   315     2    91    97  2719     8  4084]
 [   12     0     0    17     0    21     8   137    42   429]
 [  516    49     8   207     1   151   785  1289    11 16996]]

