Title: Fully Connected - Words: 1000, Batch: 64, Epochs: 8, Outputs: 512

Results of Training Set

--------------------
Accuracy: 0.8167339302005536, F1 Score: 0.6424508862226336, Precision: 0.895922200749632, Recall: 0.5656579490632831

              precision    recall  f1-score   support

           0       0.85      0.76      0.80      8263
           1       0.90      0.31      0.46      3968
           2       0.95      0.29      0.44      1050
           3       0.94      0.92      0.93     14541
           4       0.98      0.18      0.30      1763
           5       0.84      0.57      0.68      4392
           6       0.94      0.74      0.82     11089
           7       0.80      0.71      0.75     22288
           8       0.98      0.23      0.37      1971
           9       0.78      0.95      0.85     60017

   micro avg       0.82      0.82      0.82    129342
   macro avg       0.90      0.57      0.64    129342
weighted avg       0.83      0.82      0.80    129342
 samples avg       0.82      0.82      0.82    129342


[[ 6245     3     0     2     0    69     6   232     0  1706]
 [   25  1231     1   116     0    25    73   569     0  1928]
 [   38     0   303     5     0    10    18   131     0   545]
 [   20    17     0 13366     0    11    17   379     1   730]
 [   26     4     1    15   315     3    17   108     0  1274]
 [  163     1     2    30     3  2507    15   441     2  1228]
 [   14    23     1   107     0     5  8183   232     0  2524]
 [  227    31     8   286     1   118    96 15889     5  5627]
 [   61     2     0    53     0    49    14   319   454  1019]
 [  522    51     3   187     1   176   310  1619     3 57145]]

Results of Validation Set

--------------------
Accuracy: 0.6149742543025467, F1 Score: 0.35851114414774565, Precision: 0.5728569577985645, Recall: 0.32564889448420864

              precision    recall  f1-score   support

           0       0.48      0.34      0.40      2797
           1       0.46      0.07      0.13      1370
           2       0.62      0.06      0.11       371
           3       0.83      0.78      0.81      4733
           4       0.33      0.01      0.02       600
           5       0.52      0.26      0.34      1417
           6       0.69      0.45      0.54      3795
           7       0.49      0.41      0.44      7454
           8       0.70      0.05      0.08       665
           9       0.62      0.83      0.71     19912

   micro avg       0.61      0.61      0.61     43114
   macro avg       0.57      0.33      0.36     43114
weighted avg       0.60      0.61      0.58     43114
 samples avg       0.61      0.61      0.61     43114


[[  945     0     1     6     0    56    11   225     0  1553]
 [    7   102     0    88     0     5    54   260     0   854]
 [   25     1    23     3     0     5    13    43     0   258]
 [   12    16     1  3700     0     8    23   387     0   586]
 [   16     3     0     3     6     2     7    59     0   504]
 [  105     1     3    13     1   364    10   251     1   668]
 [   12    12     1    88     0     3  1699   128     0  1852]
 [  210    30     3   289     2    95    72  3028     5  3720]
 [   18     1     0    24     0    19     8   158    30   407]
 [  614    58     5   238     9   149   573  1642     7 16617]]

Results of Test Set

--------------------
Accuracy: 0.6115646889641416, F1 Score: 0.35441510030739126, Precision: 0.5492793802196478, Recall: 0.32276312919307604

              precision    recall  f1-score   support

           0       0.49      0.35      0.41      2795
           1       0.41      0.06      0.11      1321
           2       0.57      0.08      0.14       355
           3       0.83      0.79      0.81      4700
           4       0.33      0.01      0.01       585
           5       0.52      0.24      0.33      1504
           6       0.67      0.44      0.53      3669
           7       0.48      0.39      0.43      7506
           8       0.57      0.03      0.07       666
           9       0.61      0.83      0.71     20013

   micro avg       0.61      0.61      0.61     43114
   macro avg       0.55      0.32      0.35     43114
weighted avg       0.60      0.61      0.58     43114
 samples avg       0.61      0.61      0.61     43114


[[  975     2     3     9     0    63    11   238     0  1494]
 [   15    80     0    65     0     3    51   247     0   860]
 [   22     1    29     1     0     5    11    47     0   239]
 [   23    16     1  3710     0     1    22   364     1   562]
 [   13     2     0     5     4     2     8    61     0   490]
 [  107     3     1    18     1   367    12   237     4   754]
 [    6    16     0    68     0     5  1605   153     0  1816]
 [  190    27     2   305     1    97    77  2958     3  3846]
 [   21     5     0    22     0    19     4   161    23   411]
 [  632    42    15   245     6   146   585  1717     9 16616]]

