Title: Fully Connected - Words: 1000, Batch: 128, Epochs: 8, Outputs: 512

Results of Training Set

--------------------
Accuracy: 0.797660466051244, F1 Score: 0.5907634203886317, Precision: 0.8833274695465649, Recall: 0.5210531343720599

              precision    recall  f1-score   support

           0       0.86      0.68      0.76      8263
           1       0.89      0.26      0.40      3968
           2       0.97      0.21      0.35      1050
           3       0.94      0.90      0.92     14541
           4       0.98      0.12      0.22      1763
           5       0.83      0.50      0.62      4392
           6       0.90      0.76      0.83     11089
           7       0.76      0.69      0.72     22288
           8       0.95      0.14      0.25      1971
           9       0.76      0.95      0.84     60017

   micro avg       0.80      0.80      0.80    129342
   macro avg       0.88      0.52      0.59    129342
weighted avg       0.81      0.80      0.78    129342
 samples avg       0.80      0.80      0.80    129342


[[ 5618     5     2     5     0    77     9   366     1  2180]
 [   14  1022     1   115     0    14   128   590     0  2084]
 [   29     1   225     5     0    16    22   136     0   616]
 [   23    21     0 13092     1    10    34   598     0   762]
 [   18     8     0    18   219     5    22   133     0  1340]
 [  163     1     0    40     1  2186    14   573     4  1410]
 [    8    23     1   132     1     4  8428   272     0  2220]
 [  208    27     3   276     0   120   138 15319     6  6191]
 [   53     4     0    52     0    39    12   374   282  1155]
 [  415    32     0   203     2   174   530  1877     4 56780]]

Results of Validation Set

--------------------
Accuracy: 0.6168066057429141, F1 Score: 0.35348812462790163, Precision: 0.5834095018106324, Recall: 0.3226386638098796

              precision    recall  f1-score   support

           0       0.51      0.31      0.38      2797
           1       0.46      0.07      0.12      1370
           2       0.71      0.06      0.12       371
           3       0.84      0.78      0.81      4733
           4       0.57      0.01      0.01       600
           5       0.51      0.25      0.33      1417
           6       0.65      0.49      0.56      3795
           7       0.49      0.41      0.45      7454
           8       0.47      0.03      0.05       665
           9       0.62      0.84      0.71     19912

   micro avg       0.62      0.62      0.62     43114
   macro avg       0.58      0.32      0.35     43114
weighted avg       0.61      0.62      0.58     43114
 samples avg       0.62      0.62      0.62     43114


[[  854     1     1    13     0    47    12   251     0  1618]
 [    5    91     0    81     0     7    70   267     2   847]
 [   16     1    24     2     0     1    10    47     0   270]
 [   13    12     0  3678     0     8    33   389     2   598]
 [   10     0     0     6     4     3     9    52     0   516]
 [   90     1     1    14     0   349    12   269     1   680]
 [   13    14     3    77     0     2  1841   132     0  1713]
 [  169    29     2   247     2    96   104  3075     8  3722]
 [   17     2     0    27     0    19     6   167    17   410]
 [  485    48     3   213     1   149   718  1629     6 16660]]

Results of Test Set

--------------------
Accuracy: 0.6150438372686367, F1 Score: 0.348698407877842, Precision: 0.5551118267404919, Recall: 0.31978874291965254

              precision    recall  f1-score   support

           0       0.48      0.30      0.37      2795
           1       0.38      0.04      0.07      1321
           2       0.59      0.06      0.12       355
           3       0.84      0.79      0.81      4700
           4       0.40      0.00      0.01       585
           5       0.53      0.23      0.32      1504
           6       0.64      0.48      0.55      3669
           7       0.49      0.41      0.45      7506
           8       0.59      0.04      0.08       666
           9       0.62      0.83      0.71     20013

   micro avg       0.62      0.62      0.62     43114
   macro avg       0.56      0.32      0.35     43114
weighted avg       0.60      0.62      0.58     43114
 samples avg       0.62      0.62      0.62     43114


[[  845     4     1     6     1    55    13   246     1  1623]
 [   13    55     0    68     0     1    61   260     0   863]
 [   23     2    23     2     0     4    12    55     0   234]
 [   12     9     1  3706     0     1    32   383     1   555]
 [    7     1     1     6     2     2    13    54     0   499]
 [  101     5     0    19     0   345    10   248     3   773]
 [    5    12     1    76     0     5  1775   154     0  1641]
 [  168    18     3   277     0    90    98  3089     9  3754]
 [   13     2     0    21     0    13     8   174    27   408]
 [  559    38     9   216     2   141   757  1636     5 16650]]

