Title: Fully Connected - Words: 1000, Batch: 32, Epochs: 9, Outputs: 10

Results of Training Set

--------------------
Accuracy: 0.5944859365094092, F1 Score: 0.2283670996487738, Precision: 0.3713607936839335, Recall: 0.22446422639582703

              precision    recall  f1-score   support

           0       0.90      0.00      0.00      8263
           1       0.00      0.00      0.00      3968
           2       0.00      0.00      0.00      1050
           3       0.87      0.75      0.80     14541
           4       0.00      0.00      0.00      1763
           5       0.00      0.00      0.00      4392
           6       0.81      0.32      0.46     11089
           7       0.57      0.22      0.31     22288
           8       0.00      0.00      0.00      1971
           9       0.55      0.96      0.70     60017

   micro avg       0.59      0.59      0.59    129342
   macro avg       0.37      0.22      0.23    129342
weighted avg       0.58      0.59      0.51    129342
 samples avg       0.59      0.59      0.59    129342


[[   18     0     0     4     0     0     2   104     0  8135]
 [    0     0     0   164     0     0    44   378     0  3382]
 [    0     0     0     7     0     0    11    34     0   998]
 [    0     0     0 10857     0     0    27  1076     0  2581]
 [    0     0     0     9     0     0     5    33     0  1716]
 [    0     0     0    41     0     0     3   257     0  4091]
 [    0     0     0   211     0     0  3534   129     0  7215]
 [    1     0     0   673     0     0    67  4823     0 16724]
 [    0     0     0    57     0     0     6   282     0  1626]
 [    1     0     0   429     0     0   644  1283     0 57660]]

Results of Validation Set

--------------------
Accuracy: 0.5846128867653199, F1 Score: 0.22282914124400605, Precision: 0.3574469643515486, Recall: 0.2201994206738765

              precision    recall  f1-score   support

           0       0.83      0.00      0.00      2797
           1       0.00      0.00      0.00      1370
           2       0.00      0.00      0.00       371
           3       0.86      0.73      0.79      4733
           4       0.00      0.00      0.00       600
           5       0.00      0.00      0.00      1417
           6       0.78      0.30      0.44      3795
           7       0.55      0.21      0.30      7454
           8       0.00      0.00      0.00       665
           9       0.55      0.96      0.70     19912

   micro avg       0.58      0.58      0.58     43114
   macro avg       0.36      0.22      0.22     43114
weighted avg       0.57      0.58      0.50     43114
 samples avg       0.58      0.58      0.58     43114


[[    5     0     0     4     0     0     0    37     0  2751]
 [    0     0     0    70     0     0    21   135     0  1144]
 [    0     0     0     0     0     0     3     6     0   362]
 [    0     0     0  3477     0     0    13   356     0   887]
 [    0     0     0     2     0     0     0    15     0   583]
 [    0     0     0    11     0     0     2    94     0  1310]
 [    0     0     0    80     0     0  1152    37     0  2526]
 [    0     0     0   232     0     0    20  1536     0  5666]
 [    0     0     0    19     0     0     2   100     0   544]
 [    1     0     0   163     0     0   258   455     0 19035]]

Results of Test Set

--------------------
Accuracy: 0.5849839959177994, F1 Score: 0.22207680704879446, Precision: 0.34384205155764824, Recall: 0.21946199950552714

              precision    recall  f1-score   support

           0       0.70      0.00      0.00      2795
           1       0.00      0.00      0.00      1321
           2       0.00      0.00      0.00       355
           3       0.86      0.74      0.79      4700
           4       0.00      0.00      0.00       585
           5       0.00      0.00      0.00      1504
           6       0.78      0.30      0.43      3669
           7       0.55      0.20      0.29      7506
           8       0.00      0.00      0.00       666
           9       0.55      0.96      0.70     20013

   micro avg       0.58      0.58      0.58     43114
   macro avg       0.34      0.22      0.22     43114
weighted avg       0.56      0.58      0.50     43114
 samples avg       0.58      0.58      0.58     43114


[[    7     0     0     2     0     0     2    44     0  2740]
 [    0     0     0    49     0     0    12   126     0  1134]
 [    0     0     0     3     0     0     4     8     0   340]
 [    0     0     0  3461     0     0    14   350     0   875]
 [    0     0     0     3     0     0     4    16     0   562]
 [    1     0     0    13     0     0     3    78     0  1409]
 [    0     0     0    67     0     0  1098    39     0  2465]
 [    1     0     0   251     0     0    22  1494     0  5738]
 [    0     0     0    19     0     0     3    98     0   546]
 [    1     0     0   148     0     0   253   450     0 19161]]

