Title: Fully Connected - Words: 1000, Batch: 32, Epochs: 1, Outputs: 256

Results of Training Set

--------------------
Accuracy: 0.6094308113373846, F1 Score: 0.27099920246372755, Precision: 0.6095281615418642, Recall: 0.2554109238311693

              precision    recall  f1-score   support

           0       0.65      0.09      0.16      8263
           1       1.00      0.00      0.00      3968
           2       1.00      0.01      0.02      1050
           3       0.86      0.77      0.81     14541
           4       0.00      0.00      0.00      1763
           5       0.68      0.07      0.13      4392
           6       0.74      0.45      0.56     11089
           7       0.60      0.22      0.32     22288
           8       0.00      0.00      0.00      1971
           9       0.57      0.94      0.71     60017

   micro avg       0.61      0.61      0.61    129342
   macro avg       0.61      0.26      0.27    129342
weighted avg       0.63      0.61      0.54    129342
 samples avg       0.61      0.61      0.61    129342


[[  746     0     0     8     0    28    14   132     0  7335]
 [    4     1     0   191     0     2    95   325     0  3350]
 [   10     0    11     6     0     4    19    46     0   954]
 [    8     0     0 11149     0     3    93   852     0  2436]
 [    0     0     0    18     0     0    10    28     0  1707]
 [   62     0     0    57     0   306    18   270     0  3679]
 [    3     0     0   209     0     0  4992   119     0  5766]
 [   67     0     0   790     0    44   154  4957     0 16276]
 [    7     0     0    63     0     6    28   272     0  1595]
 [  238     0     0   463     0    59  1354  1240     0 56663]]

Results of Validation Set

--------------------
Accuracy: 0.5960708818481236, F1 Score: 0.25762761517850263, Precision: 0.47768155211587676, Recall: 0.24545960067764755

              precision    recall  f1-score   support

           0       0.62      0.08      0.15      2797
           1       0.00      0.00      0.00      1370
           2       1.00      0.01      0.01       371
           3       0.84      0.75      0.79      4733
           4       0.00      0.00      0.00       600
           5       0.46      0.05      0.09      1417
           6       0.71      0.42      0.53      3795
           7       0.58      0.21      0.31      7454
           8       0.00      0.00      0.00       665
           9       0.56      0.94      0.70     19912

   micro avg       0.60      0.60      0.60     43114
   macro avg       0.48      0.25      0.26     43114
weighted avg       0.58      0.60      0.52     43114
 samples avg       0.60      0.60      0.60     43114


[[  232     0     0     4     0    18     4    41     0  2498]
 [    1     0     0    83     0     2    38   124     0  1122]
 [    3     0     2     2     0     1     8     8     0   347]
 [    3     0     0  3537     0     0    40   273     0   880]
 [    1     0     0     3     0     0     4    18     0   574]
 [   19     0     0    14     0    68     9   115     0  1192]
 [    1     0     0    80     0     0  1593    40     0  2081]
 [   30     0     0   271     0    24    42  1589     0  5498]
 [    3     0     0    20     0     5     6    94     0   537]
 [   79     0     0   179     0    29   500   447     0 18678]]

Results of Test Set

--------------------
Accuracy: 0.5939601985433965, F1 Score: 0.2550382259643836, Precision: 0.4742376434906409, Recall: 0.2436728177661358

              precision    recall  f1-score   support

           0       0.58      0.08      0.14      2795
           1       0.00      0.00      0.00      1321
           2       1.00      0.01      0.01       355
           3       0.84      0.75      0.79      4700
           4       0.00      0.00      0.00       585
           5       0.51      0.05      0.10      1504
           6       0.70      0.41      0.52      3669
           7       0.56      0.20      0.29      7506
           8       0.00      0.00      0.00       666
           9       0.56      0.94      0.70     20013

   micro avg       0.59      0.59      0.59     43114
   macro avg       0.47      0.24      0.26     43114
weighted avg       0.57      0.59      0.52     43114
 samples avg       0.59      0.59      0.59     43114


[[  215     0     0     3     0    10     6    49     0  2512]
 [    2     0     0    61     0     1    35   120     0  1102]
 [    5     0     2     5     0     2     8    12     0   321]
 [    3     0     0  3531     0     0    36   286     0   844]
 [    0     0     0     6     0     0     7    13     0   559]
 [   36     0     0    18     0    79    13    96     0  1262]
 [    0     0     0    69     0     0  1518    39     0  2043]
 [   31     0     0   306     0    24    48  1491     0  5606]
 [    3     0     0    18     0     2     6   105     0   532]
 [   78     0     0   168     0    38   498   459     0 18772]]

