Title: Fully Connected - Words: 1000, Batch: 64, Epochs: 9, Outputs: 10

Results of Training Set

--------------------
Accuracy: 0.5899707751542422, F1 Score: 0.22393161921558638, Precision: 0.3308046530739743, Recall: 0.22111643148480944

              precision    recall  f1-score   support

           0       0.54      0.01      0.01      8263
           1       0.00      0.00      0.00      3968
           2       0.00      0.00      0.00      1050
           3       0.87      0.75      0.80     14541
           4       0.00      0.00      0.00      1763
           5       0.00      0.00      0.00      4392
           6       0.79      0.30      0.43     11089
           7       0.56      0.20      0.29     22288
           8       0.00      0.00      0.00      1971
           9       0.55      0.96      0.70     60017

   micro avg       0.59      0.59      0.59    129342
   macro avg       0.33      0.22      0.22    129342
weighted avg       0.55      0.59      0.50    129342
 samples avg       0.59      0.59      0.59    129342


[[   51     0     0     3     0     0     1    71     0  8137]
 [    0     0     0   169     0     0    39   340     0  3420]
 [    1     0     0     5     0     0    13    32     0   999]
 [    5     0     0 10915     0     0    48  1205     0  2368]
 [    0     0     0    11     0     0     6    35     0  1711]
 [    0     0     0    41     0     0     4   194     0  4153]
 [    1     0     0   222     0     0  3288   123     0  7455]
 [    4     0     0   732     0     0    63  4393     0 17096]
 [    1     0     0    54     0     0     8   264     0  1644]
 [   31     0     0   450     0     0   709  1166     0 57661]]

Results of Validation Set

--------------------
Accuracy: 0.5820151226979635, F1 Score: 0.22054478606389213, Precision: 0.34691276657296594, Recall: 0.21843190695677245

              precision    recall  f1-score   support

           0       0.76      0.01      0.02      2797
           1       0.00      0.00      0.00      1370
           2       0.00      0.00      0.00       371
           3       0.85      0.74      0.79      4733
           4       0.00      0.00      0.00       600
           5       0.00      0.00      0.00      1417
           6       0.77      0.29      0.42      3795
           7       0.54      0.19      0.28      7454
           8       0.00      0.00      0.00       665
           9       0.55      0.96      0.69     19912

   micro avg       0.58      0.58      0.58     43114
   macro avg       0.35      0.22      0.22     43114
weighted avg       0.56      0.58      0.49     43114
 samples avg       0.58      0.58      0.58     43114


[[   22     0     0     4     0     0     0    27     0  2744]
 [    0     0     0    76     0     0    16   122     0  1156]
 [    0     0     0     0     0     0     3     6     0   362]
 [    1     0     0  3494     0     0    20   409     0   809]
 [    0     0     0     2     0     0     1    14     0   583]
 [    0     0     0    12     0     0     2    75     0  1328]
 [    0     0     0    80     0     0  1105    36     0  2574]
 [    1     0     0   242     0     0    16  1417     0  5778]
 [    0     0     0    18     0     0     2    94     0   551]
 [    5     0     0   175     0     0   270   407     0 19055]]

Results of Test Set

--------------------
Accuracy: 0.5826413693927727, F1 Score: 0.21960674968251595, Precision: 0.338276225868767, Recall: 0.217712556272147

              precision    recall  f1-score   support

           0       0.68      0.01      0.01      2795
           1       0.00      0.00      0.00      1321
           2       0.00      0.00      0.00       355
           3       0.86      0.74      0.80      4700
           4       0.00      0.00      0.00       585
           5       0.00      0.00      0.00      1504
           6       0.76      0.28      0.41      3669
           7       0.54      0.19      0.28      7506
           8       0.00      0.00      0.00       666
           9       0.55      0.96      0.70     20013

   micro avg       0.58      0.58      0.58     43114
   macro avg       0.34      0.22      0.22     43114
weighted avg       0.55      0.58      0.49     43114
 samples avg       0.58      0.58      0.58     43114


[[   21     0     0     1     0     0     1    39     0  2733]
 [    0     0     0    49     0     0    16   121     0  1135]
 [    0     0     0     4     0     0     4     7     0   340]
 [    0     0     0  3488     0     0    17   406     0   789]
 [    0     0     0     3     0     0     5    14     0   563]
 [    0     0     0    13     0     0     5    63     0  1423]
 [    0     0     0    72     0     0  1040    36     0  2521]
 [    1     0     0   262     0     0    20  1395     0  5828]
 [    0     0     0    18     0     0     4    86     0   558]
 [    9     0     0   163     0     0   255   410     0 19176]]

