Title: Fully Connected - Words: 1000, Batch: 128, Epochs: 9, Outputs: 10

Results of Training Set

--------------------
Accuracy: 0.5897156376119126, F1 Score: 0.22300805356001518, Precision: 0.3454280193331483, Recall: 0.2192606541558834

              precision    recall  f1-score   support

           0       0.64      0.00      0.01      8263
           1       0.00      0.00      0.00      3968
           2       0.00      0.00      0.00      1050
           3       0.88      0.73      0.80     14541
           4       0.00      0.00      0.00      1763
           5       0.00      0.00      0.00      4392
           6       0.81      0.29      0.43     11089
           7       0.58      0.20      0.29     22288
           8       0.00      0.00      0.00      1971
           9       0.55      0.97      0.70     60017

   micro avg       0.59      0.59      0.59    129342
   macro avg       0.35      0.22      0.22    129342
weighted avg       0.56      0.59      0.50    129342
 samples avg       0.59      0.59      0.59    129342


[[   30     0     0     3     0     0     1    75     0  8154]
 [    0     0     0   154     0     0    39   315     0  3460]
 [    0     0     0     4     0     0    11    28     0  1007]
 [    7     0     0 10682     0     0    35  1118     0  2699]
 [    0     0     0     7     0     0     4    30     0  1722]
 [    0     0     0    43     0     0     4   189     0  4156]
 [    0     0     0   211     0     0  3243    98     0  7537]
 [    3     0     0   619     0     0    51  4380     0 17235]
 [    0     0     0    49     0     0     6   236     0  1680]
 [    7     0     0   393     0     0   626  1051     0 57940]]

Results of Validation Set

--------------------
Accuracy: 0.580994572528645, F1 Score: 0.2182550022344854, Precision: 0.3511055566084834, Recall: 0.21576816274375527

              precision    recall  f1-score   support

           0       0.77      0.00      0.01      2797
           1       0.00      0.00      0.00      1370
           2       0.00      0.00      0.00       371
           3       0.86      0.72      0.79      4733
           4       0.00      0.00      0.00       600
           5       0.00      0.00      0.00      1417
           6       0.78      0.28      0.41      3795
           7       0.56      0.19      0.28      7454
           8       0.00      0.00      0.00       665
           9       0.54      0.96      0.69     19912

   micro avg       0.58      0.58      0.58     43114
   macro avg       0.35      0.22      0.22     43114
weighted avg       0.56      0.58      0.49     43114
 samples avg       0.58      0.58      0.58     43114


[[   10     0     0     3     0     0     0    29     0  2755]
 [    0     0     0    63     0     0    20   117     0  1170]
 [    0     0     0     0     0     0     2     4     0   365]
 [    1     0     0  3422     0     0    16   377     0   917]
 [    0     0     0     2     0     0     1    13     0   584]
 [    0     0     0    13     0     0     0    84     0  1320]
 [    0     0     0    75     0     0  1070    32     0  2618]
 [    1     0     0   215     0     0    21  1397     0  5820]
 [    0     0     0    17     0     0     1    88     0   559]
 [    1     0     0   156     0     0   246   359     0 19150]]

Results of Test Set

--------------------
Accuracy: 0.5807626293083453, F1 Score: 0.21697435926099895, Precision: 0.3439347624084476, Recall: 0.2146601182466697

              precision    recall  f1-score   support

           0       0.70      0.00      0.00      2795
           1       0.00      0.00      0.00      1321
           2       0.00      0.00      0.00       355
           3       0.86      0.72      0.79      4700
           4       0.00      0.00      0.00       585
           5       0.00      0.00      0.00      1504
           6       0.78      0.28      0.41      3669
           7       0.56      0.18      0.27      7506
           8       0.00      0.00      0.00       666
           9       0.54      0.96      0.69     20013

   micro avg       0.58      0.58      0.58     43114
   macro avg       0.34      0.21      0.22     43114
weighted avg       0.55      0.58      0.49     43114
 samples avg       0.58      0.58      0.58     43114


[[    7     0     0     1     0     0     0    36     0  2751]
 [    0     0     0    48     0     0    15   104     0  1154]
 [    0     0     0     3     0     0     4     7     0   341]
 [    0     0     0  3394     0     0    12   370     0   924]
 [    0     0     0     4     0     0     4    15     0   562]
 [    0     0     0    13     0     0     3    65     0  1423]
 [    0     0     0    66     0     0  1023    33     0  2547]
 [    0     0     0   236     0     0    24  1358     0  5888]
 [    0     0     0    15     0     0     3    79     0   569]
 [    3     0     0   148     0     0   232   373     0 19257]]

