Title: Fully Connected - Words: 1000, Batch: 32, Epochs: 9, Outputs: 16

Results of Training Set

--------------------
Accuracy: 0.6054955080329668, F1 Score: 0.25564023854737644, Precision: 0.40638258388897064, Recall: 0.24416032451513373

              precision    recall  f1-score   support

           0       0.59      0.04      0.07      8263
           1       0.00      0.00      0.00      3968
           2       0.00      0.00      0.00      1050
           3       0.86      0.77      0.81     14541
           4       0.00      0.00      0.00      1763
           5       0.70      0.06      0.11      4392
           6       0.79      0.38      0.51     11089
           7       0.56      0.25      0.34     22288
           8       0.00      0.00      0.00      1971
           9       0.57      0.95      0.71     60017

   micro avg       0.61      0.61      0.61    129342
   macro avg       0.41      0.24      0.26    129342
weighted avg       0.59      0.61      0.53    129342
 samples avg       0.61      0.61      0.61    129342


[[  295     0     0     4     0    36     4   135     0  7789]
 [    4     0     0   184     0     1    66   441     0  3272]
 [    8     0     0     6     0     5    15    52     0   964]
 [    7     0     0 11216     0     2    32  1112     0  2172]
 [    0     0     0    12     0     0     6    47     0  1698]
 [   48     0     0    52     0   257     7   369     0  3659]
 [    2     0     0   229     0     0  4233   156     0  6469]
 [   30     0     0   749     0    24   118  5532     0 15835]
 [    2     0     0    61     0     2     6   331     0  1569]
 [  108     0     0   502     0    39   888  1697     0 56783]]

Results of Validation Set

--------------------
Accuracy: 0.5932643688824976, F1 Score: 0.24607481257893057, Precision: 0.3829440933757413, Recall: 0.23704324011162542

              precision    recall  f1-score   support

           0       0.60      0.04      0.07      2797
           1       0.00      0.00      0.00      1370
           2       0.00      0.00      0.00       371
           3       0.84      0.75      0.79      4733
           4       0.00      0.00      0.00       600
           5       0.53      0.04      0.07      1417
           6       0.76      0.37      0.49      3795
           7       0.54      0.24      0.33      7454
           8       0.00      0.00      0.00       665
           9       0.56      0.94      0.70     19912

   micro avg       0.59      0.59      0.59     43114
   macro avg       0.38      0.24      0.25     43114
weighted avg       0.57      0.59      0.52     43114
 samples avg       0.59      0.59      0.59     43114


[[  104     0     0     4     0    10     3    49     0  2627]
 [    1     0     0    87     0     2    24   151     0  1105]
 [    1     0     0     1     0     0     4     9     0   356]
 [    1     0     0  3562     0     0    17   393     0   760]
 [    0     0     0     2     0     0     0    24     0   574]
 [   20     0     0    15     0    56     3   125     0  1198]
 [    0     0     0    84     0     0  1388    42     0  2281]
 [   12     0     0   265     0    18    30  1757     0  5372]
 [    1     0     0    19     0     3     2   114     0   526]
 [   33     0     0   194     0    17   347   610     0 18711]]

Results of Test Set

--------------------
Accuracy: 0.5942385304077562, F1 Score: 0.24590206482416752, Precision: 0.3847858999680236, Recall: 0.2367630158944063

              precision    recall  f1-score   support

           0       0.56      0.03      0.06      2795
           1       0.00      0.00      0.00      1321
           2       0.00      0.00      0.00       355
           3       0.85      0.76      0.80      4700
           4       0.00      0.00      0.00       585
           5       0.59      0.05      0.08      1504
           6       0.76      0.36      0.49      3669
           7       0.53      0.23      0.32      7506
           8       0.00      0.00      0.00       666
           9       0.56      0.94      0.70     20013

   micro avg       0.59      0.59      0.59     43114
   macro avg       0.38      0.24      0.25     43114
weighted avg       0.57      0.59      0.52     43114
 samples avg       0.59      0.59      0.59     43114


[[   92     0     0     4     0    11     0    50     0  2638]
 [    0     0     0    49     0     0    20   161     0  1091]
 [    2     0     0     3     0     0     6    13     0   331]
 [    1     0     0  3554     0     1    13   402     0   729]
 [    0     0     0     4     0     0     5    14     0   562]
 [   19     0     0    13     0    68     8   116     0  1280]
 [    0     0     0    66     0     0  1324    53     0  2226]
 [   15     0     0   296     0    16    32  1730     0  5417]
 [    0     0     0    16     0     1     2   119     0   528]
 [   36     0     0   183     0    18   340   584     0 18852]]

