Title: Fully Connected - Words: 1000, Batch: 64, Epochs: 9, Outputs: 16

Results of Training Set

--------------------
Accuracy: 0.6032765845587666, F1 Score: 0.24067889672789153, Precision: 0.44197900856635897, Recall: 0.23640057647789842

              precision    recall  f1-score   support

           0       0.57      0.00      0.01      8263
           1       0.50      0.00      0.00      3968
           2       0.00      0.00      0.00      1050
           3       0.86      0.77      0.81     14541
           4       0.00      0.00      0.00      1763
           5       0.58      0.01      0.02      4392
           6       0.78      0.38      0.51     11089
           7       0.57      0.25      0.35     22288
           8       0.00      0.00      0.00      1971
           9       0.56      0.95      0.71     60017

   micro avg       0.60      0.60      0.60    129342
   macro avg       0.44      0.24      0.24    129342
weighted avg       0.59      0.60      0.52    129342
 samples avg       0.60      0.60      0.60    129342


[[   29     0     0     5     0    11     2   160     0  8056]
 [    1     2     0   183     0     1    63   479     0  3239]
 [    3     2     0     8     0     2    19    90     0   926]
 [    0     0     0 11191     0     1    43   952     0  2354]
 [    0     0     0    14     0     0     4    46     0  1699]
 [    9     0     0    50     0    43     7   416     0  3867]
 [    0     0     0   218     0     0  4197   165     0  6509]
 [    2     0     0   845     0    10   101  5659     0 15671]
 [    0     0     0    63     0     0    11   309     0  1588]
 [    7     0     0   469     0     6   932  1695     0 56908]]

Results of Validation Set

--------------------
Accuracy: 0.5911536855777706, F1 Score: 0.23378027858236344, Precision: 0.3822476040391634, Recall: 0.23083764277291086

              precision    recall  f1-score   support

           0       0.71      0.00      0.01      2797
           1       0.00      0.00      0.00      1370
           2       0.00      0.00      0.00       371
           3       0.84      0.75      0.79      4733
           4       0.00      0.00      0.00       600
           5       0.42      0.01      0.01      1417
           6       0.76      0.36      0.49      3795
           7       0.54      0.24      0.33      7454
           8       0.00      0.00      0.00       665
           9       0.56      0.94      0.70     19912

   micro avg       0.59      0.59      0.59     43114
   macro avg       0.38      0.23      0.23     43114
weighted avg       0.57      0.59      0.51     43114
 samples avg       0.59      0.59      0.59     43114


[[   10     0     0     4     0     4     2    52     0  2725]
 [    0     0     0    82     0     0    25   172     0  1091]
 [    0     1     0     1     0     1     5    20     0   343]
 [    0     0     0  3564     0     0    22   334     0   813]
 [    0     0     0     4     0     0     0    27     0   569]
 [    1     0     0    13     0    10     2   133     0  1258]
 [    0     0     0    74     0     0  1380    50     0  2291]
 [    0     0     0   302     0     5    29  1792     0  5326]
 [    0     0     0    20     0     1     1   106     0   537]
 [    3     0     0   178     0     3   359   638     0 18731]]

Results of Test Set

--------------------
Accuracy: 0.5915711833743099, F1 Score: 0.23302405943769983, Precision: 0.364033362593272, Recall: 0.23012632575568803

              precision    recall  f1-score   support

           0       0.45      0.00      0.01      2795
           1       0.00      0.00      0.00      1321
           2       0.00      0.00      0.00       355
           3       0.85      0.75      0.80      4700
           4       0.00      0.00      0.00       585
           5       0.50      0.01      0.01      1504
           6       0.75      0.36      0.49      3669
           7       0.54      0.24      0.33      7506
           8       0.00      0.00      0.00       666
           9       0.56      0.94      0.70     20013

   micro avg       0.59      0.59      0.59     43114
   macro avg       0.36      0.23      0.23     43114
weighted avg       0.56      0.59      0.51     43114
 samples avg       0.59      0.59      0.59     43114


[[    9     0     0     5     0     2     2    43     0  2734]
 [    0     0     0    58     0     0    20   146     0  1097]
 [    0     0     0     4     0     0     7    28     0   316]
 [    0     0     0  3542     0     0    17   341     0   800]
 [    0     0     0     4     0     0     6    16     0   559]
 [    3     0     0    16     0     9     8   130     0  1338]
 [    0     0     0    69     0     0  1321    51     0  2228]
 [    4     0     0   304     0     2    29  1776     0  5391]
 [    0     0     0    17     0     0     5   115     0   529]
 [    4     0     0   169     0     5   357   630     0 18848]]

