Title: Fully Connected - Words: 1000, Batch: 128, Epochs: 9, Outputs: 16

Results of Training Set

--------------------
Accuracy: 0.6010653925252432, F1 Score: 0.2362843386395772, Precision: 0.3423285307404873, Recall: 0.23249302727519824

              precision    recall  f1-score   support

           0       0.63      0.00      0.01      8263
           1       0.00      0.00      0.00      3968
           2       0.00      0.00      0.00      1050
           3       0.86      0.77      0.81     14541
           4       0.00      0.00      0.00      1763
           5       0.00      0.00      0.00      4392
           6       0.81      0.35      0.48     11089
           7       0.56      0.26      0.35     22288
           8       0.00      0.00      0.00      1971
           9       0.56      0.95      0.71     60017

   micro avg       0.60      0.60      0.60    129342
   macro avg       0.34      0.23      0.24    129342
weighted avg       0.56      0.60      0.52    129342
 samples avg       0.60      0.60      0.60    129342


[[   34     0     0     6     0     0     1   165     0  8057]
 [    0     0     0   180     0     0    52   460     0  3276]
 [    2     0     0     6     0     0    10    42     0   990]
 [    1     0     0 11171     0     0    30  1036     0  2303]
 [    0     0     0    12     0     0     5    45     0  1701]
 [    6     0     0    49     0     0     3   350     0  3984]
 [    0     0     0   223     0     0  3830   173     0  6863]
 [    4     0     0   833     0     0    79  5756     0 15616]
 [    0     0     0    60     0     0     6   325     0  1580]
 [    7     0     0   506     0     0   708  1844     0 56952]]

Results of Validation Set

--------------------
Accuracy: 0.5909449366795009, F1 Score: 0.23091264384108162, Precision: 0.3282457981922503, Recall: 0.2281307416347141

              precision    recall  f1-score   support

           0       0.56      0.00      0.01      2797
           1       0.00      0.00      0.00      1370
           2       0.00      0.00      0.00       371
           3       0.84      0.75      0.79      4733
           4       0.00      0.00      0.00       600
           5       0.00      0.00      0.00      1417
           6       0.78      0.33      0.47      3795
           7       0.54      0.25      0.34      7454
           8       0.00      0.00      0.00       665
           9       0.56      0.94      0.70     19912

   micro avg       0.59      0.59      0.59     43114
   macro avg       0.33      0.23      0.23     43114
weighted avg       0.55      0.59      0.51     43114
 samples avg       0.59      0.59      0.59     43114


[[    9     0     0     4     0     0     1    56     0  2727]
 [    0     0     0    78     0     0    20   175     0  1097]
 [    0     0     0     0     0     0     5    12     0   354]
 [    1     0     0  3558     0     0    20   373     0   781]
 [    0     0     0     4     0     0     0    25     0   571]
 [    1     0     0    13     0     0     1   120     0  1282]
 [    0     0     0    82     0     0  1262    42     0  2409]
 [    2     0     0   281     0     0    24  1868     0  5279]
 [    0     0     0    20     0     0     2   118     0   525]
 [    3     0     0   184     0     0   281   663     0 18781]]

Results of Test Set

--------------------
Accuracy: 0.5899707751542422, F1 Score: 0.22939850777244927, Precision: 0.33444739630522863, Recall: 0.2268469599746797

              precision    recall  f1-score   support

           0       0.65      0.00      0.01      2795
           1       0.00      0.00      0.00      1321
           2       0.00      0.00      0.00       355
           3       0.84      0.75      0.79      4700
           4       0.00      0.00      0.00       585
           5       0.00      0.00      0.00      1504
           6       0.76      0.33      0.46      3669
           7       0.53      0.24      0.33      7506
           8       0.00      0.00      0.00       666
           9       0.56      0.94      0.70     20013

   micro avg       0.59      0.59      0.59     43114
   macro avg       0.33      0.23      0.23     43114
weighted avg       0.55      0.59      0.51     43114
 samples avg       0.59      0.59      0.59     43114


[[   11     0     0     3     0     1     2    52     0  2726]
 [    0     0     0    51     0     0    15   163     0  1092]
 [    0     0     0     4     0     0     4    14     0   333]
 [    0     0     0  3533     0     0    17   383     0   767]
 [    0     0     0     5     0     0     3    17     0   560]
 [    0     0     0    15     0     0     7   119     0  1363]
 [    0     0     0    69     0     0  1204    55     0  2341]
 [    1     0     0   316     0     0    23  1813     0  5353]
 [    0     0     0    17     0     0     2   122     0   525]
 [    5     0     0   180     0     1   299   653     0 18875]]

