Title: Fully Connected - Words: 1000, Batch: 32, Epochs: 9, Outputs: 32

Results of Training Set

--------------------
Accuracy: 0.623053609809652, F1 Score: 0.29748061622930083, Precision: 0.7110594617678299, Recall: 0.27392925112149913

              precision    recall  f1-score   support

           0       0.64      0.15      0.24      8263
           1       1.00      0.00      0.00      3968
           2       1.00      0.01      0.02      1050
           3       0.87      0.78      0.82     14541
           4       0.00      0.00      0.00      1763
           5       0.67      0.14      0.23      4392
           6       0.78      0.44      0.56     11089
           7       0.57      0.29      0.39     22288
           8       1.00      0.00      0.00      1971
           9       0.58      0.93      0.72     60017

   micro avg       0.62      0.62      0.62    129342
   macro avg       0.71      0.27      0.30    129342
weighted avg       0.65      0.62      0.56    129342
 samples avg       0.62      0.62      0.62    129342


[[ 1206     0     0     6     0    62     9   274     0  6706]
 [    9     1     0   187     0     5   104   481     0  3181]
 [   21     0     9     8     0    16    29    59     0   908]
 [   12     0     0 11374     0     2    38  1007     0  2108]
 [    2     0     0    15     0     2     8    48     0  1688]
 [  103     0     0    50     0   614    15   461     0  3149]
 [    4     0     0   206     0     2  4833   167     0  5877]
 [  106     0     0   754     0   106   148  6523     0 14651]
 [   15     0     0    64     0     5     8   350     1  1528]
 [  408     0     0   483     0   106  1008  1986     0 56026]]

Results of Validation Set

--------------------
Accuracy: 0.6019854339657652, F1 Score: 0.2768400015243359, Precision: 0.4741822591493091, Recall: 0.258656496182086

              precision    recall  f1-score   support

           0       0.58      0.13      0.21      2797
           1       0.00      0.00      0.00      1370
           2       1.00      0.01      0.01       371
           3       0.84      0.76      0.80      4733
           4       0.00      0.00      0.00       600
           5       0.48      0.10      0.17      1417
           6       0.73      0.40      0.52      3795
           7       0.53      0.27      0.36      7454
           8       0.00      0.00      0.00       665
           9       0.57      0.92      0.70     19912

   micro avg       0.60      0.60      0.60     43114
   macro avg       0.47      0.26      0.28     43114
weighted avg       0.57      0.60      0.54     43114
 samples avg       0.60      0.60      0.60     43114


[[  362     0     0     5     0    36     4   101     0  2289]
 [    1     0     0    79     0     2    33   178     0  1077]
 [    6     0     2     3     0     1     9    12     0   338]
 [    3     0     0  3585     0     0    28   375     0   742]
 [    0     0     0     4     0     0     3    30     0   563]
 [   32     0     0    15     0   141     7   156     0  1066]
 [    5     0     0    74     0     2  1533    50     0  2131]
 [   53     0     0   283     0    39    48  2023     0  5008]
 [    3     0     0    19     0     7     4   120     0   512]
 [  156     0     0   212     0    63   427   746     0 18308]]

Results of Test Set

--------------------
Accuracy: 0.6004778030338174, F1 Score: 0.27165206902007943, Precision: 0.3681793786251067, Recall: 0.2549993217211571

              precision    recall  f1-score   support

           0       0.53      0.12      0.20      2795
           1       0.00      0.00      0.00      1321
           2       0.00      0.00      0.00       355
           3       0.84      0.76      0.80      4700
           4       0.00      0.00      0.00       585
           5       0.48      0.09      0.15      1504
           6       0.72      0.40      0.51      3669
           7       0.53      0.26      0.35      7506
           8       0.00      0.00      0.00       666
           9       0.57      0.92      0.70     20013

   micro avg       0.60      0.60      0.60     43114
   macro avg       0.37      0.25      0.27     43114
weighted avg       0.56      0.60      0.54     43114
 samples avg       0.60      0.60      0.60     43114


[[  341     0     0     4     0    38     7    84     0  2321]
 [    1     0     0    57     0     3    32   163     0  1065]
 [   11     0     0     3     0     3     9    19     0   310]
 [    5     0     0  3571     0     1    18   368     0   737]
 [    0     0     0     5     0     0     7    19     0   554]
 [   47     0     0    14     0   135     9   139     0  1160]
 [    0     0     0    67     0     0  1455    66     0  2081]
 [   53     0     0   309     0    46    39  1960     0  5099]
 [    2     0     0    18     0     4     2   125     0   515]
 [  182     0     0   189     0    51   436   728     0 18427]]

