Title: Fully Connected - Words: 1000, Batch: 64, Epochs: 9, Outputs: 32

Results of Training Set

--------------------
Accuracy: 0.6173632694716333, F1 Score: 0.28331486870469796, Precision: 0.6115097237894355, Recall: 0.2630210869373862

              precision    recall  f1-score   support

           0       0.61      0.11      0.19      8263
           1       1.00      0.00      0.00      3968
           2       1.00      0.01      0.02      1050
           3       0.87      0.77      0.82     14541
           4       0.00      0.00      0.00      1763
           5       0.70      0.09      0.16      4392
           6       0.78      0.43      0.55     11089
           7       0.58      0.28      0.37     22288
           8       0.00      0.00      0.00      1971
           9       0.58      0.94      0.72     60017

   micro avg       0.62      0.62      0.62    129342
   macro avg       0.61      0.26      0.28    129342
weighted avg       0.63      0.62      0.55    129342
 samples avg       0.62      0.62      0.62    129342


[[  939     0     0     6     0    37     9   175     0  7097]
 [    8     2     0   172     0     3    94   482     0  3207]
 [   16     0    11     6     0     6    26    55     0   930]
 [   14     0     0 11177     0     2    57  1073     0  2218]
 [    2     0     0    13     0     0     6    44     0  1698]
 [   97     0     0    53     0   397    11   406     0  3428]
 [    3     0     0   204     0     0  4781   171     0  5930]
 [  111     0     0   698     0    53   146  6144     0 15136]
 [    8     0     0    60     0     5     7   343     0  1548]
 [  330     0     0   452     0    65  1027  1743     0 56400]]

Results of Validation Set

--------------------
Accuracy: 0.6002458598135176, F1 Score: 0.2670613674200263, Precision: 0.4790983696188292, Recall: 0.25070468371164517

              precision    recall  f1-score   support

           0       0.60      0.11      0.19      2797
           1       0.00      0.00      0.00      1370
           2       1.00      0.01      0.02       371
           3       0.85      0.74      0.79      4733
           4       0.00      0.00      0.00       600
           5       0.49      0.06      0.10      1417
           6       0.74      0.40      0.52      3795
           7       0.55      0.26      0.35      7454
           8       0.00      0.00      0.00       665
           9       0.57      0.93      0.70     19912

   micro avg       0.60      0.60      0.60     43114
   macro avg       0.48      0.25      0.27     43114
weighted avg       0.58      0.60      0.53     43114
 samples avg       0.60      0.60      0.60     43114


[[  310     0     0     4     0    23     3    61     0  2396]
 [    2     0     0    81     0     1    37   163     0  1086]
 [    5     0     3     0     0     0     9    16     0   338]
 [    3     0     0  3516     0     0    22   384     0   808]
 [    3     0     0     3     0     0     3    26     0   565]
 [   29     0     0    12     0    81     6   145     0  1144]
 [    1     0     0    71     0     0  1517    45     0  2161]
 [   48     0     0   253     0    23    47  1921     0  5162]
 [    2     0     0    18     0     5     2   121     0   517]
 [  114     0     0   182     0    31   415   639     0 18531]]

Results of Test Set

--------------------
Accuracy: 0.5966043512548128, F1 Score: 0.2618319222366119, Precision: 0.3701032612882036, Recall: 0.2472721635887186

              precision    recall  f1-score   support

           0       0.52      0.09      0.15      2795
           1       0.00      0.00      0.00      1321
           2       0.00      0.00      0.00       355
           3       0.85      0.74      0.79      4700
           4       0.00      0.00      0.00       585
           5       0.52      0.07      0.12      1504
           6       0.72      0.40      0.51      3669
           7       0.53      0.25      0.34      7506
           8       0.00      0.00      0.00       666
           9       0.57      0.93      0.70     20013

   micro avg       0.60      0.60      0.60     43114
   macro avg       0.37      0.25      0.26     43114
weighted avg       0.56      0.60      0.53     43114
 samples avg       0.60      0.60      0.60     43114


[[  253     0     0     3     0    22     4    71     0  2442]
 [    1     0     0    55     0     2    24   158     0  1081]
 [    3     0     0     3     0     2     8    17     0   322]
 [    4     0     0  3497     0     0    24   382     0   793]
 [    1     0     0     4     0     0     6    18     0   556]
 [   40     0     0    12     0   100    10   130     0  1212]
 [    0     0     0    66     0     0  1456    70     0  2077]
 [   48     1     0   278     0    31    37  1858     0  5253]
 [    2     0     0    19     0     1     4   126     0   514]
 [  138     0     0   167     0    36   450   664     0 18558]]

