Title: Fully Connected - Words: 1000, Batch: 128, Epochs: 9, Outputs: 32

Results of Training Set

--------------------
Accuracy: 0.6191260379459108, F1 Score: 0.2844587653268137, Precision: 0.4130514164623774, Recall: 0.2649171432197102

              precision    recall  f1-score   support

           0       0.62      0.09      0.16      8263
           1       0.00      0.00      0.00      3968
           2       0.00      0.00      0.00      1050
           3       0.86      0.77      0.82     14541
           4       0.00      0.00      0.00      1763
           5       0.70      0.12      0.20      4392
           6       0.79      0.44      0.57     11089
           7       0.58      0.28      0.38     22288
           8       0.00      0.00      0.00      1971
           9       0.58      0.94      0.72     60017

   micro avg       0.62      0.62      0.62    129342
   macro avg       0.41      0.26      0.28    129342
weighted avg       0.60      0.62      0.56    129342
 samples avg       0.62      0.62      0.62    129342


[[  752     0     0     7     0    45    14   174     0  7271]
 [    8     0     0   178     0     3    77   451     0  3251]
 [    9     0     0     8     0     4    31    72     0   926]
 [    9     0     0 11230     0     5    35  1064     0  2198]
 [    1     0     0    11     0     0     8    50     0  1693]
 [   89     0     0    50     0   527    13   346     0  3367]
 [    2     0     0   223     0     0  4922   171     0  5771]
 [   76     0     0   729     0    76   166  6317     0 14924]
 [    6     0     0    56     0     8     7   314     0  1580]
 [  264     0     0   491     0    87   988  1856     0 56331]]

Results of Validation Set

--------------------
Accuracy: 0.600709746254117, F1 Score: 0.26835555827949714, Precision: 0.38383190430794306, Recall: 0.2524959610497627

              precision    recall  f1-score   support

           0       0.62      0.09      0.15      2797
           1       0.00      0.00      0.00      1370
           2       0.00      0.00      0.00       371
           3       0.84      0.75      0.80      4733
           4       0.00      0.00      0.00       600
           5       0.53      0.09      0.15      1417
           6       0.73      0.40      0.52      3795
           7       0.54      0.26      0.36      7454
           8       0.00      0.00      0.00       665
           9       0.57      0.93      0.70     19912

   micro avg       0.60      0.60      0.60     43114
   macro avg       0.38      0.25      0.27     43114
weighted avg       0.57      0.60      0.53     43114
 samples avg       0.60      0.60      0.60     43114


[[  247     0     0     4     0    23     8    61     0  2454]
 [    2     0     0    77     0     2    36   175     0  1078]
 [    3     0     0     1     0     0     9    17     0   341]
 [    3     0     0  3563     0     1    24   375     0   767]
 [    0     0     0     3     0     0     1    29     0   567]
 [   25     0     0    12     0   128     4   129     0  1119]
 [    1     0     0    80     0     0  1527    53     0  2134]
 [   33     0     0   270     0    34    49  1965     0  5103]
 [    1     0     0    20     0     5     4   107     0   528]
 [   83     0     0   190     0    49   421   700     0 18469]]

Results of Test Set

--------------------
Accuracy: 0.5991325323560792, F1 Score: 0.26500654991172096, Precision: 0.3754015513259431, Recall: 0.2503567844884105

              precision    recall  f1-score   support

           0       0.53      0.08      0.14      2795
           1       0.00      0.00      0.00      1321
           2       0.00      0.00      0.00       355
           3       0.85      0.76      0.80      4700
           4       0.00      0.00      0.00       585
           5       0.55      0.09      0.15      1504
           6       0.72      0.40      0.51      3669
           7       0.54      0.26      0.35      7506
           8       0.00      0.00      0.00       666
           9       0.57      0.93      0.70     20013

   micro avg       0.60      0.60      0.60     43114
   macro avg       0.38      0.25      0.27     43114
weighted avg       0.56      0.60      0.53     43114
 samples avg       0.60      0.60      0.60     43114


[[  223     0     0     3     0    20     5    76     0  2468]
 [    1     0     0    60     0     4    33   163     0  1060]
 [    4     0     0     3     0     2    10    20     0   316]
 [    4     0     0  3561     0     0    19   366     0   750]
 [    0     0     0     3     0     0     7    20     0   555]
 [   33     0     0    15     0   128    10   120     0  1198]
 [    0     0     0    75     0     1  1462    57     0  2074]
 [   33     0     0   285     0    35    47  1926     0  5180]
 [    3     0     0    18     0     2     4   113     0   526]
 [  117     0     0   186     0    42   435   702     0 18531]]

