Title: Fully Connected - Words: 1000, Batch: 32, Epochs: 9, Outputs: 64

Results of Training Set

--------------------
Accuracy: 0.6353002118414746, F1 Score: 0.3140266599101908, Precision: 0.6597346473440663, Recall: 0.2883516416131424

              precision    recall  f1-score   support

           0       0.66      0.18      0.28      8263
           1       0.68      0.01      0.02      3968
           2       0.92      0.02      0.04      1050
           3       0.86      0.82      0.84     14541
           4       0.00      0.00      0.00      1763
           5       0.70      0.13      0.22      4392
           6       0.77      0.48      0.59     11089
           7       0.61      0.31      0.41     22288
           8       0.80      0.01      0.01      1971
           9       0.59      0.93      0.73     60017

   micro avg       0.64      0.64      0.64    129342
   macro avg       0.66      0.29      0.31    129342
weighted avg       0.65      0.64      0.58    129342
 samples avg       0.64      0.64      0.64    129342


[[ 1473     0     0    11     0    46    14   256     0  6463]
 [   13    38     0   211     0     6   114   498     0  3088]
 [   28     0    22     5     0     5    29    52     0   909]
 [    8     4     0 11877     0     3    46   760     0  1843]
 [    4     1     0    17     0     0    12    48     0  1681]
 [  161     0     1    57     0   577    12   376     0  3208]
 [    5     2     0   216     0     0  5306   168     0  5392]
 [  136    10     1   810     0    80   154  6896     1 14200]
 [   13     0     0    73     0     9    10   343    12  1511]
 [  388     1     0   457     0    94  1207  1898     2 55970]]

Results of Validation Set

--------------------
Accuracy: 0.6034002876095932, F1 Score: 0.27942855397269295, Precision: 0.4602534413964266, Recall: 0.262374814390673

              precision    recall  f1-score   support

           0       0.55      0.14      0.22      2797
           1       0.00      0.00      0.00      1370
           2       0.40      0.01      0.01       371
           3       0.83      0.77      0.80      4733
           4       0.00      0.00      0.00       600
           5       0.50      0.09      0.15      1417
           6       0.70      0.43      0.54      3795
           7       0.54      0.27      0.36      7454
           8       0.50      0.00      0.01       665
           9       0.57      0.91      0.71     19912

   micro avg       0.60      0.60      0.60     43114
   macro avg       0.46      0.26      0.28     43114
weighted avg       0.58      0.60      0.54     43114
 samples avg       0.60      0.60      0.60     43114


[[  393     0     1     5     0    29     4    98     0  2267]
 [    1     0     0    90     0     2    43   184     0  1050]
 [    8     0     2     2     0     1     6    19     0   333]
 [    2     2     0  3626     0     1    31   320     0   751]
 [    1     1     0     4     0     0     6    32     0   556]
 [   56     0     1    13     0   124     6   139     2  1076]
 [    2     0     0    78     0     0  1646    50     0  2019]
 [   63     5     1   323     0    36    59  2031     0  4936]
 [    5     0     0    23     0     6     2   116     3   510]
 [  183     2     0   201     0    49   533   753     1 18190]]

Results of Test Set

--------------------
Accuracy: 0.6043512548128218, F1 Score: 0.2815771717081019, Precision: 0.6028160980380196, Recall: 0.26359440692905933

              precision    recall  f1-score   support

           0       0.54      0.14      0.22      2795
           1       0.64      0.01      0.01      1321
           2       1.00      0.01      0.02       355
           3       0.83      0.78      0.81      4700
           4       0.00      0.00      0.00       585
           5       0.53      0.09      0.16      1504
           6       0.69      0.42      0.53      3669
           7       0.55      0.27      0.36      7506
           8       0.67      0.00      0.01       666
           9       0.58      0.91      0.71     20013

   micro avg       0.60      0.60      0.60     43114
   macro avg       0.60      0.26      0.28     43114
weighted avg       0.60      0.60      0.54     43114
 samples avg       0.60      0.60      0.60     43114


[[  383     0     0     6     0    26     7    95     0  2278]
 [    4     9     0    61     0     2    41   168     0  1036]
 [   11     0     4     4     0     3     6    21     0   306]
 [    4     1     0  3660     0     0    19   304     0   712]
 [    2     0     0     4     0     0     7    20     0   552]
 [   50     0     0    15     0   139     9   131     0  1160]
 [    1     1     0    72     0     2  1559    69     0  1965]
 [   68     2     0   350     0    39    50  2011     0  4986]
 [    6     0     0    20     0     4     4   112     2   518]
 [  182     1     0   194     0    47   543   756     1 18289]]

