Title: Fully Connected - Words: 1000, Batch: 64, Epochs: 9, Outputs: 64

Results of Training Set

--------------------
Accuracy: 0.6339008210789998, F1 Score: 0.30551217458169794, Precision: 0.5042397866517836, Recall: 0.2797117511220299

              precision    recall  f1-score   support

           0       0.71      0.14      0.23      8263
           1       0.67      0.00      0.00      3968
           2       0.00      0.00      0.00      1050
           3       0.87      0.80      0.83     14541
           4       0.00      0.00      0.00      1763
           5       0.75      0.17      0.28      4392
           6       0.85      0.43      0.57     11089
           7       0.61      0.32      0.42     22288
           8       0.00      0.00      0.00      1971
           9       0.59      0.94      0.73     60017

   micro avg       0.63      0.63      0.63    129342
   macro avg       0.50      0.28      0.31    129342
weighted avg       0.64      0.63      0.58    129342
 samples avg       0.63      0.63      0.63    129342


[[ 1157     0     0     8     0    48     8   263     0  6779]
 [    9     2     0   186     0     3    64   500     0  3204]
 [    9     0     0     8     0     6    18    53     0   956]
 [   12     0     0 11580     0     3    24   884     0  2038]
 [    1     0     0    17     0     2     7    43     0  1693]
 [   56     0     0    54     0   743    10   394     0  3135]
 [    6     0     0   202     0     1  4763   181     0  5936]
 [   89     1     0   754     0    72   104  7070     0 14198]
 [    4     0     0    59     0     8     6   330     0  1564]
 [  286     0     0   451     0   103   629  1873     0 56675]]

Results of Validation Set

--------------------
Accuracy: 0.6025884863385443, F1 Score: 0.27534702542479034, Precision: 0.4853555997994379, Recall: 0.25659998405870166

              precision    recall  f1-score   support

           0       0.63      0.12      0.20      2797
           1       0.00      0.00      0.00      1370
           2       0.00      0.00      0.00       371
           3       0.84      0.76      0.80      4733
           4       0.00      0.00      0.00       600
           5       0.53      0.11      0.19      1417
           6       0.75      0.37      0.50      3795
           7       0.54      0.28      0.37      7454
           8       1.00      0.00      0.01       665
           9       0.57      0.93      0.71     19912

   micro avg       0.60      0.60      0.60     43114
   macro avg       0.49      0.26      0.28     43114
weighted avg       0.59      0.60      0.54     43114
 samples avg       0.60      0.60      0.60     43114


[[  327     0     0     4     0    23     9    96     0  2338]
 [    1     0     0    86     0     2    34   174     0  1073]
 [    6     0     0     2     0     0     7    16     0   340]
 [    4     0     0  3599     0     1    19   343     0   767]
 [    0     0     0     6     0     1     1    23     0   569]
 [   19     0     0    15     0   159     7   147     0  1070]
 [    1     0     0    78     0     2  1412    62     0  2240]
 [   50     0     1   294     0    37    49  2059     0  4964]
 [    1     0     0    24     0    10     3   110     2   515]
 [  114     0     0   194     0    64   347   771     0 18422]]

Results of Test Set

--------------------
Accuracy: 0.6019390453217053, F1 Score: 0.27294668712449377, Precision: 0.38186496094618505, Recall: 0.2548438937570766

              precision    recall  f1-score   support

           0       0.57      0.11      0.18      2795
           1       0.00      0.00      0.00      1321
           2       0.00      0.00      0.00       355
           3       0.84      0.76      0.80      4700
           4       0.00      0.00      0.00       585
           5       0.56      0.12      0.19      1504
           6       0.75      0.37      0.49      3669
           7       0.53      0.27      0.36      7506
           8       0.00      0.00      0.00       666
           9       0.57      0.93      0.71     20013

   micro avg       0.60      0.60      0.60     43114
   macro avg       0.38      0.25      0.27     43114
weighted avg       0.57      0.60      0.54     43114
 samples avg       0.60      0.60      0.60     43114


[[  302     0     0     3     0    23     5   104     0  2358]
 [    3     0     0    61     0     1    21   168     0  1067]
 [    8     0     0     2     0     3     8    23     0   311]
 [    5     0     0  3579     0     0    17   351     0   748]
 [    0     0     0     3     0     0     3    22     0   557]
 [   29     0     0    18     0   175     9   136     0  1137]
 [    0     0     0    69     0     2  1352    80     0  2166]
 [   48     0     0   336     0    47    41  2012     0  5022]
 [    2     0     0    17     0     4     2   123     0   518]
 [  133     1     0   181     0    58   353   755     0 18532]]

