Title: Fully Connected - Words: 1000, Batch: 64, Epochs: 1, Outputs: 256

Results of Training Set

--------------------
Accuracy: 0.6132965316757124, F1 Score: 0.27994206467820504, Precision: 0.4979721007366461, Recall: 0.2634081053985179

              precision    recall  f1-score   support

           0       0.62      0.12      0.20      8263
           1       0.00      0.00      0.00      3968
           2       1.00      0.01      0.01      1050
           3       0.84      0.78      0.81     14541
           4       0.00      0.00      0.00      1763
           5       0.63      0.08      0.15      4392
           6       0.73      0.46      0.56     11089
           7       0.58      0.25      0.35     22288
           8       0.00      0.00      0.00      1971
           9       0.58      0.93      0.71     60017

   micro avg       0.61      0.61      0.61    129342
   macro avg       0.50      0.26      0.28    129342
weighted avg       0.59      0.61      0.55    129342
 samples avg       0.61      0.61      0.61    129342


[[  999     0     0    13     0    49    18   196     0  6988]
 [    9     0     0   219     0     3   112   370     0  3255]
 [   19     0     7     7     0     3    25    58     0   931]
 [   13     0     0 11402     0     3    81   843     0  2199]
 [    4     0     0    26     0     1    14    42     0  1676]
 [   87     0     0    63     0   369    21   324     0  3528]
 [    2     0     0   224     0     0  5078   163     0  5622]
 [   95     1     0   960     0    61   178  5539     0 15454]
 [   14     0     0    74     0     9    23   290     0  1561]
 [  380     0     0   559     0    87  1377  1683     0 55931]]

Results of Validation Set

--------------------
Accuracy: 0.5990629493899894, F1 Score: 0.2676078383371351, Precision: 0.47313915833132736, Recall: 0.2541953512984022

              precision    recall  f1-score   support

           0       0.60      0.11      0.19      2797
           1       0.00      0.00      0.00      1370
           2       1.00      0.01      0.01       371
           3       0.82      0.77      0.80      4733
           4       0.00      0.00      0.00       600
           5       0.49      0.07      0.12      1417
           6       0.70      0.43      0.54      3795
           7       0.55      0.23      0.33      7454
           8       0.00      0.00      0.00       665
           9       0.57      0.92      0.70     19912

   micro avg       0.60      0.60      0.60     43114
   macro avg       0.47      0.25      0.27     43114
weighted avg       0.57      0.60      0.53     43114
 samples avg       0.60      0.60      0.60     43114


[[  312     0     0     4     0    23     7    65     0  2386]
 [    1     0     0    88     0     3    44   148     0  1086]
 [    5     0     2     6     0     1     9    15     0   333]
 [    2     0     0  3642     0     1    35   281     0   772]
 [    2     0     0     4     0     0     5    28     0   561]
 [   21     0     0    18     0    93     6   129     0  1150]
 [    3     0     0    80     0     0  1641    49     0  2022]
 [   36     0     0   340     0    28    55  1741     0  5254]
 [    4     0     0    21     0     6     5   103     0   526]
 [  137     0     0   222     0    35   521   600     0 18397]]

Results of Test Set

--------------------
Accuracy: 0.597880038966461, F1 Score: 0.26474850328540717, Precision: 0.37324932425987056, Recall: 0.2519078656886549

              precision    recall  f1-score   support

           0       0.57      0.11      0.18      2795
           1       0.00      0.00      0.00      1321
           2       0.00      0.00      0.00       355
           3       0.83      0.77      0.80      4700
           4       0.00      0.00      0.00       585
           5       0.53      0.07      0.12      1504
           6       0.69      0.42      0.52      3669
           7       0.55      0.23      0.32      7506
           8       0.00      0.00      0.00       666
           9       0.57      0.93      0.70     20013

   micro avg       0.60      0.60      0.60     43114
   macro avg       0.37      0.25      0.26     43114
weighted avg       0.56      0.60      0.53     43114
 samples avg       0.60      0.60      0.60     43114


[[  305     0     0     4     0    16    10    69     0  2391]
 [    2     0     0    64     0     0    36   139     0  1080]
 [    6     0     0     4     0     0     6    19     0   320]
 [    2     0     0  3622     0     0    29   292     0   755]
 [    3     0     0     4     0     0     5    19     0   554]
 [   39     0     0    18     0   104    11   106     0  1226]
 [    0     0     0    74     0     0  1540    52     0  2003]
 [   47     0     0   381     0    28    52  1691     0  5307]
 [    3     0     0    17     0     3     4   112     0   527]
 [  130     0     0   192     0    44   533   599     0 18515]]

