Title: Fully Connected - Words: 1000, Batch: 128, Epochs: 9, Outputs: 64

Results of Training Set

--------------------
Accuracy: 0.6382226964172504, F1 Score: 0.3216313153282094, Precision: 0.6083916760827316, Recall: 0.29331883715443435

              precision    recall  f1-score   support

           0       0.68      0.19      0.30      8263
           1       0.93      0.00      0.01      3968
           2       0.92      0.03      0.07      1050
           3       0.87      0.79      0.83     14541
           4       0.00      0.00      0.00      1763
           5       0.69      0.16      0.27      4392
           6       0.78      0.50      0.61     11089
           7       0.61      0.32      0.42     22288
           8       0.00      0.00      0.00      1971
           9       0.60      0.93      0.73     60017

   micro avg       0.64      0.64      0.64    129342
   macro avg       0.61      0.29      0.32    129342
weighted avg       0.65      0.64      0.58    129342
 samples avg       0.64      0.64      0.64    129342


[[ 1559     0     0     8     0    63    16   233     0  6384]
 [    9    14     0   198     0    11   106   469     0  3161]
 [   16     0    36     5     0     6    25    72     0   890]
 [   15     0     0 11553     0     5    54   959     0  1955]
 [    5     0     0    15     0     1     8    59     0  1675]
 [  138     0     0    53     0   723    22   405     0  3051]
 [    3     0     1   209     0     0  5493   185     0  5198]
 [  132     1     2   732     0    98   193  7079     0 14051]
 [   12     0     0    61     0    12    19   329     0  1538]
 [  399     0     0   448     0   125  1129  1824     0 56092]]

Results of Validation Set

--------------------
Accuracy: 0.6062068005752191, F1 Score: 0.28677634974048505, Precision: 0.5748736488440328, Recall: 0.2668544711530617

              precision    recall  f1-score   support

           0       0.58      0.15      0.24      2797
           1       1.00      0.00      0.00      1370
           2       1.00      0.02      0.04       371
           3       0.84      0.76      0.80      4733
           4       0.00      0.00      0.00       600
           5       0.50      0.11      0.18      1417
           6       0.70      0.44      0.54      3795
           7       0.55      0.28      0.37      7454
           8       0.00      0.00      0.00       665
           9       0.58      0.92      0.71     19912

   micro avg       0.61      0.61      0.61     43114
   macro avg       0.57      0.27      0.29     43114
weighted avg       0.61      0.61      0.55     43114
 samples avg       0.61      0.61      0.61     43114


[[  417     0     0     6     0    35     5    89     0  2245]
 [    2     2     0    90     0     3    43   166     0  1064]
 [    8     0     7     2     0     1    10    15     0   328]
 [    5     0     0  3600     0     0    24   339     0   765]
 [    2     0     0     4     0     0     5    31     0   558]
 [   50     0     0    17     0   153     8   150     0  1039]
 [    3     0     0    79     0     1  1659    68     0  1985]
 [   58     0     0   280     0    43    72  2073     0  4928]
 [    3     0     0    22     0     8     4   125     0   503]
 [  173     0     0   193     0    59   526   736     0 18225]]

Results of Test Set

--------------------
Accuracy: 0.602797235236814, F1 Score: 0.2833494983413351, Precision: 0.5188473122674987, Recall: 0.26403987062349443

              precision    recall  f1-score   support

           0       0.53      0.14      0.22      2795
           1       0.50      0.00      0.00      1321
           2       1.00      0.02      0.04       355
           3       0.84      0.77      0.80      4700
           4       0.00      0.00      0.00       585
           5       0.51      0.11      0.18      1504
           6       0.69      0.43      0.53      3669
           7       0.54      0.27      0.36      7506
           8       0.00      0.00      0.00       666
           9       0.57      0.91      0.70     20013

   micro avg       0.60      0.60      0.60     43114
   macro avg       0.52      0.26      0.28     43114
weighted avg       0.59      0.60      0.54     43114
 samples avg       0.60      0.60      0.60     43114


[[  379     0     0     4     0    26     5    83     0  2298]
 [    4     2     0    64     0     2    40   157     0  1052]
 [    8     0     7     3     0     7     8    23     0   299]
 [    5     1     0  3600     0     0    23   344     0   727]
 [    4     0     0     4     0     0     5    22     0   550]
 [   60     0     0    16     0   166    13   126     0  1123]
 [    4     1     0    70     0     2  1562    72     0  1958]
 [   58     0     0   309     0    50    60  2024     0  5005]
 [    5     0     0    19     0     6     1   125     0   510]
 [  188     0     0   172     0    66   540   798     0 18249]]

