Title: Fully Connected - Words: 1000, Batch: 32, Epochs: 9, Outputs: 128

Results of Training Set

--------------------
Accuracy: 0.6694963739543226, F1 Score: 0.37623238089852323, Precision: 0.7243380493282455, Recall: 0.3334144084077955

              precision    recall  f1-score   support

           0       0.79      0.27      0.41      8263
           1       0.83      0.05      0.09      3968
           2       0.95      0.08      0.15      1050
           3       0.88      0.85      0.86     14541
           4       0.00      0.00      0.00      1763
           5       0.79      0.24      0.37      4392
           6       0.85      0.51      0.64     11089
           7       0.65      0.38      0.48     22288
           8       0.88      0.01      0.02      1971
           9       0.62      0.94      0.75     60017

   micro avg       0.67      0.67      0.67    129342
   macro avg       0.72      0.33      0.38    129342
weighted avg       0.70      0.67      0.62    129342
 samples avg       0.67      0.67      0.67    129342


[[ 2263     0     2    11     0    65     9   339     0  5574]
 [   10   185     0   211     0     5   102   524     0  2931]
 [   22     1    83     7     0     6    19    78     0   834]
 [   15    11     0 12315     0     7    22   677     0  1494]
 [    2     0     0    25     0     0     6    57     0  1673]
 [  103     1     0    61     0  1060     9   419     0  2739]
 [    4     5     1   201     0     0  5661   184     0  5033]
 [  101     7     1   705     0    79   133  8547     1 12714]
 [   11     0     0    69     0    12     9   394    23  1453]
 [  327    12     0   462     0   116   704  1937     2 56457]]

Results of Validation Set

--------------------
Accuracy: 0.6091292851509951, F1 Score: 0.30216590203950555, Precision: 0.6068902690553124, Recall: 0.27699221177107847

              precision    recall  f1-score   support

           0       0.59      0.16      0.26      2797
           1       0.44      0.02      0.03      1370
           2       0.83      0.04      0.08       371
           3       0.82      0.78      0.80      4733
           4       0.00      0.00      0.00       600
           5       0.54      0.15      0.23      1417
           6       0.72      0.40      0.52      3795
           7       0.53      0.30      0.39      7454
           8       1.00      0.00      0.01       665
           9       0.58      0.91      0.71     19912

   micro avg       0.61      0.61      0.61     43114
   macro avg       0.61      0.28      0.30     43114
weighted avg       0.61      0.61      0.55     43114
 samples avg       0.61      0.61      0.61     43114


[[  455     0     0     6     0    33     6   139     0  2158]
 [    5    23     0    94     0     2    43   192     0  1011]
 [    9     1    15     4     0     1     8    21     0   312]
 [    5     6     0  3701     0     2    24   315     0   680]
 [    2     0     0     3     0     1     3    34     0   557]
 [   44     0     0    16     0   212     5   178     0   962]
 [    5     3     1    86     0     1  1535    75     0  2089]
 [   65     8     1   322     0    50    62  2270     0  4676]
 [    2     0     0    27     0     8     4   127     2   495]
 [  174    11     1   240     0    81   443   913     0 18049]]

Results of Test Set

--------------------
Accuracy: 0.6074129053207775, F1 Score: 0.2979074108226966, Precision: 0.5757960683277357, Recall: 0.27433155593520075

              precision    recall  f1-score   support

           0       0.56      0.17      0.26      2795
           1       0.40      0.01      0.03      1321
           2       0.62      0.03      0.05       355
           3       0.82      0.78      0.80      4700
           4       0.00      0.00      0.00       585
           5       0.54      0.13      0.22      1504
           6       0.71      0.41      0.52      3669
           7       0.52      0.30      0.38      7506
           8       1.00      0.01      0.01       666
           9       0.58      0.90      0.71     20013

   micro avg       0.61      0.61      0.61     43114
   macro avg       0.58      0.27      0.30     43114
weighted avg       0.60      0.61      0.55     43114
 samples avg       0.61      0.61      0.61     43114


[[  474     0     2     4     0    35     9   144     0  2127]
 [    5    19     0    73     0     1    44   182     0   997]
 [   10     0    10     3     0     2     7    34     0   289]
 [   10     4     0  3665     0     0    18   327     0   676]
 [    5     0     0     4     0     0     8    28     0   540]
 [   52     2     0    17     0   203     8   165     0  1057]
 [    2     3     0    74     0     4  1506    92     0  1988]
 [   74     8     2   340     0    51    53  2225     0  4753]
 [    4     1     0    23     0     6     4   138     4   486]
 [  212    11     2   240     0    77   455   934     0 18082]]

