Title: Fully Connected - Words: 1000, Batch: 64, Epochs: 9, Outputs: 128

Results of Training Set

--------------------
Accuracy: 0.6728054305639313, F1 Score: 0.3790090161343047, Precision: 0.8180855492037612, Recall: 0.33782091582525053

              precision    recall  f1-score   support

           0       0.77      0.32      0.46      8263
           1       0.88      0.02      0.05      3968
           2       0.95      0.05      0.10      1050
           3       0.90      0.81      0.85     14541
           4       1.00      0.00      0.00      1763
           5       0.77      0.27      0.40      4392
           6       0.83      0.55      0.66     11089
           7       0.65      0.39      0.49     22288
           8       0.82      0.02      0.04      1971
           9       0.63      0.94      0.75     60017

   micro avg       0.67      0.67      0.67    129342
   macro avg       0.82      0.34      0.38    129342
weighted avg       0.71      0.67      0.63    129342
 samples avg       0.67      0.67      0.67    129342


[[ 2669     0     0     5     0    74    13   298     0  5204]
 [   14    98     0   177     0     9   104   595     0  2971]
 [   20     1    55     5     0     8    17    82     0   862]
 [   23     5     0 11822     0     6    43   912     0  1730]
 [    5     0     0    13     1     3    22    51     0  1668]
 [  137     1     0    45     0  1168    18   421     0  2602]
 [    3     2     1   186     0     0  6067   202     0  4628]
 [  152     4     2   533     0   100   155  8721     4 12617]
 [   19     0     0    52     0    16    16   347    41  1480]
 [  420     1     0   324     0   134   872  1881     5 56380]]

Results of Validation Set

--------------------
Accuracy: 0.6086422043883657, F1 Score: 0.30803312133386684, Precision: 0.5787415848334704, Recall: 0.2808544646991389

              precision    recall  f1-score   support

           0       0.55      0.19      0.28      2797
           1       0.60      0.01      0.03      1370
           2       0.83      0.04      0.08       371
           3       0.85      0.75      0.80      4733
           4       0.00      0.00      0.00       600
           5       0.54      0.16      0.24      1417
           6       0.70      0.44      0.54      3795
           7       0.53      0.31      0.39      7454
           8       0.60      0.01      0.02       665
           9       0.58      0.90      0.71     19912

   micro avg       0.61      0.61      0.61     43114
   macro avg       0.58      0.28      0.31     43114
weighted avg       0.60      0.61      0.56     43114
 samples avg       0.61      0.61      0.61     43114


[[  535     0     1     6     0    37    10   123     0  2085]
 [    2    18     0    86     0     3    47   208     0  1006]
 [   14     0    15     4     0     3     6    25     0   304]
 [    5     2     0  3549     0     0    40   371     1   765]
 [    2     0     0     4     0     4     6    36     0   548]
 [   62     0     0    13     0   221     7   175     0   939]
 [    8     1     1    77     0     1  1667    79     0  1961]
 [   81     6     1   246     0    45    58  2307     2  4708]
 [    5     0     0    21     0    12     6   128     6   487]
 [  252     3     0   187     0    81   528   937     1 17923]]

Results of Test Set

--------------------
Accuracy: 0.608387066846036, F1 Score: 0.3033406321327433, Precision: 0.5443260093177681, Recall: 0.2782075523463223

              precision    recall  f1-score   support

           0       0.53      0.20      0.29      2795
           1       0.47      0.01      0.01      1321
           2       0.73      0.03      0.06       355
           3       0.86      0.76      0.81      4700
           4       0.00      0.00      0.00       585
           5       0.50      0.15      0.23      1504
           6       0.69      0.43      0.53      3669
           7       0.53      0.30      0.38      7506
           8       0.55      0.01      0.02       666
           9       0.58      0.90      0.71     20013

   micro avg       0.61      0.61      0.61     43114
   macro avg       0.54      0.28      0.30     43114
weighted avg       0.60      0.61      0.56     43114
 samples avg       0.61      0.61      0.61     43114


[[  546     0     1     3     0    42    11   139     0  2053]
 [    7     8     0    57     0     3    36   187     1  1022]
 [   12     0    11     4     0     5    11    33     0   279]
 [    9     3     0  3563     0     0    23   352     0   750]
 [    1     0     0     3     0     1     7    26     0   547]
 [   68     0     0    15     0   223    14   171     1  1012]
 [    5     0     0    67     0     3  1582    87     0  1925]
 [  103     3     1   256     0    62    57  2273     1  4750]
 [    4     0     0    18     0     8     8   129     6   493]
 [  277     3     2   155     0    96   544   916     2 18018]]

