Title: Fully Connected - Words: 1000, Batch: 128, Epochs: 9, Outputs: 128

Results of Training Set

--------------------
Accuracy: 0.6689242473442502, F1 Score: 0.3735454313541548, Precision: 0.7148077052711062, Recall: 0.33501307110716544

              precision    recall  f1-score   support

           0       0.74      0.28      0.41      8263
           1       0.79      0.04      0.08      3968
           2       0.95      0.05      0.10      1050
           3       0.87      0.84      0.85     14541
           4       0.00      0.00      0.00      1763
           5       0.76      0.25      0.38      4392
           6       0.82      0.53      0.64     11089
           7       0.62      0.42      0.50     22288
           8       0.96      0.01      0.03      1971
           9       0.63      0.92      0.75     60017

   micro avg       0.67      0.67      0.67    129342
   macro avg       0.71      0.34      0.37    129342
weighted avg       0.69      0.67      0.63    129342
 samples avg       0.67      0.67      0.67    129342


[[ 2332     0     0    11     0    61    18   401     0  5440]
 [   13   157     0   214     0    10   125   579     0  2870]
 [   27     0    54     8     0     7    20    97     0   837]
 [   14    13     0 12155     0     3    43   813     0  1500]
 [    2     1     0    17     0     6     9    73     0  1655]
 [  115     0     0    57     0  1119    14   547     0  2540]
 [   10     6     1   212     0     1  5894   253     0  4712]
 [  148    11     1   675     0   102   156  9310     0 11885]
 [   13     1     0    75     0    19    14   395    25  1429]
 [  465     9     1   471     0   142   897  2557     1 55474]]

Results of Validation Set

--------------------
Accuracy: 0.6108224706591826, F1 Score: 0.30705077170976924, Precision: 0.5784751797847478, Recall: 0.2825014129537208

              precision    recall  f1-score   support

           0       0.56      0.18      0.27      2797
           1       0.51      0.02      0.03      1370
           2       0.92      0.03      0.06       371
           3       0.83      0.78      0.80      4733
           4       0.00      0.00      0.00       600
           5       0.54      0.15      0.24      1417
           6       0.71      0.44      0.54      3795
           7       0.52      0.34      0.41      7454
           8       0.60      0.00      0.01       665
           9       0.59      0.89      0.71     19912

   micro avg       0.61      0.61      0.61     43114
   macro avg       0.58      0.28      0.31     43114
weighted avg       0.60      0.61      0.56     43114
 samples avg       0.61      0.61      0.61     43114


[[  502     0     0     9     0    39     7   158     0  2082]
 [    2    21     0    88     0     2    45   224     0   988]
 [   12     0    12     2     0     1     7    28     0   309]
 [    4     6     0  3675     0     1    27   354     0   666]
 [    5     0     0     3     0     1     5    40     0   546]
 [   46     0     0    20     0   214     5   189     0   943]
 [   12     2     0    80     0     2  1652    92     0  1955]
 [   63     3     1   307     0    52    63  2541     1  4423]
 [    2     0     0    25     0     7     5   145     3   478]
 [  243     9     0   231     0    77   508  1128     1 17715]]

Results of Test Set

--------------------
Accuracy: 0.6096163659136243, F1 Score: 0.30432200972769863, Precision: 0.5698263810545996, Recall: 0.28112886316742375

              precision    recall  f1-score   support

           0       0.53      0.18      0.27      2795
           1       0.45      0.01      0.03      1321
           2       0.80      0.02      0.04       355
           3       0.83      0.78      0.81      4700
           4       0.00      0.00      0.00       585
           5       0.54      0.16      0.24      1504
           6       0.70      0.43      0.53      3669
           7       0.51      0.33      0.40      7506
           8       0.75      0.00      0.01       666
           9       0.59      0.89      0.71     20013

   micro avg       0.61      0.61      0.61     43114
   macro avg       0.57      0.28      0.30     43114
weighted avg       0.60      0.61      0.56     43114
 samples avg       0.61      0.61      0.61     43114


[[  514     0     1     6     0    34     7   165     0  2068]
 [    9    18     0    69     0     3    38   206     0   978]
 [   11     0     8     2     0     3    10    35     0   286]
 [    5     7     0  3678     0     0    21   363     0   626]
 [    1     0     0     6     0     0     9    30     0   539]
 [   58     1     0    20     0   236    11   194     0   984]
 [    5     1     0    69     0     3  1568   112     0  1911]
 [   85     7     1   332     0    57    62  2494     0  4468]
 [    6     2     0    20     0     9     3   160     3   463]
 [  272     4     0   216     0    94   522  1140     1 17764]]

