Title: Fully Connected - Words: 1000, Batch: 32, Epochs: 9, Outputs: 256

Results of Training Set

--------------------
Accuracy: 0.7359867637735615, F1 Score: 0.49452907753680825, Precision: 0.8653004548004908, Recall: 0.4305327705601897

              precision    recall  f1-score   support

           0       0.87      0.47      0.61      8263
           1       0.91      0.14      0.25      3968
           2       0.92      0.17      0.29      1050
           3       0.91      0.89      0.90     14541
           4       0.97      0.04      0.07      1763
           5       0.83      0.38      0.53      4392
           6       0.86      0.66      0.75     11089
           7       0.74      0.52      0.61     22288
           8       0.96      0.08      0.15      1971
           9       0.68      0.95      0.79     60017

   micro avg       0.74      0.74      0.74    129342
   macro avg       0.87      0.43      0.49    129342
weighted avg       0.77      0.74      0.71    129342
 samples avg       0.74      0.74      0.74    129342


[[ 3924     0     1     4     0    46     4   317     1  3966]
 [   12   574     0   168     0    16   109   593     1  2495]
 [   23     1   177     7     0     4    23    79     0   736]
 [   10     7     0 12914     0     6    31   511     1  1061]
 [    4     2     0    20    63     3     6    45     0  1620]
 [   95     3     2    47     0  1687    11   468     1  2078]
 [    5     9     1   135     0     6  7284   176     0  3473]
 [  114    17     8   510     1   100   151 11661     0  9726]
 [   25     1     0    56     0    25    15   334   165  1350]
 [  286    19     3   344     1   141   822  1654     2 56745]]

Results of Validation Set

--------------------
Accuracy: 0.6140464814213481, F1 Score: 0.33047254540331217, Precision: 0.5888760035253492, Recall: 0.30059338131727475

              precision    recall  f1-score   support

           0       0.57      0.23      0.33      2797
           1       0.50      0.04      0.07      1370
           2       0.77      0.06      0.11       371
           3       0.82      0.78      0.80      4733
           4       0.50      0.00      0.00       600
           5       0.54      0.20      0.29      1417
           6       0.67      0.46      0.54      3795
           7       0.52      0.34      0.41      7454
           8       0.41      0.01      0.03       665
           9       0.60      0.88      0.71     19912

   micro avg       0.61      0.61      0.61     43114
   macro avg       0.59      0.30      0.33     43114
weighted avg       0.60      0.61      0.57     43114
 samples avg       0.61      0.61      0.61     43114


[[  649     2     1    10     0    40     8   166     0  1921]
 [    5    54     0   100     0     4    53   221     0   933]
 [   10     0    23     2     0     1     9    29     0   297]
 [   14     7     0  3688     0     3    46   309     2   664]
 [    7     0     0     4     1     2    11    43     0   532]
 [   63     1     0    20     0   281    12   194     0   846]
 [    5     6     0    87     0     1  1746    86     0  1864]
 [  100    18     2   314     0    64    92  2551     7  4306]
 [    9     0     0    28     0    13    10   133     9   463]
 [  284    21     4   246     1   107   629  1144     4 17472]]

Results of Test Set

--------------------
Accuracy: 0.6124692675233103, F1 Score: 0.32875198242306225, Precision: 0.5925114232246237, Recall: 0.2991328040324925

              precision    recall  f1-score   support

           0       0.54      0.22      0.32      2795
           1       0.48      0.03      0.06      1321
           2       0.65      0.06      0.11       355
           3       0.83      0.79      0.81      4700
           4       0.50      0.00      0.01       585
           5       0.53      0.19      0.28      1504
           6       0.65      0.45      0.53      3669
           7       0.52      0.34      0.41      7506
           8       0.63      0.03      0.05       666
           9       0.60      0.87      0.71     20013

   micro avg       0.61      0.61      0.61     43114
   macro avg       0.59      0.30      0.33     43114
weighted avg       0.60      0.61      0.57     43114
 samples avg       0.61      0.61      0.61     43114


[[  628     0     1     5     0    42    10   163     1  1945]
 [   10    42     0    69     0     4    44   220     1   931]
 [   17     0    22     4     1     4     9    35     0   263]
 [    8    10     1  3701     0     0    42   317     1   620]
 [    4     0     0     8     2     0    11    33     0   527]
 [   60     3     0    23     0   280    12   179     2   945]
 [    3     8     1    71     0     3  1662   124     0  1797]
 [  100    13     2   351     0    76    82  2552     4  4326]
 [    9     1     0    21     0     8     9   133    19   466]
 [  334    10     7   229     1   108   674  1150     2 17498]]

