Title: Fully Connected - Words: 1000, Batch: 64, Epochs: 9, Outputs: 256

Results of Training Set

--------------------
Accuracy: 0.7254874673346632, F1 Score: 0.4770274260393637, Precision: 0.8427320501969179, Recall: 0.4141265624299625

              precision    recall  f1-score   support

           0       0.86      0.45      0.59      8263
           1       0.83      0.10      0.19      3968
           2       0.93      0.16      0.27      1050
           3       0.93      0.86      0.89     14541
           4       0.94      0.02      0.04      1763
           5       0.81      0.36      0.49      4392
           6       0.89      0.61      0.72     11089
           7       0.69      0.54      0.60     22288
           8       0.88      0.11      0.19      1971
           9       0.68      0.94      0.79     60017

   micro avg       0.73      0.73      0.73    129342
   macro avg       0.84      0.41      0.48    129342
weighted avg       0.75      0.73      0.70    129342
 samples avg       0.73      0.73      0.73    129342


[[ 3722     3     1     5     0    64    10   387     1  4070]
 [   19   416     0   128     1    10    95   656     1  2642]
 [   27     0   165     5     0     8    18   100     0   727]
 [   16    12     0 12544     0     7    27   775     3  1157]
 [    9     5     1    14    33     7     8    95     0  1591]
 [  105     0     2    44     0  1565    14   541     6  2115]
 [    8    18     1   148     0     3  6741   248     0  3922]
 [  106    22     7   323     1   109   121 11977     9  9613]
 [   25     0     0    60     0    18     4   353   207  1304]
 [  312    24     1   250     0   148   531  2277     8 56466]]

Results of Validation Set

--------------------
Accuracy: 0.6106369160829429, F1 Score: 0.3270340434421635, Precision: 0.5417239565186149, Recall: 0.2946545578498485

              precision    recall  f1-score   support

           0       0.54      0.22      0.31      2797
           1       0.48      0.04      0.07      1370
           2       0.73      0.06      0.11       371
           3       0.85      0.76      0.80      4733
           4       0.00      0.00      0.00       600
           5       0.52      0.18      0.26      1417
           6       0.70      0.42      0.53      3795
           7       0.50      0.37      0.43      7454
           8       0.50      0.03      0.05       665
           9       0.60      0.87      0.71     19912

   micro avg       0.61      0.61      0.61     43114
   macro avg       0.54      0.29      0.33     43114
weighted avg       0.60      0.61      0.57     43114
 samples avg       0.61      0.61      0.61     43114


[[  620     1     2     7     0    42     8   208     0  1909]
 [    2    53     0    81     0     6    46   231     0   951]
 [   17     0    22     2     0     1    11    38     0   280]
 [    4    12     0  3582     0     5    36   412     5   677]
 [    6     1     0     1     0     2     5    52     0   533]
 [   69     1     1    13     0   248     8   233     0   844]
 [    9     3     2    74     0     2  1605   102     0  1998]
 [  105    12     1   228     0    62    62  2760     9  4215]
 [    8     0     0    22     0    11     2   155    18   449]
 [  312    27     2   202     1   100   504  1341     4 17419]]

Results of Test Set

--------------------
Accuracy: 0.611309551421812, F1 Score: 0.32180224994930473, Precision: 0.5468640847757487, Recall: 0.29195189409517797

              precision    recall  f1-score   support

           0       0.53      0.21      0.30      2795
           1       0.45      0.02      0.05      1321
           2       0.57      0.05      0.08       355
           3       0.86      0.77      0.81      4700
           4       0.33      0.00      0.00       585
           5       0.54      0.18      0.27      1504
           6       0.70      0.42      0.53      3669
           7       0.50      0.37      0.42      7506
           8       0.41      0.02      0.04       666
           9       0.60      0.88      0.71     20013

   micro avg       0.61      0.61      0.61     43114
   macro avg       0.55      0.29      0.32     43114
weighted avg       0.60      0.61      0.57     43114
 samples avg       0.61      0.61      0.61     43114


[[  598     3     1     1     0    49     5   208     0  1930]
 [    9    33     0    51     0     2    40   235     1   950]
 [   11     0    16     0     0     5    10    44     0   269]
 [   13     2     1  3608     0     2    28   406     1   639]
 [    4     1     0     4     1     0     6    41     0   528]
 [   76     1     1    18     0   272    11   214     3   908]
 [    2     6     0    66     0     2  1543   126     0  1924]
 [   94    12     2   262     0    70    63  2755     9  4239]
 [    7     1     0    18     0    10     4   164    15   447]
 [  325    15     7   185     2    92   497  1367     8 17515]]

