Title: Fully Connected - Words: 1000, Batch: 128, Epochs: 9, Outputs: 256

Results of Training Set

--------------------
Accuracy: 0.7277991680969832, F1 Score: 0.46689788633775936, Precision: 0.8367813187406957, Recall: 0.41772617014303537

              precision    recall  f1-score   support

           0       0.79      0.52      0.63      8263
           1       0.88      0.09      0.16      3968
           2       0.91      0.12      0.21      1050
           3       0.89      0.88      0.88     14541
           4       1.00      0.01      0.02      1763
           5       0.79      0.36      0.49      4392
           6       0.83      0.66      0.74     11089
           7       0.68      0.54      0.60     22288
           8       0.90      0.08      0.15      1971
           9       0.69      0.92      0.79     60017

   micro avg       0.73      0.73      0.73    129342
   macro avg       0.84      0.42      0.47    129342
weighted avg       0.75      0.73      0.70    129342
 samples avg       0.73      0.73      0.73    129342


[[ 4335     1     2    10     0    69    14   401     1  3430]
 [   16   346     1   194     0    18   158   706     0  2529]
 [   64     0   123     5     0     7    26   103     1   721]
 [   18     9     0 12752     0     8    40   704     1  1009]
 [   15     1     0    17    16     4    14   103     0  1593]
 [  194     4     1    62     0  1569    23   528     3  2008]
 [   10     7     1   182     0     3  7301   276     0  3309]
 [  236    12     5   590     0   109   178 12079     4  9075]
 [   45     4     0    69     0    28    33   393   159  1240]
 [  556    11     2   410     0   172   961  2443     7 55455]]

Results of Validation Set

--------------------
Accuracy: 0.6141624530314979, F1 Score: 0.3348689610088204, Precision: 0.5310455347381308, Recall: 0.30893042097973433

              precision    recall  f1-score   support

           0       0.51      0.28      0.36      2797
           1       0.57      0.03      0.06      1370
           2       0.71      0.05      0.09       371
           3       0.82      0.79      0.80      4733
           4       0.00      0.00      0.00       600
           5       0.53      0.20      0.29      1417
           6       0.65      0.48      0.55      3795
           7       0.50      0.39      0.44      7454
           8       0.41      0.03      0.05       665
           9       0.61      0.85      0.71     19912

   micro avg       0.61      0.61      0.61     43114
   macro avg       0.53      0.31      0.33     43114
weighted avg       0.60      0.61      0.58     43114
 samples avg       0.61      0.61      0.61     43114


[[  789     0     1    11     0    40    11   201     0  1744]
 [    6    44     0    96     0     5    59   256     2   902]
 [   18     0    17     4     0     1    11    43     0   277]
 [    8     5     0  3738     0     4    42   360     1   575]
 [    9     1     0     7     0     2    10    54     0   517]
 [   93     1     1    20     0   282    11   224     1   784]
 [   11     2     2    89     0     2  1825   118     0  1746]
 [  152     8     2   315     0    68    88  2875    11  3935]
 [   11     1     0    24     0    14     9   166    17   423]
 [  458    15     1   261     0   116   735  1425     9 16892]]

Results of Test Set

--------------------
Accuracy: 0.6152989748109663, F1 Score: 0.33155478787669646, Precision: 0.5223200131021051, Recall: 0.3066788948981925

              precision    recall  f1-score   support

           0       0.49      0.28      0.35      2795
           1       0.51      0.02      0.04      1321
           2       0.68      0.05      0.09       355
           3       0.82      0.80      0.81      4700
           4       0.00      0.00      0.00       585
           5       0.53      0.19      0.28      1504
           6       0.65      0.48      0.55      3669
           7       0.51      0.38      0.44      7506
           8       0.42      0.03      0.05       666
           9       0.61      0.85      0.71     20013

   micro avg       0.62      0.62      0.62     43114
   macro avg       0.52      0.31      0.33     43114
weighted avg       0.59      0.62      0.58     43114
 samples avg       0.62      0.62      0.62     43114


[[  773     0     0     7     0    46    10   213     0  1746]
 [   12    29     0    71     0     4    54   235     3   913]
 [   27     0    17     6     0     3    11    42     0   249]
 [    9     3     1  3745     0     1    33   381     3   524]
 [    7     0     0     7     0     1    11    37     0   522]
 [   95     0     1    18     0   280    12   204     2   892]
 [    6     3     0    73     0     3  1756   126     0  1702]
 [  171     9     2   348     0    76    86  2863     8  3943]
 [    7     0     0    21     0    12     5   159    17   445]
 [  459    13     4   248     0   103   737  1394     7 17048]]

