Title: Fully Connected - Words: 1000, Batch: 32, Epochs: 9, Outputs: 512

Results of Training Set

--------------------
Accuracy: 0.8395416801966878, F1 Score: 0.7156811949579595, Precision: 0.9143646420797982, Recall: 0.6315115324238597

              precision    recall  f1-score   support

           0       0.91      0.73      0.81      8263
           1       0.95      0.43      0.59      3968
           2       0.96      0.42      0.58      1050
           3       0.96      0.93      0.94     14541
           4       0.99      0.31      0.47      1763
           5       0.86      0.64      0.73      4392
           6       0.93      0.81      0.87     11089
           7       0.80      0.75      0.78     22288
           8       0.97      0.35      0.51      1971
           9       0.80      0.95      0.87     60017

   micro avg       0.84      0.84      0.84    129342
   macro avg       0.91      0.63      0.72    129342
weighted avg       0.85      0.84      0.83    129342
 samples avg       0.84      0.84      0.84    129342


[[ 6039     3     1     6     0    68     7   307     1  1831]
 [    6  1706     1    77     0    15    69   500     0  1594]
 [   17     0   438     5     0     9    14   120     2   445]
 [   10    21     0 13466     0    11    21   424     0   588]
 [    6     4     0     9   544     3    12    83     0  1102]
 [  108     3     0    18     0  2807     5   418     4  1029]
 [    2    11     1    79     0     4  9019   211     0  1762]
 [  130    24     8   204     3   105   116 16752    10  4936]
 [   31     2     0    33     0    38    12   298   683   874]
 [  253    27     5   186     1   189   447  1773     2 57134]]

Results of Validation Set

--------------------
Accuracy: 0.615484529387206, F1 Score: 0.3644467322188883, Precision: 0.5620644670725458, Recall: 0.3290914615729747

              precision    recall  f1-score   support

           0       0.52      0.28      0.36      2797
           1       0.52      0.08      0.14      1370
           2       0.63      0.08      0.14       371
           3       0.84      0.78      0.81      4733
           4       0.35      0.01      0.03       600
           5       0.49      0.27      0.35      1417
           6       0.64      0.48      0.55      3795
           7       0.49      0.42      0.45      7454
           8       0.52      0.06      0.11       665
           9       0.62      0.83      0.71     19912

   micro avg       0.62      0.62      0.62     43114
   macro avg       0.56      0.33      0.36     43114
weighted avg       0.60      0.62      0.58     43114
 samples avg       0.62      0.62      0.62     43114


[[  772     2     3     9     1    73    15   269     3  1650]
 [    8   114     0    91     1     3    63   258     4   828]
 [   21     2    29     2     0     2    12    44     1   258]
 [   12    16     1  3675     2    11    40   358     2   616]
 [    8     0     0     6     9     3    14    62     0   498]
 [   84     1     0    20     0   382    13   245     1   671]
 [   11     8     1    75     1    10  1830   148     0  1711]
 [  133    21     3   240     2    96   110  3133    10  3706]
 [   12     0     0    26     0    21     9   155    39   403]
 [  415    55     9   227    10   176   748  1704    15 16553]]

Results of Test Set

--------------------
Accuracy: 0.6122373243030106, F1 Score: 0.3622002609201477, Precision: 0.5532447026378157, Recall: 0.3272343932726523

              precision    recall  f1-score   support

           0       0.50      0.28      0.36      2795
           1       0.48      0.08      0.13      1321
           2       0.57      0.09      0.15       355
           3       0.84      0.77      0.81      4700
           4       0.33      0.01      0.02       585
           5       0.53      0.26      0.35      1504
           6       0.63      0.48      0.54      3669
           7       0.48      0.41      0.45      7506
           8       0.55      0.06      0.11       666
           9       0.62      0.83      0.71     20013

   micro avg       0.61      0.61      0.61     43114
   macro avg       0.55      0.33      0.36     43114
weighted avg       0.60      0.61      0.58     43114
 samples avg       0.61      0.61      0.61     43114


[[  788     1     1     8     1    64    17   268     2  1645]
 [   13   103     0    73     1     6    54   251     0   820]
 [   20     2    31     3     0     5    14    49     0   231]
 [   16    10     1  3635     0     4    26   383     2   623]
 [    3     3     0     6     5     1    14    54     0   499]
 [   90     3     0    14     0   397    12   261     6   721]
 [    4    10     1    71     0     6  1763   156     0  1658]
 [  173    35     2   269     2    93   110  3111    14  3697]
 [   13     1     0    24     0    13     6   158    39   412]
 [  461    46    18   211     6   160   796  1783     8 16524]]

