Title: Fully Connected - Words: 1000, Batch: 64, Epochs: 9, Outputs: 512

Results of Training Set

--------------------
Accuracy: 0.8276352615546381, F1 Score: 0.6785629531266142, Precision: 0.9138955351185556, Recall: 0.5903830987444103

              precision    recall  f1-score   support

           0       0.93      0.70      0.80      8263
           1       0.94      0.39      0.55      3968
           2       0.95      0.35      0.51      1050
           3       0.96      0.91      0.94     14541
           4       1.00      0.25      0.40      1763
           5       0.89      0.55      0.68      4392
           6       0.93      0.80      0.86     11089
           7       0.83      0.71      0.76     22288
           8       0.95      0.28      0.43      1971
           9       0.77      0.97      0.86     60017

   micro avg       0.83      0.83      0.83    129342
   macro avg       0.91      0.59      0.68    129342
weighted avg       0.84      0.83      0.82    129342
 samples avg       0.83      0.83      0.83    129342


[[ 5779     4     1     4     0    47    10   240     1  2177]
 [   10  1538     0    61     1    15    98   453     1  1791]
 [   23     0   365     3     0     7    19   123     0   510]
 [   15    22     0 13302     0     8    33   386     0   775]
 [    5     5     0     7   446     2    18    85     0  1195]
 [   93     2     2    16     0  2406    10   401    11  1451]
 [    2    16     1    68     1     1  8906   191     0  1903]
 [   93    24     9   213     0    82   101 15777    10  5979]
 [   17     3     0    29     0    21    11   273   545  1072]
 [  190    28     5   145     0   128   362  1168     7 57984]]

Results of Validation Set

--------------------
Accuracy: 0.616852994386974, F1 Score: 0.359218953534827, Precision: 0.5626658250716083, Recall: 0.321093230613264

              precision    recall  f1-score   support

           0       0.53      0.25      0.34      2797
           1       0.52      0.09      0.16      1370
           2       0.58      0.09      0.15       371
           3       0.85      0.76      0.80      4733
           4       0.30      0.01      0.02       600
           5       0.52      0.23      0.32      1417
           6       0.65      0.48      0.56      3795
           7       0.51      0.39      0.44      7454
           8       0.55      0.05      0.10       665
           9       0.61      0.86      0.71     19912

   micro avg       0.62      0.62      0.62     43114
   macro avg       0.56      0.32      0.36     43114
weighted avg       0.60      0.62      0.58     43114
 samples avg       0.62      0.62      0.62     43114


[[  710     1     3     6     0    58    12   224     1  1782]
 [    4   125     0    83     0     3    64   248     1   842]
 [   11     0    32     5     0     3    16    39     0   265]
 [    7    29     1  3620     2    12    39   329     1   693]
 [    8     3     0     2     6     1     9    48     0   523]
 [   80     0     1    17     1   320    13   224     5   756]
 [   10     6     6    71     0     1  1833   119     0  1749]
 [  126    26     4   233     2    79   102  2880    11  3991]
 [   11     1     0    26     0    16     8   141    36   426]
 [  364    51     8   201     9   119   710  1407    10 17033]]

Results of Test Set

--------------------
Accuracy: 0.6145799508280373, F1 Score: 0.35479073554084783, Precision: 0.5602649464512499, Recall: 0.3180545997674914

              precision    recall  f1-score   support

           0       0.53      0.26      0.35      2795
           1       0.43      0.06      0.11      1321
           2       0.66      0.08      0.15       355
           3       0.85      0.78      0.81      4700
           4       0.32      0.01      0.03       585
           5       0.54      0.22      0.31      1504
           6       0.64      0.48      0.55      3669
           7       0.49      0.38      0.43      7506
           8       0.52      0.06      0.11       666
           9       0.61      0.85      0.71     20013

   micro avg       0.61      0.61      0.61     43114
   macro avg       0.56      0.32      0.35     43114
weighted avg       0.60      0.61      0.58     43114
 samples avg       0.61      0.61      0.61     43114


[[  719     2     0     6     0    58    14   215     3  1778]
 [   12    84     0    59     2     7    60   255     0   842]
 [   20     1    29     1     0     5    15    42     0   242]
 [   10    15     1  3655     1     3    35   358     2   620]
 [    6     2     0     4     8     2    12    42     0   509]
 [   86     4     1    13     0   329    14   239     6   812]
 [    5    11     1    68     1     1  1758   132     0  1692]
 [  134    29     1   262     2    68    91  2830    13  4076]
 [   10     1     0    18     0    13     6   141    40   437]
 [  355    45    11   195    11   118   732  1488    13 17045]]

