Title: Fully Connected - Words: 1000, Batch: 128, Epochs: 9, Outputs: 512

Results of Training Set

--------------------
Accuracy: 0.8158757402854447, F1 Score: 0.6357348953203406, Precision: 0.901265887374825, Recall: 0.5570942001142922

              precision    recall  f1-score   support

           0       0.89      0.71      0.79      8263
           1       0.91      0.34      0.50      3968
           2       0.97      0.27      0.42      1050
           3       0.95      0.91      0.93     14541
           4       0.99      0.17      0.29      1763
           5       0.85      0.53      0.65      4392
           6       0.92      0.77      0.84     11089
           7       0.79      0.71      0.75     22288
           8       0.97      0.21      0.34      1971
           9       0.77      0.95      0.85     60017

   micro avg       0.82      0.82      0.82    129342
   macro avg       0.90      0.56      0.64    129342
weighted avg       0.83      0.82      0.80    129342
 samples avg       0.82      0.82      0.82    129342


[[ 5853     2     0     6     0    60     9   309     0  2024]
 [   16  1350     1    85     0    12    86   547     0  1871]
 [   32     3   282     5     0     6    21   125     0   576]
 [   17    16     0 13298     1     9    24   478     0   698]
 [   15    10     0    11   294     8    18   102     0  1305]
 [  125     1     1    30     0  2317    16   512     4  1386]
 [    6    24     2   107     0     7  8522   269     0  2152]
 [  150    36     4   230     0   106   119 15894     4  5745]
 [   48     2     0    58     0    44    17   350   411  1041]
 [  310    36     2   192     1   157   404  1604     5 57306]]

Results of Validation Set

--------------------
Accuracy: 0.6178271559122327, F1 Score: 0.35682770028158534, Precision: 0.594684839261267, Recall: 0.32395322063729565

              precision    recall  f1-score   support

           0       0.52      0.31      0.39      2797
           1       0.48      0.07      0.13      1370
           2       0.79      0.06      0.11       371
           3       0.84      0.79      0.81      4733
           4       0.47      0.01      0.02       600
           5       0.51      0.24      0.33      1417
           6       0.65      0.47      0.55      3795
           7       0.49      0.41      0.45      7454
           8       0.58      0.04      0.07       665
           9       0.62      0.84      0.71     19912

   micro avg       0.62      0.62      0.62     43114
   macro avg       0.59      0.32      0.36     43114
weighted avg       0.61      0.62      0.59     43114
 samples avg       0.62      0.62      0.62     43114


[[  863     1     0     7     1    55    10   230     0  1630]
 [    8   102     0    89     0     4    67   273     2   825]
 [   16     2    22     4     0     2    11    45     0   269]
 [   12    20     0  3721     0     9    38   385     3   545]
 [   10     2     0     4     7     4    10    60     0   503]
 [   88     1     0    14     0   339     9   259     3   704]
 [   12    10     1    86     1     3  1786   134     0  1762]
 [  163    21     1   257     0    84    97  3068     4  3759]
 [   11     1     0    25     0    19     8   153    26   422]
 [  462    54     4   222     6   142   697  1615     7 16703]]

Results of Test Set

--------------------
Accuracy: 0.6160875817599851, F1 Score: 0.3550004207422953, Precision: 0.5712712465311369, Recall: 0.32188417069641123

              precision    recall  f1-score   support

           0       0.50      0.30      0.38      2795
           1       0.36      0.06      0.10      1321
           2       0.65      0.08      0.14       355
           3       0.84      0.79      0.82      4700
           4       0.50      0.01      0.02       585
           5       0.54      0.23      0.32      1504
           6       0.66      0.46      0.54      3669
           7       0.49      0.41      0.45      7506
           8       0.55      0.04      0.08       666
           9       0.61      0.84      0.71     20013

   micro avg       0.62      0.62      0.62     43114
   macro avg       0.57      0.32      0.36     43114
weighted avg       0.60      0.62      0.58     43114
 samples avg       0.62      0.62      0.62     43114


[[  835     3     0     6     0    56     9   218     0  1668]
 [   11    80     0    60     0     6    44   243     1   876]
 [   23     2    28     4     0     6    12    52     0   228]
 [   14    20     1  3724     1     1    31   383     1   524]
 [   10     5     0     6     5     2    12    53     0   492]
 [   88     4     1    15     0   345    10   246     4   791]
 [    7    13     0    73     0     1  1704   152     0  1719]
 [  151    37     3   291     1    84    80  3067     5  3787]
 [   15     2     0    23     0    12     6   158    27   423]
 [  503    56    10   218     3   127   683  1655    11 16747]]

