Title: Fully Connected - Words: 1000, Batch: 128, Epochs: 1, Outputs: 256

Results of Training Set

--------------------
Accuracy: 0.6128017194724065, F1 Score: 0.27934520971449567, Precision: 0.39508218254147276, Recall: 0.2608173016002543

              precision    recall  f1-score   support

           0       0.61      0.12      0.19      8263
           1       0.00      0.00      0.00      3968
           2       0.00      0.00      0.00      1050
           3       0.86      0.76      0.81     14541
           4       0.00      0.00      0.00      1763
           5       0.59      0.09      0.15      4392
           6       0.76      0.42      0.54     11089
           7       0.55      0.30      0.39     22288
           8       0.00      0.00      0.00      1971
           9       0.58      0.93      0.71     60017

   micro avg       0.61      0.61      0.61    129342
   macro avg       0.40      0.26      0.28    129342
weighted avg       0.58      0.61      0.55    129342
 samples avg       0.61      0.61      0.61    129342


[[  959     0     0     8     0    66    13   274     0  6943]
 [   10     0     0   198     0     4    76   467     0  3213]
 [   20     0     0     7     0     4    18    69     0   932]
 [   18     0     0 11080     0     5    68  1149     0  2221]
 [    4     0     0    15     0     1     6    69     0  1668]
 [   74     0     0    52     0   374    10   424     0  3458]
 [    2     0     0   212     0     0  4674   217     0  5984]
 [  105     0     0   744     0    75   143  6649     0 14572]
 [   13     0     0    66     0    13    20   343     0  1516]
 [  372     0     0   486     0    90  1104  2440     0 55525]]

Results of Validation Set

--------------------
Accuracy: 0.5995732244746486, F1 Score: 0.2690056624234717, Precision: 0.3760904882809656, Recall: 0.2526958454293228

              precision    recall  f1-score   support

           0       0.61      0.11      0.19      2797
           1       0.00      0.00      0.00      1370
           2       0.00      0.00      0.00       371
           3       0.85      0.75      0.79      4733
           4       0.00      0.00      0.00       600
           5       0.47      0.07      0.12      1417
           6       0.73      0.40      0.52      3795
           7       0.53      0.28      0.37      7454
           8       0.00      0.00      0.00       665
           9       0.57      0.92      0.70     19912

   micro avg       0.60      0.60      0.60     43114
   macro avg       0.38      0.25      0.27     43114
weighted avg       0.57      0.60      0.54     43114
 samples avg       0.60      0.60      0.60     43114


[[  309     0     0     3     0    27     5    84     0  2369]
 [    2     0     0    79     0     3    34   187     0  1065]
 [    5     0     0     1     0     1     6    23     0   335]
 [    3     0     0  3534     0     0    26   379     0   791]
 [    2     0     0     2     0     0     4    35     0   557]
 [   21     0     0    13     0    99     3   149     0  1132]
 [    3     0     0    77     0     0  1509    66     0  2140]
 [   36     0     0   258     0    28    40  2119     0  4973]
 [    3     0     0    17     0     7     4   121     0   513]
 [  122     0     0   184     0    44   429   853     0 18280]]

Results of Test Set

--------------------
Accuracy: 0.5983671197290903, F1 Score: 0.2654009897163527, Precision: 0.37071304416069156, Recall: 0.25023826876284583

              precision    recall  f1-score   support

           0       0.55      0.10      0.17      2795
           1       0.00      0.00      0.00      1321
           2       0.00      0.00      0.00       355
           3       0.85      0.75      0.79      4700
           4       0.00      0.00      0.00       585
           5       0.49      0.07      0.12      1504
           6       0.73      0.39      0.51      3669
           7       0.52      0.28      0.36      7506
           8       0.00      0.00      0.00       666
           9       0.57      0.92      0.70     20013

   micro avg       0.60      0.60      0.60     43114
   macro avg       0.37      0.25      0.27     43114
weighted avg       0.56      0.60      0.53     43114
 samples avg       0.60      0.60      0.60     43114


[[  280     0     0     3     0    18     8    89     0  2397]
 [    5     0     0    56     0     1    23   174     0  1062]
 [    6     0     0     2     0     2     5    21     0   319]
 [    3     0     0  3519     0     0    22   402     0   754]
 [    3     0     0     4     0     0     5    25     0   548]
 [   31     0     0    15     0    98    12   141     0  1207]
 [    1     0     0    71     0     1  1442    70     0  2084]
 [   46     0     0   296     0    28    37  2078     0  5021]
 [    1     0     0    16     0     4     4   128     0   513]
 [  130     0     0   174     0    48   430   850     0 18381]]

