Title: Fully Connected - Words: 1000, Batch: 32, Epochs: 10, Outputs: 10

Results of Training Set

--------------------
Accuracy: 0.5850303845618593, F1 Score: 0.21489813067679844, Precision: 0.39525580727245974, Recall: 0.21531808154069357

              precision    recall  f1-score   support

           0       0.58      0.00      0.01      8263
           1       0.00      0.00      0.00      3968
           2       0.00      0.00      0.00      1050
           3       0.86      0.76      0.81     14541
           4       0.00      0.00      0.00      1763
           5       0.50      0.00      0.00      4392
           6       0.83      0.28      0.42     11089
           7       0.63      0.13      0.21     22288
           8       0.00      0.00      0.00      1971
           9       0.54      0.98      0.70     60017

   micro avg       0.59      0.59      0.59    129342
   macro avg       0.40      0.22      0.21    129342
weighted avg       0.58      0.59      0.49    129342
 samples avg       0.59      0.59      0.59    129342


[[   32     0     0     3     0     2     1    23     0  8202]
 [    0     0     0   178     0     0    36   180     0  3574]
 [    2     0     0     4     0     0    10    28     0  1006]
 [    0     0     0 11098     0     0    29   540     0  2874]
 [    0     0     0    13     0     0     2    18     0  1730]
 [    4     0     0    47     0     2     3   125     0  4211]
 [    1     0     0   212     0     0  3128    62     0  7686]
 [    5     0     0   817     0     0    53  2849     0 18564]
 [    0     0     0    62     0     0     4   150     0  1755]
 [   11     0     0   437     0     0   486   523     0 58560]]

Results of Validation Set

--------------------
Accuracy: 0.575335157953333, F1 Score: 0.20979830713373837, Precision: 0.3585710010603182, Recall: 0.2113621472894188

              precision    recall  f1-score   support

           0       0.80      0.00      0.01      2797
           1       0.00      0.00      0.00      1370
           2       0.00      0.00      0.00       371
           3       0.85      0.74      0.79      4733
           4       0.00      0.00      0.00       600
           5       0.00      0.00      0.00      1417
           6       0.80      0.28      0.41      3795
           7       0.60      0.12      0.20      7454
           8       0.00      0.00      0.00       665
           9       0.53      0.97      0.69     19912

   micro avg       0.58      0.58      0.58     43114
   macro avg       0.36      0.21      0.21     43114
weighted avg       0.57      0.58      0.48     43114
 samples avg       0.58      0.58      0.58     43114


[[   12     0     0     4     0     0     0     9     0  2772]
 [    0     0     0    83     0     0    13    63     0  1211]
 [    0     0     0     0     0     0     2     5     0   364]
 [    0     0     0  3523     0     0    14   181     0  1015]
 [    0     0     0     2     0     0     0    10     0   588]
 [    2     0     0    14     0     0     1    50     0  1350]
 [    0     0     0    76     0     0  1044    21     0  2654]
 [    0     0     0   271     0     0    17   883     0  6283]
 [    0     0     0    20     0     0     1    59     0   585]
 [    1     0     0   174     0     0   206   188     0 19343]]

Results of Test Set

--------------------
Accuracy: 0.5761701535464119, F1 Score: 0.20909891194808766, Precision: 0.3484278532677923, Recall: 0.2109870953229184

              precision    recall  f1-score   support

           0       0.71      0.00      0.01      2795
           1       0.00      0.00      0.00      1321
           2       0.00      0.00      0.00       355
           3       0.85      0.75      0.80      4700
           4       0.00      0.00      0.00       585
           5       0.00      0.00      0.00      1504
           6       0.81      0.27      0.41      3669
           7       0.59      0.11      0.19      7506
           8       0.00      0.00      0.00       666
           9       0.54      0.97      0.69     20013

   micro avg       0.58      0.58      0.58     43114
   macro avg       0.35      0.21      0.21     43114
weighted avg       0.56      0.58      0.48     43114
 samples avg       0.58      0.58      0.58     43114


[[   12     0     0     1     0     0     0    13     0  2769]
 [    0     0     0    52     0     0    10    68     0  1191]
 [    0     0     0     4     0     0     4     7     0   340]
 [    0     0     0  3520     0     0    12   187     0   981]
 [    0     0     0     4     0     0     3     7     0   571]
 [    2     0     0    12     0     0     6    43     0  1441]
 [    0     0     0    71     0     0   996    25     0  2577]
 [    1     0     0   305     0     0    19   843     0  6338]
 [    0     0     0    17     0     0     1    47     0   601]
 [    2     0     0   158     0     0   184   199     0 19470]]

