Title: Fully Connected - Words: 1000, Batch: 64, Epochs: 10, Outputs: 10

Results of Training Set

--------------------
Accuracy: 0.5905042445609315, F1 Score: 0.2234934953898195, Precision: 0.3494500532524226, Recall: 0.22235132619089218

              precision    recall  f1-score   support

           0       0.70      0.00      0.01      8263
           1       0.00      0.00      0.00      3968
           2       0.00      0.00      0.00      1050
           3       0.85      0.76      0.80     14541
           4       0.00      0.00      0.00      1763
           5       0.00      0.00      0.00      4392
           6       0.81      0.33      0.47     11089
           7       0.58      0.16      0.26     22288
           8       0.00      0.00      0.00      1971
           9       0.55      0.97      0.70     60017

   micro avg       0.59      0.59      0.59    129342
   macro avg       0.35      0.22      0.22    129342
weighted avg       0.57      0.59      0.50    129342
 samples avg       0.59      0.59      0.59    129342


[[   33     0     0     5     0     3     3    40     0  8179]
 [    0     0     0   190     0     0    40   278     0  3460]
 [    0     0     0     6     0     0    13    37     0   994]
 [    0     0     0 11076     0     0    24   876     0  2565]
 [    0     0     0    14     0     0     5    29     0  1715]
 [    2     0     0    50     0     0     5   174     0  4161]
 [    0     0     0   220     0     0  3628   101     0  7140]
 [    2     0     0   936     0     1    79  3673     0 17597]
 [    0     0     0    59     0     0     5   197     0  1710]
 [   10     0     0   469     0     0   684   887     0 57967]]

Results of Validation Set

--------------------
Accuracy: 0.581736790833604, F1 Score: 0.21885740798771405, Precision: 0.35924033738746586, Recall: 0.21868597451298558

              precision    recall  f1-score   support

           0       0.87      0.00      0.01      2797
           1       0.00      0.00      0.00      1370
           2       0.00      0.00      0.00       371
           3       0.84      0.75      0.79      4733
           4       0.00      0.00      0.00       600
           5       0.00      0.00      0.00      1417
           6       0.79      0.32      0.45      3795
           7       0.56      0.16      0.24      7454
           8       0.00      0.00      0.00       665
           9       0.54      0.96      0.69     19912

   micro avg       0.58      0.58      0.58     43114
   macro avg       0.36      0.22      0.22     43114
weighted avg       0.57      0.58      0.49     43114
 samples avg       0.58      0.58      0.58     43114


[[   13     0     0     4     0     1     2    15     0  2762]
 [    0     0     0    83     0     0    20    91     0  1176]
 [    0     0     0     0     0     0     3     7     0   361]
 [    0     0     0  3533     0     0    16   310     0   874]
 [    0     0     0     4     0     0     0    14     0   582]
 [    0     0     0    15     0     0     1    68     0  1333]
 [    0     0     0    85     0     0  1204    34     0  2472]
 [    0     0     0   303     0     0    24  1161     0  5966]
 [    0     0     0    21     0     0     1    70     0   573]
 [    2     0     0   177     0     0   262   301     0 19170]]

Results of Test Set

--------------------
Accuracy: 0.581690402189544, F1 Score: 0.21789175797556362, Precision: 0.3338565272398589, Recall: 0.21805157912026246

              precision    recall  f1-score   support

           0       0.62      0.00      0.01      2795
           1       0.00      0.00      0.00      1321
           2       0.00      0.00      0.00       355
           3       0.84      0.75      0.79      4700
           4       0.00      0.00      0.00       585
           5       0.00      0.00      0.00      1504
           6       0.77      0.31      0.45      3669
           7       0.56      0.15      0.24      7506
           8       0.00      0.00      0.00       666
           9       0.54      0.96      0.70     20013

   micro avg       0.58      0.58      0.58     43114
   macro avg       0.33      0.22      0.22     43114
weighted avg       0.55      0.58      0.49     43114
 samples avg       0.58      0.58      0.58     43114


[[   10     0     0     1     0     1     1    18     0  2764]
 [    0     0     0    58     0     0    15    94     0  1154]
 [    0     0     0     4     0     0     4     8     0   339]
 [    0     0     0  3520     0     0    10   316     0   854]
 [    0     0     0     3     0     0     3    11     0   568]
 [    2     0     0    13     0     0     7    63     0  1419]
 [    0     0     0    71     0     0  1152    32     0  2414]
 [    1     0     0   340     0     0    22  1139     0  6004]
 [    0     0     0    18     0     0     1    58     0   589]
 [    3     0     0   172     0     0   273   307     0 19258]]

