Title: Fully Connected - Words: 1000, Batch: 128, Epochs: 10, Outputs: 10

Results of Training Set

--------------------
Accuracy: 0.5920737270182926, F1 Score: 0.22550740865195668, Precision: 0.3566931409472497, Recall: 0.2219044552273084

              precision    recall  f1-score   support

           0       0.74      0.01      0.01      8263
           1       0.00      0.00      0.00      3968
           2       0.00      0.00      0.00      1050
           3       0.87      0.75      0.80     14541
           4       0.00      0.00      0.00      1763
           5       0.00      0.00      0.00      4392
           6       0.82      0.31      0.45     11089
           7       0.58      0.20      0.29     22288
           8       0.00      0.00      0.00      1971
           9       0.55      0.97      0.70     60017

   micro avg       0.59      0.59      0.59    129342
   macro avg       0.36      0.22      0.23    129342
weighted avg       0.57      0.59      0.51    129342
 samples avg       0.59      0.59      0.59    129342


[[   45     0     0     5     0     2     2    72     0  8137]
 [    0     0     0   168     0     0    33   291     0  3476]
 [    0     0     0     4     0     0    11    37     0   998]
 [    0     0     0 10870     0     0    30  1028     0  2613]
 [    0     0     0    11     0     0     3    31     0  1718]
 [    3     0     0    41     0     0     3   196     0  4149]
 [    1     0     0   215     0     0  3387   107     0  7379]
 [    3     0     0   686     0     1    65  4359     0 17174]
 [    0     0     0    56     0     0     5   241     0  1669]
 [    9     0     0   421     0     0   578  1090     0 57919]]

Results of Validation Set

--------------------
Accuracy: 0.582386231850443, F1 Score: 0.22022021593218546, Precision: 0.3595847072472631, Recall: 0.21751222902394915

              precision    recall  f1-score   support

           0       0.84      0.01      0.01      2797
           1       0.00      0.00      0.00      1370
           2       0.00      0.00      0.00       371
           3       0.85      0.73      0.79      4733
           4       0.00      0.00      0.00       600
           5       0.00      0.00      0.00      1417
           6       0.80      0.29      0.43      3795
           7       0.56      0.19      0.28      7454
           8       0.00      0.00      0.00       665
           9       0.54      0.96      0.70     19912

   micro avg       0.58      0.58      0.58     43114
   macro avg       0.36      0.22      0.22     43114
weighted avg       0.57      0.58      0.49     43114
 samples avg       0.58      0.58      0.58     43114


[[   21     0     0     3     0     0     1    28     0  2744]
 [    0     0     0    75     0     0    16    99     0  1180]
 [    0     0     0     0     0     0     3     6     0   362]
 [    0     0     0  3447     0     0    15   362     0   909]
 [    0     0     0     2     0     0     0    15     0   583]
 [    1     0     0    14     0     0     1    82     0  1319]
 [    0     0     0    77     0     0  1110    35     0  2573]
 [    1     0     0   246     0     0    20  1379     0  5808]
 [    0     0     0    16     0     0     1    80     0   568]
 [    2     0     0   157     0     0   224   377     0 19152]]

Results of Test Set

--------------------
Accuracy: 0.5822470659182633, F1 Score: 0.21834222703802605, Precision: 0.34226528943787715, Recall: 0.21633920672214826

              precision    recall  f1-score   support

           0       0.68      0.01      0.01      2795
           1       0.00      0.00      0.00      1321
           2       0.00      0.00      0.00       355
           3       0.86      0.73      0.79      4700
           4       0.00      0.00      0.00       585
           5       0.00      0.00      0.00      1504
           6       0.79      0.28      0.42      3669
           7       0.55      0.18      0.27      7506
           8       0.00      0.00      0.00       666
           9       0.55      0.96      0.70     20013

   micro avg       0.58      0.58      0.58     43114
   macro avg       0.34      0.22      0.22     43114
weighted avg       0.55      0.58      0.49     43114
 samples avg       0.58      0.58      0.58     43114


[[   15     0     0     1     0     2     1    34     0  2742]
 [    0     0     0    51     0     0    13   103     0  1154]
 [    0     0     0     3     0     0     4     9     0   339]
 [    0     0     0  3449     0     0    15   368     0   868]
 [    0     0     0     3     0     0     3    15     0   564]
 [    3     0     0    13     0     0     6    67     0  1415]
 [    0     0     0    67     0     0  1044    40     0  2518]
 [    2     0     0   266     0     0    18  1328     0  5892]
 [    0     0     0    15     0     0     3    77     0   571]
 [    2     0     0   157     0     0   219   368     0 19267]]

