Title: Fully Connected - Words: 1000, Batch: 32, Epochs: 10, Outputs: 16

Results of Training Set

--------------------
Accuracy: 0.6003154427796076, F1 Score: 0.24072459068028557, Precision: 0.395560865611544, Recall: 0.23656547995162763

              precision    recall  f1-score   support

           0       0.49      0.01      0.02      8263
           1       0.00      0.00      0.00      3968
           2       0.00      0.00      0.00      1050
           3       0.84      0.78      0.81     14541
           4       0.00      0.00      0.00      1763
           5       0.67      0.03      0.06      4392
           6       0.78      0.40      0.53     11089
           7       0.61      0.18      0.28     22288
           8       0.00      0.00      0.00      1971
           9       0.56      0.96      0.71     60017

   micro avg       0.60      0.60      0.60    129342
   macro avg       0.40      0.24      0.24    129342
weighted avg       0.58      0.60      0.52    129342
 samples avg       0.60      0.60      0.60    129342


[[   71     0     0     5     0    20     5    61     0  8101]
 [    3     0     0   216     0     1    77   262     0  3409]
 [    2     0     0     7     0     3    24    44     0   970]
 [    0     0     0 11369     0     1    41   711     0  2419]
 [    0     0     0    21     0     1     9    19     0  1713]
 [   37     0     0    62     0   146    11   199     0  3937]
 [    0     0     0   225     0     0  4432   113     0  6319]
 [    9     0     0  1002     0    21   117  4093     0 17046]
 [    0     0     0    62     0     1    10   234     0  1664]
 [   22     0     0   547     0    24   957   932     0 57535]]

Results of Validation Set

--------------------
Accuracy: 0.5895300830356729, F1 Score: 0.23396404816073663, Precision: 0.3769758804897774, Recall: 0.23121689326133277

              precision    recall  f1-score   support

           0       0.50      0.01      0.02      2797
           1       0.00      0.00      0.00      1370
           2       0.00      0.00      0.00       371
           3       0.83      0.77      0.80      4733
           4       0.00      0.00      0.00       600
           5       0.55      0.03      0.05      1417
           6       0.76      0.38      0.51      3795
           7       0.58      0.17      0.27      7454
           8       0.00      0.00      0.00       665
           9       0.55      0.95      0.70     19912

   micro avg       0.59      0.59      0.59     43114
   macro avg       0.38      0.23      0.23     43114
weighted avg       0.56      0.59      0.50     43114
 samples avg       0.59      0.59      0.59     43114


[[   33     0     0     4     0     9     2    25     0  2724]
 [    0     0     0    87     0     0    24    97     0  1162]
 [    0     0     0     0     0     1     6     7     0   357]
 [    0     0     0  3638     0     0    18   237     0   840]
 [    0     0     0     4     0     0     3    18     0   575]
 [   21     0     0    15     0    37     2    80     0  1262]
 [    0     0     0    83     0     0  1441    36     0  2235]
 [    3     0     0   340     0     9    35  1287     0  5780]
 [    1     0     0    21     0     3     2    86     0   552]
 [    8     0     0   212     0     8   369   334     0 18981]]

Results of Test Set

--------------------
Accuracy: 0.5875585656631257, F1 Score: 0.2321675130122744, Precision: 0.36838430982439363, Recall: 0.22960459066647965

              precision    recall  f1-score   support

           0       0.45      0.01      0.02      2795
           1       0.00      0.00      0.00      1321
           2       0.00      0.00      0.00       355
           3       0.83      0.76      0.80      4700
           4       0.00      0.00      0.00       585
           5       0.54      0.03      0.05      1504
           6       0.74      0.38      0.50      3669
           7       0.57      0.17      0.26      7506
           8       0.00      0.00      0.00       666
           9       0.55      0.95      0.70     20013

   micro avg       0.59      0.59      0.59     43114
   macro avg       0.37      0.23      0.23     43114
weighted avg       0.56      0.59      0.50     43114
 samples avg       0.59      0.59      0.59     43114


[[   28     0     0     2     0     6     3    33     0  2723]
 [    0     0     0    60     0     1    24    95     0  1141]
 [    0     0     0     4     0     1     6    12     0   332]
 [    0     0     0  3592     0     1    17   251     0   839]
 [    0     0     0     4     0     0     8    15     0   558]
 [   17     0     0    17     0    43    10    74     0  1343]
 [    0     0     0    78     0     0  1376    30     0  2185]
 [    4     0     0   354     0    10    34  1251     0  5853]
 [    1     0     0    20     0     1     4    70     0   570]
 [   12     0     0   202     0    16   390   351     0 19042]]

