Title: Fully Connected - Words: 1000, Batch: 64, Epochs: 10, Outputs: 16

Results of Training Set

--------------------
Accuracy: 0.5996891960847984, F1 Score: 0.244351240573977, Precision: 0.40929200519235415, Recall: 0.235215252909793

              precision    recall  f1-score   support

           0       0.55      0.06      0.11      8263
           1       0.00      0.00      0.00      3968
           2       0.00      0.00      0.00      1050
           3       0.87      0.76      0.81     14541
           4       0.00      0.00      0.00      1763
           5       0.70      0.01      0.03      4392
           6       0.81      0.37      0.50     11089
           7       0.61      0.19      0.29     22288
           8       0.00      0.00      0.00      1971
           9       0.56      0.96      0.70     60017

   micro avg       0.60      0.60      0.60    129342
   macro avg       0.41      0.24      0.24    129342
weighted avg       0.59      0.60      0.52    129342
 samples avg       0.60      0.60      0.60    129342


[[  485     0     0     6     0     9     4    72     0  7687]
 [    3     0     0   168     0     0    59   283     0  3455]
 [   10     0     0     7     0     3    12    29     0   989]
 [    7     0     0 11071     0     1    21   796     0  2645]
 [    0     0     0    14     0     0     5    21     0  1723]
 [  101     0     0    45     0    59     2   230     0  3955]
 [    1     0     0   213     0     0  4064    98     0  6713]
 [   54     0     0   775     0     7    86  4291     0 17075]
 [    4     0     0    54     0     1     6   254     0  1652]
 [  209     0     0   433     0     4   783   993     0 57595]]

Results of Validation Set

--------------------
Accuracy: 0.5886255044765042, F1 Score: 0.23815105257269692, Precision: 0.3738856600881639, Recall: 0.2303838509148286

              precision    recall  f1-score   support

           0       0.58      0.07      0.12      2797
           1       0.00      0.00      0.00      1370
           2       0.00      0.00      0.00       371
           3       0.84      0.74      0.79      4733
           4       0.00      0.00      0.00       600
           5       0.42      0.01      0.02      1417
           6       0.77      0.35      0.48      3795
           7       0.57      0.18      0.27      7454
           8       0.00      0.00      0.00       665
           9       0.55      0.95      0.70     19912

   micro avg       0.59      0.59      0.59     43114
   macro avg       0.37      0.23      0.24     43114
weighted avg       0.57      0.59      0.51     43114
 samples avg       0.59      0.59      0.59     43114


[[  194     0     0     4     0     3     1    31     0  2564]
 [    1     0     0    79     0     0    28   102     0  1160]
 [    4     0     0     1     0     0     5     6     0   355]
 [    2     0     0  3519     0     0    18   274     0   920]
 [    0     0     0     2     0     0     0    18     0   580]
 [   33     0     0    11     0    11     1    90     0  1271]
 [    1     0     0    76     0     0  1332    32     0  2354]
 [   29     0     0   282     0     4    27  1330     0  5782]
 [    2     0     0    22     0     1     1    84     0   555]
 [   69     0     0   174     0     7   319   351     0 18992]]

Results of Test Set

--------------------
Accuracy: 0.5868395416801967, F1 Score: 0.2333459120607808, Precision: 0.36145035025659655, Recall: 0.2271900676256286

              precision    recall  f1-score   support

           0       0.50      0.05      0.09      2795
           1       0.00      0.00      0.00      1321
           2       0.00      0.00      0.00       355
           3       0.85      0.75      0.79      4700
           4       0.00      0.00      0.00       585
           5       0.38      0.01      0.01      1504
           6       0.76      0.34      0.47      3669
           7       0.57      0.17      0.26      7506
           8       0.00      0.00      0.00       666
           9       0.55      0.95      0.70     20013

   micro avg       0.59      0.59      0.59     43114
   macro avg       0.36      0.23      0.23     43114
weighted avg       0.56      0.59      0.50     43114
 samples avg       0.59      0.59      0.59     43114


[[  145     0     0     4     0     3     2    30     0  2611]
 [    0     0     0    56     0     0    19    97     0  1149]
 [    3     0     0     3     0     0     6     9     0   334]
 [    1     0     0  3504     0     0    10   271     0   914]
 [    1     0     0     5     0     0     4    12     0   563]
 [   36     0     0    16     0    10     6    74     0  1362]
 [    0     0     0    68     0     0  1254    34     0  2313]
 [   30     0     0   302     0     4    24  1289     0  5857]
 [    2     0     0    17     0     0     3    79     0   565]
 [   72     0     0   157     0     9   325   351     0 19099]]

