Title: Fully Connected - Words: 1000, Batch: 128, Epochs: 10, Outputs: 16

Results of Training Set

--------------------
Accuracy: 0.602820429558844, F1 Score: 0.247161730456099, Precision: 0.3996453879879589, Recall: 0.23931215993674787

              precision    recall  f1-score   support

           0       0.57      0.04      0.08      8263
           1       0.00      0.00      0.00      3968
           2       0.00      0.00      0.00      1050
           3       0.85      0.77      0.81     14541
           4       0.00      0.00      0.00      1763
           5       0.65      0.02      0.04      4392
           6       0.78      0.39      0.52     11089
           7       0.59      0.22      0.32     22288
           8       0.00      0.00      0.00      1971
           9       0.56      0.95      0.71     60017

   micro avg       0.60      0.60      0.60    129342
   macro avg       0.40      0.24      0.25    129342
weighted avg       0.58      0.60      0.53    129342
 samples avg       0.60      0.60      0.60    129342


[[  336     0     0     6     0    12     5   152     0  7752]
 [    5     0     0   196     0     0    75   343     0  3349]
 [    7     0     0     6     0     2    16    35     0   984]
 [    7     0     0 11235     0     2    43   886     0  2368]
 [    0     0     0    12     0     0     5    33     0  1713]
 [   82     0     0    51     0    87     8   259     0  3905]
 [    1     0     0   226     0     0  4295   123     0  6444]
 [   42     0     0   860     0    11   107  4941     0 16327]
 [    1     0     0    61     0     1    11   296     0  1601]
 [  113     0     0   491     0    19   949  1369     0 57076]]

Results of Validation Set

--------------------
Accuracy: 0.590898548035441, F1 Score: 0.23994710849517534, Precision: 0.3715926355993259, Recall: 0.23346424547098316

              precision    recall  f1-score   support

           0       0.58      0.04      0.08      2797
           1       0.00      0.00      0.00      1370
           2       0.00      0.00      0.00       371
           3       0.84      0.75      0.79      4733
           4       0.00      0.00      0.00       600
           5       0.44      0.01      0.02      1417
           6       0.75      0.37      0.49      3795
           7       0.56      0.21      0.31      7454
           8       0.00      0.00      0.00       665
           9       0.55      0.94      0.70     19912

   micro avg       0.59      0.59      0.59     43114
   macro avg       0.37      0.23      0.24     43114
weighted avg       0.56      0.59      0.51     43114
 samples avg       0.59      0.59      0.59     43114


[[  124     0     0     4     0     6     2    42     0  2619]
 [    0     0     0    83     0     0    25   116     0  1146]
 [    1     0     0     0     0     0     5     8     0   357]
 [    1     0     0  3566     0     0    21   321     0   824]
 [    1     0     0     3     0     0     1    19     0   576]
 [   30     0     0    11     0    18     3    97     0  1258]
 [    1     0     0    83     0     0  1400    34     0  2277]
 [   14     0     0   303     0     6    29  1577     0  5525]
 [    2     0     0    22     0     2     2   101     0   536]
 [   41     0     0   192     0     9   378   501     0 18791]]

Results of Test Set

--------------------
Accuracy: 0.5915016004082201, F1 Score: 0.23837459859803806, Precision: 0.3773662235340959, Recall: 0.23259766831973555

              precision    recall  f1-score   support

           0       0.51      0.04      0.07      2795
           1       0.00      0.00      0.00      1321
           2       0.00      0.00      0.00       355
           3       0.84      0.76      0.79      4700
           4       0.00      0.00      0.00       585
           5       0.57      0.02      0.03      1504
           6       0.74      0.37      0.49      3669
           7       0.56      0.20      0.30      7506
           8       0.00      0.00      0.00       666
           9       0.56      0.95      0.70     20013

   micro avg       0.59      0.59      0.59     43114
   macro avg       0.38      0.23      0.24     43114
weighted avg       0.56      0.59      0.51     43114
 samples avg       0.59      0.59      0.59     43114


[[  101     0     0     4     0     4     6    39     0  2641]
 [    2     0     0    59     0     0    23   124     0  1113]
 [    2     0     0     3     0     0     5    11     0   334]
 [    0     0     0  3553     0     1    18   326     0   802]
 [    0     0     0     4     0     0     5    15     0   561]
 [   32     0     0    16     0    24     7    87     0  1338]
 [    0     0     0    74     0     0  1351    40     0  2204]
 [   15     0     0   330     0     6    33  1522     0  5600]
 [    1     0     0    16     0     0     3   109     0   537]
 [   46     0     0   185     0     7   363   461     0 18951]]

