Title: Fully Connected - Words: 1000, Batch: 32, Epochs: 10, Outputs: 32

Results of Training Set

--------------------
Accuracy: 0.6163272564209615, F1 Score: 0.2790258305508238, Precision: 0.6006102252052379, Recall: 0.259680168836023

              precision    recall  f1-score   support

           0       0.67      0.10      0.17      8263
           1       0.00      0.00      0.00      3968
           2       1.00      0.00      0.01      1050
           3       0.86      0.79      0.82     14541
           4       0.00      0.00      0.00      1763
           5       0.70      0.10      0.18      4392
           6       0.80      0.40      0.53     11089
           7       0.60      0.26      0.36     22288
           8       0.80      0.00      0.00      1971
           9       0.57      0.95      0.71     60017

   micro avg       0.62      0.62      0.62    129342
   macro avg       0.60      0.26      0.28    129342
weighted avg       0.62      0.62      0.55    129342
 samples avg       0.62      0.62      0.62    129342


[[  816     0     0     8     0    38     2   163     0  7236]
 [    4     0     0   188     0     1    68   437     0  3270]
 [   21     0     4     6     0     4    19    48     0   948]
 [    9     0     0 11431     0     2    55   828     0  2216]
 [    1     0     0    14     0     1     5    36     0  1706]
 [   56     0     0    61     0   449     7   308     0  3511]
 [    2     0     0   210     0     0  4408   159     0  6310]
 [   61     0     0   900     0    65   111  5787     0 15364]
 [    5     0     0    67     0    10     8   310     4  1567]
 [  237     0     0   454     0    67   833  1607     1 56818]]

Results of Validation Set

--------------------
Accuracy: 0.5973465695597717, F1 Score: 0.26226201258433657, Precision: 0.5862565643983706, Recall: 0.24695382452311745

              precision    recall  f1-score   support

           0       0.62      0.09      0.15      2797
           1       0.00      0.00      0.00      1370
           2       1.00      0.00      0.01       371
           3       0.83      0.76      0.79      4733
           4       0.00      0.00      0.00       600
           5       0.54      0.08      0.13      1417
           6       0.75      0.37      0.49      3795
           7       0.55      0.24      0.33      7454
           8       1.00      0.00      0.01       665
           9       0.56      0.94      0.70     19912

   micro avg       0.60      0.60      0.60     43114
   macro avg       0.59      0.25      0.26     43114
weighted avg       0.60      0.60      0.53     43114
 samples avg       0.60      0.60      0.60     43114


[[  244     0     0     5     0    21     3    60     0  2464]
 [    3     0     0    80     0     1    27   156     0  1103]
 [    5     0     1     2     0     0     6    13     0   344]
 [    2     0     0  3590     0     1    25   306     0   809]
 [    0     0     0     3     0     0     1    28     0   568]
 [   20     0     0    15     0   109     5   119     0  1149]
 [    2     0     0    75     0     1  1390    47     0  2280]
 [   26     0     0   326     0    29    33  1781     0  5259]
 [    1     0     0    21     0     6     2   108     2   525]
 [   88     0     0   185     0    35   352   615     0 18637]]

Results of Test Set

--------------------
Accuracy: 0.5971146263394721, F1 Score: 0.25874399499236445, Precision: 0.47577370331387075, Recall: 0.24524505243988667

              precision    recall  f1-score   support

           0       0.55      0.08      0.13      2795
           1       0.00      0.00      0.00      1321
           2       0.00      0.00      0.00       355
           3       0.84      0.76      0.80      4700
           4       0.00      0.00      0.00       585
           5       0.51      0.07      0.13      1504
           6       0.74      0.37      0.49      3669
           7       0.55      0.23      0.33      7506
           8       1.00      0.00      0.00       666
           9       0.56      0.94      0.70     20013

   micro avg       0.60      0.60      0.60     43114
   macro avg       0.48      0.25      0.26     43114
weighted avg       0.58      0.60      0.53     43114
 samples avg       0.60      0.60      0.60     43114


[[  214     0     0     4     0    20     2    64     0  2491]
 [    2     0     0    54     0     2    21   149     0  1093]
 [    6     0     0     4     0     1     7    11     0   326]
 [    1     0     0  3589     0     0    19   319     0   772]
 [    2     0     0     5     0     0     5    14     0   559]
 [   23     0     0    16     0   110     7   104     0  1244]
 [    0     0     0    70     0     1  1357    51     0  2190]
 [   27     0     0   366     0    33    33  1739     0  5308]
 [    2     0     0    18     0     4     2   116     1   523]
 [  110     0     0   171     0    45   369   584     0 18734]]

