Title: Fully Connected - Words: 1000, Batch: 64, Epochs: 10, Outputs: 32

Results of Training Set

--------------------
Accuracy: 0.6177653043868194, F1 Score: 0.2794274763646765, Precision: 0.5159682970900656, Recall: 0.26016965437737694

              precision    recall  f1-score   support

           0       0.64      0.14      0.23      8263
           1       0.00      0.00      0.00      3968
           2       1.00      0.00      0.01      1050
           3       0.86      0.79      0.82     14541
           4       0.00      0.00      0.00      1763
           5       0.68      0.07      0.13      4392
           6       0.82      0.38      0.52     11089
           7       0.59      0.27      0.37     22288
           8       0.00      0.00      0.00      1971
           9       0.58      0.94      0.72     60017

   micro avg       0.62      0.62      0.62    129342
   macro avg       0.52      0.26      0.28    129342
weighted avg       0.61      0.62      0.55    129342
 samples avg       0.62      0.62      0.62    129342


[[ 1137     0     0     8     0    35     9   204     0  6870]
 [    8     0     0   195     0     3    59   423     0  3280]
 [   25     0     3     6     0     5    17    51     0   943]
 [    8     0     0 11481     0     4    25   881     0  2142]
 [    2     0     0    15     0     0     5    31     0  1710]
 [  115     0     0    57     0   313     7   365     0  3535]
 [    3     0     0   228     0     0  4266   173     0  6419]
 [  100     0     0   834     0    43   116  6061     0 15134]
 [    9     0     0    64     0     5     6   331     0  1556]
 [  382     0     0   518     0    51   713  1711     0 56642]]

Results of Validation Set

--------------------
Accuracy: 0.5988542004917197, F1 Score: 0.26299277199738247, Precision: 0.3805430853965407, Recall: 0.24805758886008586

              precision    recall  f1-score   support

           0       0.60      0.13      0.21      2797
           1       0.00      0.00      0.00      1370
           2       0.00      0.00      0.00       371
           3       0.83      0.76      0.80      4733
           4       0.00      0.00      0.00       600
           5       0.50      0.05      0.09      1417
           6       0.76      0.36      0.49      3795
           7       0.55      0.25      0.34      7454
           8       0.00      0.00      0.00       665
           9       0.57      0.93      0.70     19912

   micro avg       0.60      0.60      0.60     43114
   macro avg       0.38      0.25      0.26     43114
weighted avg       0.57      0.60      0.53     43114
 samples avg       0.60      0.60      0.60     43114


[[  354     0     0     6     0    17     6    67     0  2347]
 [    1     0     0    87     0     2    27   157     0  1096]
 [    7     0     0     1     0     1     7    16     0   339]
 [    3     0     0  3619     0     0    12   317     0   782]
 [    1     0     0     4     0     0     1    22     0   572]
 [   49     0     0    15     0    73     1   141     0  1138]
 [    3     0     0    86     0     1  1354    50     0  2301]
 [   44     0     0   311     0    18    36  1854     0  5191]
 [    2     0     0    19     0     4     3   117     0   520]
 [  127     0     0   211     0    29   334   646     0 18565]]

Results of Test Set

--------------------
Accuracy: 0.5999211393050982, F1 Score: 0.26352908497790506, Precision: 0.38180674084712307, Recall: 0.24838265728964273

              precision    recall  f1-score   support

           0       0.55      0.12      0.20      2795
           1       0.00      0.00      0.00      1321
           2       0.00      0.00      0.00       355
           3       0.84      0.77      0.80      4700
           4       0.00      0.00      0.00       585
           5       0.56      0.06      0.10      1504
           6       0.76      0.36      0.48      3669
           7       0.55      0.24      0.34      7506
           8       0.00      0.00      0.00       666
           9       0.57      0.93      0.71     20013

   micro avg       0.60      0.60      0.60     43114
   macro avg       0.38      0.25      0.26     43114
weighted avg       0.57      0.60      0.53     43114
 samples avg       0.60      0.60      0.60     43114


[[  347     0     0     4     0    14     5    74     0  2351]
 [    4     0     0    57     0     0    20   150     0  1090]
 [    7     0     0     3     0     1     6    14     0   324]
 [    4     0     0  3620     0     1    11   316     0   748]
 [    1     0     0     4     0     0     4    19     0   557]
 [   48     0     0    16     0    85     8   115     0  1232]
 [    1     0     0    70     0     0  1305    66     0  2227]
 [   49     0     0   333     0    22    31  1832     0  5239]
 [    3     0     0    18     0     1     2   122     0   520]
 [  169     0     0   197     0    29   328   614     0 18676]]

