Title: Fully Connected - Words: 1000, Batch: 128, Epochs: 10, Outputs: 32

Results of Training Set

--------------------
Accuracy: 0.6145954137093906, F1 Score: 0.2783540863452371, Precision: 0.41076212695444897, Recall: 0.2597729753032495

              precision    recall  f1-score   support

           0       0.63      0.08      0.15      8263
           1       0.00      0.00      0.00      3968
           2       0.00      0.00      0.00      1050
           3       0.86      0.78      0.82     14541
           4       0.00      0.00      0.00      1763
           5       0.66      0.12      0.21      4392
           6       0.80      0.42      0.55     11089
           7       0.59      0.25      0.35     22288
           8       0.00      0.00      0.00      1971
           9       0.57      0.94      0.71     60017

   micro avg       0.61      0.61      0.61    129342
   macro avg       0.41      0.26      0.28    129342
weighted avg       0.60      0.61      0.55    129342
 samples avg       0.61      0.61      0.61    129342


[[  679     0     0     5     0    64     6   151     0  7358]
 [    6     0     0   185     0     4    75   390     0  3308]
 [   11     0     0     6     0     6    20    53     0   954]
 [   11     0     0 11309     0     3    31   874     0  2313]
 [    1     0     0    14     0     2     7    33     0  1706]
 [   77     0     0    58     0   535     6   356     0  3360]
 [    1     0     0   219     0     2  4651   150     0  6066]
 [   60     0     0   822     0    92   116  5610     0 15588]
 [    1     0     0    59     0     9     7   291     0  1604]
 [  233     0     0   486     0    96   914  1579     0 56709]]

Results of Validation Set

--------------------
Accuracy: 0.5973697638818017, F1 Score: 0.2641603678950951, Precision: 0.3850047974187659, Recall: 0.24887022731339994

              precision    recall  f1-score   support

           0       0.63      0.08      0.15      2797
           1       0.00      0.00      0.00      1370
           2       0.00      0.00      0.00       371
           3       0.84      0.75      0.79      4733
           4       0.00      0.00      0.00       600
           5       0.53      0.10      0.16      1417
           6       0.75      0.39      0.51      3795
           7       0.55      0.23      0.33      7454
           8       0.00      0.00      0.00       665
           9       0.56      0.93      0.70     19912

   micro avg       0.60      0.60      0.60     43114
   macro avg       0.39      0.25      0.26     43114
weighted avg       0.57      0.60      0.53     43114
 samples avg       0.60      0.60      0.60     43114


[[  233     0     0     3     0    29     4    58     0  2470]
 [    2     0     0    84     0     2    28   145     0  1109]
 [    5     0     0     0     0     1     6    18     0   341]
 [    3     0     0  3573     0     0    24   314     0   819]
 [    0     0     0     3     0     0     3    24     0   570]
 [   16     0     0    12     0   136     4   122     0  1127]
 [    3     0     0    78     0     1  1473    46     0  2194]
 [   26     0     0   311     0    36    38  1726     0  5317]
 [    2     0     0    19     0     7     3   103     0   531]
 [   79     0     0   191     0    47   390   591     0 18614]]

Results of Test Set

--------------------
Accuracy: 0.5961868534582734, F1 Score: 0.2595903046486563, Precision: 0.37041081796363484, Recall: 0.24601250805624356

              precision    recall  f1-score   support

           0       0.53      0.07      0.12      2795
           1       0.00      0.00      0.00      1321
           2       0.00      0.00      0.00       355
           3       0.84      0.76      0.80      4700
           4       0.00      0.00      0.00       585
           5       0.48      0.08      0.14      1504
           6       0.74      0.39      0.51      3669
           7       0.55      0.23      0.32      7506
           8       0.00      0.00      0.00       666
           9       0.56      0.93      0.70     20013

   micro avg       0.60      0.60      0.60     43114
   macro avg       0.37      0.25      0.26     43114
weighted avg       0.56      0.60      0.53     43114
 samples avg       0.60      0.60      0.60     43114


[[  198     0     0     2     0    31     5    60     0  2499]
 [    3     0     0    60     0     3    24   135     0  1096]
 [    4     0     0     4     0     2     7    16     0   322]
 [    2     0     0  3561     0     0    18   312     0   807]
 [    1     0     0     4     0     0     6    17     0   557]
 [   35     0     0    15     0   124     9   116     0  1205]
 [    0     0     0    72     0     1  1424    50     0  2122]
 [   26     0     0   315     0    40    30  1704     0  5391]
 [    2     0     0    17     0     3     4   101     0   539]
 [  102     0     0   189     0    56   389   584     0 18693]]

