Title: Fully Connected - Words: 1000, Batch: 32, Epochs: 10, Outputs: 64

Results of Training Set

--------------------
Accuracy: 0.6402019452304742, F1 Score: 0.3285844641371948, Precision: 0.6780161012295942, Recall: 0.29668970193576266

              precision    recall  f1-score   support

           0       0.66      0.26      0.37      8263
           1       0.80      0.00      0.00      3968
           2       0.96      0.04      0.09      1050
           3       0.89      0.79      0.83     14541
           4       0.00      0.00      0.00      1763
           5       0.72      0.15      0.25      4392
           6       0.80      0.46      0.59     11089
           7       0.61      0.32      0.42     22288
           8       0.75      0.00      0.01      1971
           9       0.60      0.94      0.73     60017

   micro avg       0.64      0.64      0.64    129342
   macro avg       0.68      0.30      0.33    129342
weighted avg       0.66      0.64      0.59    129342
 samples avg       0.64      0.64      0.64    129342


[[ 2111     1     0     5     0    42     7   233     0  5864]
 [   17     8     0   173     0     2   107   519     0  3142]
 [   60     0    47     5     0     8    20    73     0   837]
 [   23     0     0 11476     0     6    51   988     0  1997]
 [    3     0     0    16     0     3     7    51     0  1683]
 [  184     0     0    45     0   661    16   390     1  3095]
 [    5     0     0   200     0     2  5152   202     0  5528]
 [  223     1     2   597     0    77   141  7104     0 14143]
 [   30     0     0    57     0     9    11   345     9  1510]
 [  533     0     0   385     0   105   963  1792     2 56237]]

Results of Validation Set

--------------------
Accuracy: 0.6054645822702602, F1 Score: 0.2904800143694997, Precision: 0.5405691404630504, Recall: 0.2673024494028581

              precision    recall  f1-score   support

           0       0.52      0.18      0.27      2797
           1       0.00      0.00      0.00      1370
           2       1.00      0.03      0.06       371
           3       0.85      0.75      0.80      4733
           4       0.00      0.00      0.00       600
           5       0.52      0.10      0.17      1417
           6       0.72      0.41      0.52      3795
           7       0.55      0.28      0.37      7454
           8       0.67      0.00      0.01       665
           9       0.58      0.92      0.71     19912

   micro avg       0.61      0.61      0.61     43114
   macro avg       0.54      0.27      0.29     43114
weighted avg       0.59      0.61      0.55     43114
 samples avg       0.61      0.61      0.61     43114


[[  508     0     0     4     0    27     5    97     0  2156]
 [    2     0     0    87     0     2    36   181     0  1062]
 [   20     0    12     1     0     1     9    14     0   314]
 [    5     0     0  3541     0     1    29   367     0   790]
 [    4     0     0     2     0     0     2    27     0   565]
 [   70     0     0    13     0   145     6   141     0  1042]
 [    6     2     0    73     0     1  1550    64     0  2099]
 [   96     0     0   249     0    36    57  2089     0  4927]
 [    9     0     0    17     0     9     3   120     2   505]
 [  258     1     0   178     0    55   448   714     1 18257]]

Results of Test Set

--------------------
Accuracy: 0.6043744491348518, F1 Score: 0.2869904360670843, Precision: 0.5616368406261438, Recall: 0.26527203091271684

              precision    recall  f1-score   support

           0       0.51      0.18      0.27      2795
           1       0.00      0.00      0.00      1321
           2       0.91      0.03      0.05       355
           3       0.86      0.76      0.80      4700
           4       0.00      0.00      0.00       585
           5       0.52      0.09      0.15      1504
           6       0.71      0.41      0.52      3669
           7       0.54      0.27      0.36      7506
           8       1.00      0.00      0.01       666
           9       0.58      0.92      0.71     20013

   micro avg       0.60      0.60      0.60     43114
   macro avg       0.56      0.27      0.29     43114
weighted avg       0.59      0.60      0.55     43114
 samples avg       0.60      0.60      0.60     43114


[[  508     0     0     4     0    22     6   106     0  2149]
 [    7     0     0    53     0     2    32   168     0  1059]
 [   23     0    10     1     0     5     7    32     0   277]
 [    8     0     0  3553     0     0    25   356     0   758]
 [    1     0     0     3     0     0     7    22     0   552]
 [   68     0     0    13     0   135     9   142     0  1137]
 [    2     0     0    65     0     1  1493    74     0  2034]
 [  103     0     0   273     0    39    51  2042     0  4998]
 [    5     0     0    14     0     7     3   129     2   506]
 [  265     0     1   173     0    50   474   736     0 18314]]

