Title: Fully Connected - Words: 1000, Batch: 32, Epochs: 1, Outputs: 512

Results of Training Set

--------------------
Accuracy: 0.6188554375222279, F1 Score: 0.29928045246307056, Precision: 0.6816758925314832, Recall: 0.2716503636860713

              precision    recall  f1-score   support

           0       0.61      0.19      0.29      8263
           1       1.00      0.00      0.00      3968
           2       0.88      0.03      0.07      1050
           3       0.89      0.73      0.80     14541
           4       0.00      0.00      0.00      1763
           5       0.72      0.09      0.16      4392
           6       0.79      0.41      0.54     11089
           7       0.54      0.33      0.41     22288
           8       0.80      0.00      0.00      1971
           9       0.58      0.92      0.72     60017

   micro avg       0.62      0.62      0.62    129342
   macro avg       0.68      0.27      0.30    129342
weighted avg       0.65      0.62      0.56    129342
 samples avg       0.62      0.62      0.62    129342


[[ 1579     0     0     5     0    26     6   420     0  6227]
 [   10     2     0   151     0     3    64   526     0  3212]
 [   30     0    36     7     0     3    15    77     0   882]
 [   13     0     0 10656     0     3    37  1276     0  2556]
 [    5     0     0    12     0     1     7    75     0  1663]
 [  150     0     0    43     0   388    15   550     0  3246]
 [    4     0     0   201     0     0  4559   224     0  6101]
 [  176     0     3   523     0    41   119  7431     0 13995]
 [   21     0     0    51     0     7    14   420     4  1454]
 [  599     0     2   340     0    66   929  2691     1 55389]]

Results of Validation Set

--------------------
Accuracy: 0.6021941828640349, F1 Score: 0.2793615956342098, Precision: 0.5690109827290366, Recall: 0.25748058915718086

              precision    recall  f1-score   support

           0       0.56      0.16      0.25      2797
           1       0.00      0.00      0.00      1370
           2       0.80      0.01      0.02       371
           3       0.87      0.71      0.78      4733
           4       0.00      0.00      0.00       600
           5       0.62      0.07      0.12      1417
           6       0.75      0.39      0.51      3795
           7       0.52      0.32      0.40      7454
           8       1.00      0.00      0.00       665
           9       0.57      0.91      0.70     19912

   micro avg       0.60      0.60      0.60     43114
   macro avg       0.57      0.26      0.28     43114
weighted avg       0.60      0.60      0.55     43114
 samples avg       0.60      0.60      0.60     43114


[[  457     0     0     2     0    10     3   136     0  2189]
 [    1     0     0    71     0     2    28   195     0  1073]
 [   10     0     4     1     0     1     6    24     0   325]
 [    4     0     0  3375     0     1    18   435     0   900]
 [    3     0     0     1     0     0     3    40     0   553]
 [   56     0     0    11     0    96     5   185     0  1064]
 [    4     0     0    72     0     0  1466    65     0  2188]
 [   66     0     1   188     0    16    35  2374     0  4774]
 [    4     0     0    19     0     3     2   142     1   494]
 [  218     0     0   130     0    27   377   970     0 18190]]

Results of Test Set

--------------------
Accuracy: 0.5994572528644988, F1 Score: 0.27449900712030856, Precision: 0.5743046261402898, Recall: 0.25402349830348847

              precision    recall  f1-score   support

           0       0.51      0.15      0.24      2795
           1       0.00      0.00      0.00      1321
           2       1.00      0.01      0.02       355
           3       0.87      0.71      0.79      4700
           4       0.00      0.00      0.00       585
           5       0.53      0.06      0.10      1504
           6       0.74      0.38      0.50      3669
           7       0.51      0.31      0.38      7506
           8       1.00      0.00      0.00       666
           9       0.57      0.91      0.70     20013

   micro avg       0.60      0.60      0.60     43114
   macro avg       0.57      0.25      0.27     43114
weighted avg       0.59      0.60      0.54     43114
 samples avg       0.60      0.60      0.60     43114


[[  433     0     0     1     0    11     4   145     0  2201]
 [    3     0     0    47     0     0    20   197     0  1054]
 [   13     0     4     2     0     2     5    26     0   303]
 [    3     0     0  3356     0     0    15   443     0   883]
 [    3     0     0     3     0     0     4    26     0   549]
 [   71     0     0    16     0    87    10   174     0  1146]
 [    0     0     0    62     0     1  1398    74     0  2134]
 [   68     0     0   217     0    27    35  2306     0  4853]
 [    3     0     0    12     0     2     1   154     1   493]
 [  253     0     0   125     0    34   387   954     0 18260]]

