Title: Fully Connected - Words: 1000, Batch: 32, Epochs: 1, Outputs: 10

Results of Training Set

--------------------
Accuracy: 0.5610938442269332, F1 Score: 0.19142334809858544, Precision: 0.35236593428609614, Recall: 0.19737975242414502

              precision    recall  f1-score   support

           0       0.00      0.00      0.00      8263
           1       0.00      0.00      0.00      3968
           2       0.00      0.00      0.00      1050
           3       0.87      0.70      0.77     14541
           4       0.00      0.00      0.00      1763
           5       0.75      0.00      0.00      4392
           6       0.79      0.27      0.40     11089
           7       0.58      0.03      0.06     22288
           8       0.00      0.00      0.00      1971
           9       0.52      0.98      0.68     60017

   micro avg       0.56      0.56      0.56    129342
   macro avg       0.35      0.20      0.19    129342
weighted avg       0.53      0.56      0.45    129342
 samples avg       0.56      0.56      0.56    129342


[[    0     0     0     3     0     0     3     3     0  8254]
 [    0     0     0   131     0     0    26    13     0  3798]
 [    0     0     0     2     0     0    11    21     0  1016]
 [    0     0     0 10122     0     1    42   167     0  4209]
 [    0     0     0     7     0     0     3     9     0  1744]
 [    0     0     0    37     0     9     4    20     0  4322]
 [    0     0     0   184     0     0  2942    27     0  7936]
 [    0     0     0   698     0     1    58   672     0 20859]
 [    0     0     0    48     0     0     5     2     0  1916]
 [    0     0     0   366     0     1   607   215     0 58828]]

Results of Validation Set

--------------------
Accuracy: 0.5548545716008721, F1 Score: 0.1884626417594153, Precision: 0.29823552473475745, Recall: 0.19492161659189106

              precision    recall  f1-score   support

           0       0.00      0.00      0.00      2797
           1       0.00      0.00      0.00      1370
           2       0.00      0.00      0.00       371
           3       0.87      0.68      0.76      4733
           4       0.00      0.00      0.00       600
           5       0.25      0.00      0.00      1417
           6       0.78      0.26      0.39      3795
           7       0.57      0.03      0.06      7454
           8       0.00      0.00      0.00       665
           9       0.52      0.98      0.68     19912

   micro avg       0.55      0.55      0.55     43114
   macro avg       0.30      0.19      0.19     43114
weighted avg       0.51      0.55      0.44     43114
 samples avg       0.55      0.55      0.55     43114


[[    0     0     0     4     0     0     1     2     0  2790]
 [    0     0     0    55     0     0    15     3     0  1297]
 [    0     0     0     0     0     0     2     3     0   366]
 [    0     0     0  3233     0     0    17    54     0  1429]
 [    0     0     0     1     0     0     1     4     0   594]
 [    0     0     0     8     0     1     0    13     0  1395]
 [    0     0     0    65     0     0   976    10     0  2744]
 [    0     0     0   220     0     2    19   218     0  6995]
 [    0     0     0    16     0     0     2     0     0   647]
 [    0     0     0   124     0     1   215    78     0 19494]]

Results of Test Set

--------------------
Accuracy: 0.5556199842278611, F1 Score: 0.18794163675424086, Precision: 0.2703607248809405, Recall: 0.19493366800124043

              precision    recall  f1-score   support

           0       0.00      0.00      0.00      2795
           1       0.00      0.00      0.00      1321
           2       0.00      0.00      0.00       355
           3       0.86      0.69      0.76      4700
           4       0.00      0.00      0.00       585
           5       0.00      0.00      0.00      1504
           6       0.77      0.26      0.39      3669
           7       0.55      0.03      0.05      7506
           8       0.00      0.00      0.00       666
           9       0.52      0.98      0.68     20013

   micro avg       0.56      0.56      0.56     43114
   macro avg       0.27      0.19      0.19     43114
weighted avg       0.50      0.56      0.44     43114
 samples avg       0.56      0.56      0.56     43114


[[    0     0     0     1     0     0     1     0     0  2793]
 [    0     0     0    41     0     0    12     3     0  1265]
 [    0     0     0     0     0     0     4     5     0   346]
 [    0     0     0  3223     0     0    19    52     0  1406]
 [    0     0     0     3     0     0     3     2     0   577]
 [    0     0     0    12     0     0     3    13     0  1476]
 [    0     0     0    64     0     0   951     4     0  2650]
 [    0     0     0   245     0     1    17   192     0  7051]
 [    0     0     0    15     0     0     1     0     0   650]
 [    0     0     0   125     0     0   220    79     0 19589]]

