Title: Fully Connected - Batch: 32, Epochs: 10, Outputs: 20

Results of Training Set

--------------------
Accuracy: 0.6620123393793199, F1 Score: 0.3368187648744839, Precision: 0.7632792527122131, Recall: 0.30525586037714064

              precision    recall  f1-score   support

           0       0.75      0.25      0.37      8263
           1       1.00      0.00      0.00      3968
           2       1.00      0.01      0.02      1050
           3       0.91      0.83      0.87     14541
           4       0.00      0.00      0.00      1763
           5       0.81      0.16      0.26      4392
           6       0.88      0.49      0.63     11089
           7       0.67      0.36      0.47     22288
           8       1.00      0.00      0.01      1971
           9       0.61      0.96      0.74     60017

   micro avg       0.66      0.66      0.66    129342
   macro avg       0.76      0.31      0.34    129342
weighted avg       0.71      0.66      0.61    129342
 samples avg       0.66      0.66      0.66    129342


[[ 2031     0     0     2     0    23     1   179     0  6027]
 [    5     3     0   174     0     1    40   551     0  3194]
 [   77     0     9     0     0     1    13    27     0   923]
 [   16     0     0 12060     0     3    20   793     0  1649]
 [    2     0     0     9     0     0     1    21     0  1730]
 [   83     0     0    37     0   689     6   401     0  3176]
 [    1     0     0   184     0     0  5482   127     0  5295]
 [  100     0     0   507     0    52    61  7994     0 13574]
 [    4     0     0    47     0     3     2   424     5  1486]
 [  396     0     0   280     0    77   570  1341     0 57353]]

Results of Validation Set

--------------------
Accuracy: 0.611982186760681, F1 Score: 0.2888192206983571, Precision: 0.4658332273493312, Recall: 0.2670657092877541

              precision    recall  f1-score   support

           0       0.61      0.17      0.27      2797
           1       0.00      0.00      0.00      1370
           2       0.67      0.01      0.01       371
           3       0.85      0.76      0.81      4733
           4       0.00      0.00      0.00       600
           5       0.64      0.10      0.18      1417
           6       0.76      0.41      0.53      3795
           7       0.56      0.29      0.38      7454
           8       0.00      0.00      0.00       665
           9       0.58      0.92      0.71     19912

   micro avg       0.61      0.61      0.61     43114
   macro avg       0.47      0.27      0.29     43114
weighted avg       0.59      0.61      0.55     43114
 samples avg       0.61      0.61      0.61     43114


[[  481     0     0     6     0    14     2    76     0  2218]
 [    0     0     0    84     0     1    33   178     0  1074]
 [   23     0     2     3     0     0     6    20     0   317]
 [    7     0     0  3615     0     3    28   330     0   750]
 [    2     0     0     2     0     0     6    20     0   570]
 [   37     0     0    12     0   146     3   167     0  1052]
 [    3     0     0    84     0     1  1562    57     0  2088]
 [   53     0     1   245     0    25    41  2161     0  4928]
 [    4     0     0    22     0     4     3   129     0   503]
 [  184     0     0   167     0    35   367   741     0 18418]]

Results of Test Set

--------------------
Accuracy: 0.6142320359975878, F1 Score: 0.288983288681599, Precision: 0.4937949117491153, Recall: 0.26781351778250284

              precision    recall  f1-score   support

           0       0.61      0.18      0.27      2795
           1       0.00      0.00      0.00      1321
           2       1.00      0.01      0.01       355
           3       0.85      0.77      0.81      4700
           4       0.00      0.00      0.00       585
           5       0.57      0.09      0.16      1504
           6       0.76      0.41      0.54      3669
           7       0.56      0.29      0.38      7506
           8       0.00      0.00      0.00       666
           9       0.58      0.92      0.71     20013

   micro avg       0.61      0.61      0.61     43114
   macro avg       0.49      0.27      0.29     43114
weighted avg       0.59      0.61      0.56     43114
 samples avg       0.61      0.61      0.61     43114


[[  493     0     0     4     0    20     4    89     0  2185]
 [    3     0     0    64     0     1    24   176     0  1053]
 [   22     0     2     1     0     2     9    14     0   305]
 [   10     0     0  3622     0     0    17   355     0   696]
 [    2     0     0     4     0     0     5    16     0   558]
 [   39     0     0    15     0   140     9   156     0  1145]
 [    0     0     0    67     0     0  1522    69     0  2011]
 [   51     0     0   261     0    33    35  2199     0  4927]
 [    2     0     0    20     0     2     4   139     0   499]
 [  187     0     0   182     0    46   369   725     0 18504]]

