Title: Fully Connected - Words: 1000, Batch: 64, Epochs: 10, Outputs: 64

Results of Training Set

--------------------
Accuracy: 0.6397612531119049, F1 Score: 0.3278676012041141, Precision: 0.680715124312798, Recall: 0.29772689253841034

              precision    recall  f1-score   support

           0       0.66      0.22      0.34      8263
           1       0.86      0.00      0.00      3968
           2       0.92      0.03      0.06      1050
           3       0.87      0.80      0.84     14541
           4       0.00      0.00      0.00      1763
           5       0.71      0.19      0.30      4392
           6       0.79      0.46      0.58     11089
           7       0.60      0.33      0.42     22288
           8       0.80      0.00      0.00      1971
           9       0.60      0.93      0.73     60017

   micro avg       0.64      0.64      0.64    129342
   macro avg       0.68      0.30      0.33    129342
weighted avg       0.66      0.64      0.59    129342
 samples avg       0.64      0.64      0.64    129342


[[ 1853     0     0     7     0    66     8   260     0  6069]
 [   11     6     0   182     0    10   103   541     0  3115]
 [   21     0    33     8     0     5    20    72     0   891]
 [   13     0     0 11701     0     3    48   917     0  1859]
 [    2     0     0    20     0     2     6    45     0  1688]
 [  161     0     0    52     0   837    15   537     0  2790]
 [    4     0     1   214     0     5  5130   205     0  5530]
 [  179     1     2   714     0   106   136  7353     0 13797]
 [   17     0     0    63     0    18    14   344     4  1511]
 [  533     0     0   446     0   125  1005  2076     1 55831]]

Results of Validation Set

--------------------
Accuracy: 0.6050934731177807, F1 Score: 0.29275686903845677, Precision: 0.666397566140142, Recall: 0.270087988801487

              precision    recall  f1-score   support

           0       0.55      0.18      0.27      2797
           1       1.00      0.00      0.00      1370
           2       0.90      0.02      0.05       371
           3       0.84      0.76      0.80      4733
           4       0.00      0.00      0.00       600
           5       0.55      0.13      0.21      1417
           6       0.72      0.41      0.52      3795
           7       0.53      0.29      0.37      7454
           8       1.00      0.00      0.00       665
           9       0.58      0.91      0.71     19912

   micro avg       0.61      0.61      0.61     43114
   macro avg       0.67      0.27      0.29     43114
weighted avg       0.62      0.61      0.55     43114
 samples avg       0.61      0.61      0.61     43114


[[  496     0     0     4     0    30     5    98     0  2164]
 [    1     1     1    80     0     2    36   196     0  1053]
 [   10     0     9     1     0     0     7    25     0   319]
 [    3     0     0  3618     0     0    30   364     0   718]
 [    3     0     0     6     0     0     1    28     0   562]
 [   63     0     0    17     0   183     5   164     0   985]
 [    5     0     0    77     0     1  1553    68     0  2091]
 [   85     0     0   284     0    42    52  2126     0  4865]
 [    2     0     0    22     0     9     5   120     1   506]
 [  232     0     0   202     0    67   454   856     0 18101]]

Results of Test Set

--------------------
Accuracy: 0.6060908289650694, F1 Score: 0.29050297916719603, Precision: 0.5575780035339648, Recall: 0.26918616942960105

              precision    recall  f1-score   support

           0       0.54      0.18      0.27      2795
           1       0.00      0.00      0.00      1321
           2       0.86      0.02      0.03       355
           3       0.84      0.77      0.81      4700
           4       0.00      0.00      0.00       585
           5       0.52      0.13      0.20      1504
           6       0.71      0.40      0.51      3669
           7       0.53      0.29      0.37      7506
           8       1.00      0.00      0.00       666
           9       0.58      0.91      0.71     20013

   micro avg       0.61      0.61      0.61     43114
   macro avg       0.56      0.27      0.29     43114
weighted avg       0.59      0.61      0.55     43114
 samples avg       0.61      0.61      0.61     43114


[[  496     0     0     5     0    34    10   105     0  2145]
 [    5     0     0    64     0     3    27   173     0  1049]
 [   14     0     6     3     0     3     7    32     0   290]
 [    5     0     0  3628     0     0    20   355     0   692]
 [    2     0     0     4     0     0     7    23     0   549]
 [   64     0     0    18     0   190    10   168     0  1054]
 [    1     0     1    71     0     3  1479    84     0  2030]
 [   84     0     0   306     0    56    44  2147     0  4869]
 [    2     0     0    19     0     6     3   130     1   505]
 [  248     0     0   188     0    70   481   842     0 18184]]

