Title: Fully Connected - Words: 1000, Batch: 128, Epochs: 10, Outputs: 64

Results of Training Set

--------------------
Accuracy: 0.6356403952312474, F1 Score: 0.3158280422909712, Precision: 0.7143710244727726, Recall: 0.2869844497017243

              precision    recall  f1-score   support

           0       0.72      0.17      0.27      8263
           1       0.83      0.00      0.01      3968
           2       1.00      0.02      0.04      1050
           3       0.87      0.80      0.83     14541
           4       0.00      0.00      0.00      1763
           5       0.72      0.18      0.29      4392
           6       0.81      0.45      0.57     11089
           7       0.60      0.31      0.41     22288
           8       1.00      0.00      0.00      1971
           9       0.59      0.94      0.73     60017

   micro avg       0.64      0.64      0.64    129342
   macro avg       0.71      0.29      0.32    129342
weighted avg       0.67      0.64      0.58    129342
 samples avg       0.64      0.64      0.64    129342


[[ 1391     1     0     6     0    56    11   249     0  6549]
 [   10    19     0   176     0     8   102   498     0  3155]
 [   23     0    23     6     0     5    20    81     0   892]
 [   11     0     0 11577     0     4    51   939     0  1959]
 [    3     0     0    16     0     2    10    59     0  1673]
 [   92     0     0    51     0   788    13   414     0  3034]
 [    1     0     0   215     0     1  4940   202     0  5730]
 [  104     1     0   693     0   102   141  6935     0 14312]
 [   15     0     0    62     0    14    11   334     1  1534]
 [  277     2     0   472     0   112   832  1781     0 56541]]

Results of Validation Set

--------------------
Accuracy: 0.602797235236814, F1 Score: 0.2793696518525949, Precision: 0.5078300683801503, Recall: 0.25984364064962134

              precision    recall  f1-score   support

           0       0.57      0.12      0.20      2797
           1       0.29      0.00      0.00      1370
           2       1.00      0.01      0.02       371
           3       0.84      0.76      0.80      4733
           4       0.00      0.00      0.00       600
           5       0.54      0.12      0.20      1417
           6       0.73      0.39      0.51      3795
           7       0.54      0.27      0.36      7454
           8       0.00      0.00      0.00       665
           9       0.57      0.92      0.71     19912

   micro avg       0.60      0.60      0.60     43114
   macro avg       0.51      0.26      0.28     43114
weighted avg       0.59      0.60      0.54     43114
 samples avg       0.60      0.60      0.60     43114


[[  333     0     0     5     0    31     6    88     0  2334]
 [    3     2     0    84     0     2    46   182     0  1051]
 [   10     0     3     2     0     1     5    28     0   322]
 [    3     0     0  3591     0     0    21   353     0   765]
 [    5     0     0     4     0     1     2    31     0   557]
 [   34     0     0    12     0   176     6   145     0  1044]
 [    5     0     0    76     0     1  1487    64     0  2162]
 [   43     3     0   278     0    47    46  2034     0  5003]
 [    3     0     0    20     0     6     3   120     0   513]
 [  141     2     0   201     0    63   413   729     0 18363]]

Results of Test Set

--------------------
Accuracy: 0.6011968270167463, F1 Score: 0.27521926633246624, Precision: 0.45108790020589107, Recall: 0.2569766048864369

              precision    recall  f1-score   support

           0       0.54      0.11      0.19      2795
           1       0.11      0.00      0.00      1321
           2       0.67      0.01      0.01       355
           3       0.84      0.76      0.80      4700
           4       0.00      0.00      0.00       585
           5       0.53      0.12      0.19      1504
           6       0.72      0.38      0.50      3669
           7       0.54      0.27      0.36      7506
           8       0.00      0.00      0.00       666
           9       0.57      0.92      0.71     20013

   micro avg       0.60      0.60      0.60     43114
   macro avg       0.45      0.26      0.28     43114
weighted avg       0.57      0.60      0.54     43114
 samples avg       0.60      0.60      0.60     43114


[[  316     0     0     3     0    24     8    93     0  2351]
 [    3     1     0    67     0     2    36   162     0  1050]
 [   11     0     2     2     0     2     7    33     0   298]
 [    3     2     0  3587     0     0    27   351     0   730]
 [    1     0     0     4     0     0     6    23     0   551]
 [   46     0     0    14     0   174     9   136     0  1125]
 [    1     1     0    67     0     3  1409    76     0  2112]
 [   47     3     0   299     0    54    38  2000     0  5065]
 [    3     0     0    21     0     5     2   119     0   516]
 [  159     2     1   186     0    64   426   744     0 18431]]

