Title: Fully Connected - Words: 1000, Batch: 32, Epochs: 10, Outputs: 128

Results of Training Set

--------------------
Accuracy: 0.6812404323421627, F1 Score: 0.3986113423206959, Precision: 0.8122580125337591, Recall: 0.3546345140380479

              precision    recall  f1-score   support

           0       0.76      0.35      0.48      8263
           1       0.78      0.05      0.09      3968
           2       0.93      0.08      0.15      1050
           3       0.90      0.83      0.86     14541
           4       1.00      0.00      0.00      1763
           5       0.76      0.27      0.40      4392
           6       0.81      0.59      0.68     11089
           7       0.64      0.41      0.50     22288
           8       0.89      0.03      0.06      1971
           9       0.64      0.93      0.76     60017

   micro avg       0.68      0.68      0.68    129342
   macro avg       0.81      0.35      0.40    129342
weighted avg       0.71      0.68      0.64    129342
 samples avg       0.68      0.68      0.68    129342


[[ 2913     0     0     7     0    64     8   336     0  4935]
 [   15   190     0   188     0     7   127   600     0  2841]
 [   43     1    85     4     0    13    24   100     0   780]
 [   10    14     0 12081     0     4    52   822     0  1558]
 [    4     1     0    22     3     1    13    71     0  1648]
 [  124     0     1    46     0  1196    18   480     3  2524]
 [    6     5     1   187     0     4  6517   223     0  4146]
 [  181    21     3   502     0   121   202  9211     2 12045]
 [   15     1     0    55     0    14    11   381    56  1438]
 [  506    10     1   349     0   142  1050  2096     2 55861]]

Results of Validation Set

--------------------
Accuracy: 0.6088741476086654, F1 Score: 0.3140954530806862, Precision: 0.5144178019113752, Recall: 0.2874968902206093

              precision    recall  f1-score   support

           0       0.55      0.21      0.31      2797
           1       0.41      0.02      0.03      1370
           2       0.70      0.04      0.08       371
           3       0.84      0.76      0.80      4733
           4       0.00      0.00      0.00       600
           5       0.54      0.18      0.27      1417
           6       0.67      0.45      0.54      3795
           7       0.52      0.32      0.40      7454
           8       0.33      0.00      0.01       665
           9       0.59      0.89      0.71     19912

   micro avg       0.61      0.61      0.61     43114
   macro avg       0.51      0.29      0.31     43114
weighted avg       0.59      0.61      0.56     43114
 samples avg       0.61      0.61      0.61     43114


[[  592     0     2     5     0    46     8   133     0  2011]
 [    1    24     0    90     0     3    49   209     0   994]
 [   16     0    16     1     0     5     9    34     0   290]
 [    5     7     0  3585     0     0    39   366     2   729]
 [    4     0     0     3     0     3     5    36     0   549]
 [   59     0     1    16     0   254     9   192     0   886]
 [   11     2     0    83     0     2  1722    82     0  1893]
 [   86    12     1   263     0    64    86  2389     2  4551]
 [    4     1     0    19     0     9     9   138     3   482]
 [  299    13     3   197     1    87   620  1024     2 17666]]

Results of Test Set

--------------------
Accuracy: 0.609152479473025, F1 Score: 0.3116474269371448, Precision: 0.5610319842686272, Recall: 0.28608228498214544

              precision    recall  f1-score   support

           0       0.51      0.21      0.30      2795
           1       0.40      0.01      0.02      1321
           2       0.71      0.03      0.06       355
           3       0.85      0.76      0.80      4700
           4       0.00      0.00      0.00       585
           5       0.55      0.16      0.25      1504
           6       0.66      0.46      0.54      3669
           7       0.52      0.32      0.40      7506
           8       0.82      0.01      0.03       666
           9       0.59      0.88      0.71     20013

   micro avg       0.61      0.61      0.61     43114
   macro avg       0.56      0.29      0.31     43114
weighted avg       0.60      0.61      0.56     43114
 samples avg       0.61      0.61      0.61     43114


[[  590     0     0     8     0    32     8   145     0  2012]
 [    7    17     0    62     0     3    45   196     1   990]
 [   28     1    12     1     0     3    13    36     0   261]
 [    8     6     1  3580     0     1    38   400     0   666]
 [    4     0     0     6     0     0     8    29     0   538]
 [   60     2     1    15     0   246    14   183     1   982]
 [    2     4     0    69     1     2  1670    92     0  1829]
 [  103     3     1   270     0    69    68  2436     0  4556]
 [    6     1     0    18     0     6    10   149     9   467]
 [  346     8     2   196     0    85   641  1032     0 17703]]

