Title: Fully Connected - Words: 1000, Batch: 64, Epochs: 10, Outputs: 128

Results of Training Set

--------------------
Accuracy: 0.6785653538680397, F1 Score: 0.3922938331284499, Precision: 0.708436615884722, Recall: 0.3485037265277955

              precision    recall  f1-score   support

           0       0.73      0.37      0.49      8263
           1       0.83      0.05      0.09      3968
           2       0.95      0.07      0.13      1050
           3       0.89      0.84      0.86     14541
           4       0.00      0.00      0.00      1763
           5       0.75      0.25      0.38      4392
           6       0.82      0.55      0.66     11089
           7       0.68      0.39      0.49     22288
           8       0.80      0.04      0.07      1971
           9       0.63      0.94      0.75     60017

   micro avg       0.68      0.68      0.68    129342
   macro avg       0.71      0.35      0.39    129342
weighted avg       0.70      0.68      0.64    129342
 samples avg       0.68      0.68      0.68    129342


[[ 3018     1     0    11     0    56    10   248     1  4918]
 [   28   185     0   190     0     9   112   505     0  2939]
 [   43     0    73     4     0     8    24    84     0   814]
 [   23     7     0 12158     0     4    49   652     0  1648]
 [    8     2     0    19     0     2    15    57     0  1660]
 [  161     1     0    48     0  1114    17   372     4  2675]
 [    8     5     1   191     0     1  6108   179     0  4596]
 [  249     9     3   608     0   124   171  8628     6 12490]
 [   25     0     0    68     0    23    15   320    71  1449]
 [  598    12     0   342     0   136   903  1607     7 56412]]

Results of Validation Set

--------------------
Accuracy: 0.611239968455722, F1 Score: 0.31054112433686076, Precision: 0.5428932587442409, Recall: 0.28514474532939327

              precision    recall  f1-score   support

           0       0.50      0.23      0.32      2797
           1       0.38      0.01      0.02      1370
           2       0.88      0.04      0.07       371
           3       0.84      0.77      0.80      4733
           4       0.00      0.00      0.00       600
           5       0.54      0.16      0.24      1417
           6       0.69      0.44      0.54      3795
           7       0.55      0.30      0.39      7454
           8       0.46      0.01      0.02       665
           9       0.59      0.90      0.71     19912

   micro avg       0.61      0.61      0.61     43114
   macro avg       0.54      0.29      0.31     43114
weighted avg       0.60      0.61      0.56     43114
 samples avg       0.61      0.61      0.61     43114


[[  649     1     0     6     0    41     8   112     0  1980]
 [    9    13     0    90     0     3    58   188     0  1009]
 [   23     0    14     3     0     0    11    24     0   296]
 [    7     5     0  3639     0     2    31   303     0   746]
 [    6     0     0     3     0     1    13    32     0   545]
 [   85     1     0    19     0   222    10   152     0   928]
 [   10     4     0    73     0     1  1673    78     0  1956]
 [  120     2     1   287     0    46    65  2210     4  4719]
 [   10     1     0    24     0     9     5   129     6   481]
 [  375     7     1   197     0    87   539   776     3 17927]]

Results of Test Set

--------------------
Accuracy: 0.6073665166767176, F1 Score: 0.30792234317889094, Precision: 0.5493134016116261, Recall: 0.28274306837147867

              precision    recall  f1-score   support

           0       0.51      0.23      0.32      2795
           1       0.45      0.01      0.03      1321
           2       0.81      0.04      0.07       355
           3       0.83      0.78      0.80      4700
           4       0.00      0.00      0.00       585
           5       0.53      0.15      0.23      1504
           6       0.68      0.43      0.53      3669
           7       0.53      0.28      0.37      7506
           8       0.56      0.01      0.03       666
           9       0.58      0.90      0.71     20013

   micro avg       0.61      0.61      0.61     43114
   macro avg       0.55      0.28      0.31     43114
weighted avg       0.59      0.61      0.56     43114
 samples avg       0.61      0.61      0.61     43114


[[  641     0     1     6     0    34    12   125     1  1975]
 [    8    19     0    69     0     1    49   164     0  1011]
 [   20     0    13     3     0     1     9    30     0   279]
 [   12     4     0  3649     0     0    24   304     0   707]
 [    6     0     0     6     0     0     9    25     0   539]
 [   75     1     0    19     0   221    10   140     1  1037]
 [    6     3     0    72     0     2  1587    87     0  1912]
 [  119     6     0   327     0    69    60  2114     2  4809]
 [    9     1     0    23     0     9     6   131     9   478]
 [  371     8     2   197     0    82   565   852     3 17933]]

