Title: Fully Connected - Words: 1000, Batch: 128, Epochs: 10, Outputs: 128

Results of Training Set

--------------------
Accuracy: 0.6724188585300985, F1 Score: 0.38189621903949156, Precision: 0.8154702141566099, Recall: 0.3431927495734072

              precision    recall  f1-score   support

           0       0.71      0.36      0.48      8263
           1       0.91      0.02      0.05      3968
           2       0.92      0.06      0.12      1050
           3       0.87      0.84      0.86     14541
           4       1.00      0.01      0.01      1763
           5       0.73      0.28      0.40      4392
           6       0.81      0.54      0.65     11089
           7       0.67      0.36      0.47     22288
           8       0.91      0.02      0.04      1971
           9       0.63      0.94      0.75     60017

   micro avg       0.67      0.67      0.67    129342
   macro avg       0.82      0.34      0.38    129342
weighted avg       0.71      0.67      0.63    129342
 samples avg       0.67      0.67      0.67    129342


[[ 2977     0     0     9     0    85    19   246     0  4927]
 [   27    92     0   219     0    13   126   490     1  3000]
 [   64     0    65     9     0     8    36    79     0   789]
 [   21     3     0 12237     0     8    40   591     0  1641]
 [   12     1     0    19     9     3    11    54     0  1654]
 [  210     0     0    58     0  1216    19   481     0  2408]
 [    6     2     1   210     0     3  6038   173     0  4656]
 [  247     2     4   780     0   142   182  8010     1 12920]
 [   33     0     0    74     0    29    14   318    42  1461]
 [  583     1     1   430     0   165   950  1599     2 56286]]

Results of Validation Set

--------------------
Accuracy: 0.6085726214222759, F1 Score: 0.3062434273663482, Precision: 0.5301994082375299, Recall: 0.2832288965734931

              precision    recall  f1-score   support

           0       0.51      0.23      0.32      2797
           1       0.40      0.01      0.01      1370
           2       0.86      0.03      0.06       371
           3       0.83      0.78      0.80      4733
           4       0.00      0.00      0.00       600
           5       0.50      0.16      0.24      1417
           6       0.68      0.44      0.53      3795
           7       0.54      0.29      0.37      7454
           8       0.40      0.01      0.01       665
           9       0.59      0.90      0.71     19912

   micro avg       0.61      0.61      0.61     43114
   macro avg       0.53      0.28      0.31     43114
weighted avg       0.59      0.61      0.56     43114
 samples avg       0.61      0.61      0.61     43114


[[  638     0     0    10     0    46    12   115     0  1976]
 [    5     8     0    95     0     4    54   176     2  1026]
 [   17     0    12     2     0     2     8    25     0   305]
 [    9     2     0  3676     0     2    33   290     1   720]
 [    5     0     0     6     0     1     8    27     0   553]
 [   85     1     0    15     0   230    10   172     0   904]
 [   10     1     0    80     0     1  1661    63     0  1979]
 [  117     6     1   331     0    62    76  2126     2  4733]
 [   10     0     0    27     0    14     5   122     4   483]
 [  354     2     1   210     0   101   563   797     1 17883]]

Results of Test Set

--------------------
Accuracy: 0.6092916454052048, F1 Score: 0.30779339125988336, Precision: 0.5935823704400166, Recall: 0.2837440519922585

              precision    recall  f1-score   support

           0       0.51      0.23      0.32      2795
           1       0.71      0.01      0.02      1321
           2       0.92      0.03      0.07       355
           3       0.83      0.78      0.81      4700
           4       0.00      0.00      0.00       585
           5       0.52      0.16      0.24      1504
           6       0.68      0.44      0.53      3669
           7       0.54      0.28      0.37      7506
           8       0.64      0.01      0.02       666
           9       0.59      0.90      0.71     20013

   micro avg       0.61      0.61      0.61     43114
   macro avg       0.59      0.28      0.31     43114
weighted avg       0.61      0.61      0.56     43114
 samples avg       0.61      0.61      0.61     43114


[[  644     0     1     8     0    38     9    98     0  1997]
 [    7    12     0    73     0     2    48   164     0  1015]
 [   21     0    12     4     0     4    12    28     0   274]
 [   10     0     0  3686     0     1    17   275     1   710]
 [    2     0     0     3     0     0     6    28     0   546]
 [   87     0     0    14     0   236    12   167     0   988]
 [    8     1     0    74     0     3  1597    73     0  1913]
 [  118     1     0   352     0    67    72  2091     2  4803]
 [    9     0     0    20     0    11     5   115     7   499]
 [  353     3     0   200     0    94   562   816     1 17984]]

