Title: Fully Connected - Words: 1000, Batch: 32, Epochs: 10, Outputs: 256

Results of Training Set

--------------------
Accuracy: 0.7492616474153794, F1 Score: 0.5152268184587243, Precision: 0.879351837016219, Recall: 0.44820401433298446

              precision    recall  f1-score   support

           0       0.88      0.52      0.65      8263
           1       0.90      0.18      0.30      3968
           2       0.97      0.20      0.33      1050
           3       0.92      0.89      0.90     14541
           4       1.00      0.03      0.06      1763
           5       0.81      0.42      0.56      4392
           6       0.92      0.64      0.76     11089
           7       0.73      0.57      0.64     22288
           8       0.97      0.09      0.16      1971
           9       0.70      0.95      0.80     60017

   micro avg       0.75      0.75      0.75    129342
   macro avg       0.88      0.45      0.52    129342
weighted avg       0.78      0.75      0.72    129342
 samples avg       0.75      0.75      0.75    129342


[[ 4307     2     0     7     0    71     5   379     0  3492]
 [   14   701     0   147     0    27    81   548     0  2450]
 [   19     1   205     5     0     6    15   114     0   685]
 [   11    14     0 12892     0     5    21   595     0  1003]
 [    7     1     0    16    53     3     8    98     0  1577]
 [   89     3     0    39     0  1849    10   459     0  1943]
 [    3    12     1   158     0     8  7132   226     0  3549]
 [  123    21     4   416     0   115    82 12787     3  8737]
 [   15     1     0    59     0    26     9   340   173  1348]
 [  323    21     1   255     0   159   424  2019     3 56812]]

Results of Validation Set

--------------------
Accuracy: 0.6101266409982836, F1 Score: 0.33334985838531644, Precision: 0.6140385329968193, Recall: 0.3006959812063565

              precision    recall  f1-score   support

           0       0.53      0.23      0.33      2797
           1       0.44      0.05      0.09      1370
           2       0.66      0.07      0.12       371
           3       0.84      0.77      0.80      4733
           4       0.67      0.00      0.01       600
           5       0.53      0.21      0.30      1417
           6       0.69      0.42      0.52      3795
           7       0.50      0.36      0.42      7454
           8       0.68      0.02      0.04       665
           9       0.60      0.87      0.71     19912

   micro avg       0.61      0.61      0.61     43114
   macro avg       0.61      0.30      0.33     43114
weighted avg       0.61      0.61      0.57     43114
 samples avg       0.61      0.61      0.61     43114


[[  656     2     4     8     0    51     7   212     0  1857]
 [    8    65     1    94     0     9    46   219     0   928]
 [   16     0    25     2     0     2     9    28     0   289]
 [    8    14     0  3665     0     4    33   351     0   658]
 [    8     0     0     4     2     2     4    49     0   531]
 [   57     1     0    16     0   301     7   209     1   825]
 [   11     9     1    81     0     2  1576    98     0  2017]
 [  114    19     2   265     0    84    65  2718     2  4185]
 [    9     1     0    25     0    14     7   151    13   445]
 [  342    36     5   218     1    96   531  1396     3 17284]]

Results of Test Set

--------------------
Accuracy: 0.6099642807440738, F1 Score: 0.32811019005779557, Precision: 0.5114004470212519, Recall: 0.2981501838566768

              precision    recall  f1-score   support

           0       0.53      0.24      0.33      2795
           1       0.33      0.03      0.06      1321
           2       0.60      0.05      0.09       355
           3       0.84      0.78      0.81      4700
           4       0.00      0.00      0.00       585
           5       0.54      0.21      0.30      1504
           6       0.68      0.42      0.52      3669
           7       0.49      0.37      0.42      7506
           8       0.50      0.02      0.04       666
           9       0.60      0.86      0.71     20013

   micro avg       0.61      0.61      0.61     43114
   macro avg       0.51      0.30      0.33     43114
weighted avg       0.59      0.61      0.57     43114
 samples avg       0.61      0.61      0.61     43114


[[  671     1     2     5     0    44     6   228     0  1838]
 [   11    45     0    61     0     5    37   224     1   937]
 [   19     3    18     3     0     7     9    42     0   254]
 [   10     9     1  3659     0     2    25   367     2   625]
 [    7     1     0     5     0     2     7    50     0   513]
 [   69     2     1    21     0   311    13   214     1   872]
 [    4    15     0    70     0     2  1535   130     0  1913]
 [  109    24     1   294     0    68    67  2767     7  4169]
 [    6     0     0    20     0    12     6   161    14   447]
 [  349    37     7   207     0   123   556  1453     3 17278]]

