Title: Fully Connected - Words: 1000, Batch: 64, Epochs: 10, Outputs: 256

Results of Training Set

--------------------
Accuracy: 0.7475143418224552, F1 Score: 0.5048966198096653, Precision: 0.8526985571845349, Recall: 0.4453340726451936

              precision    recall  f1-score   support

           0       0.83      0.57      0.67      8263
           1       0.85      0.13      0.23      3968
           2       0.94      0.14      0.24      1050
           3       0.91      0.89      0.90     14541
           4       1.00      0.04      0.07      1763
           5       0.78      0.40      0.53      4392
           6       0.89      0.67      0.76     11089
           7       0.73      0.56      0.63     22288
           8       0.91      0.11      0.20      1971
           9       0.70      0.94      0.80     60017

   micro avg       0.75      0.75      0.75    129342
   macro avg       0.85      0.45      0.50    129342
weighted avg       0.77      0.75      0.72    129342
 samples avg       0.75      0.75      0.75    129342


[[ 4704     0     0     5     0    78     9   343     1  3123]
 [   17   523     0   171     0    22   134   627     1  2473]
 [   56     0   147     6     0     8    23   100     0   710]
 [   17    15     0 13003     0    10    36   512     2   946]
 [    4     1     0    13    67     2     5    80     1  1590]
 [  141     0     0    49     0  1758    17   461     3  1963]
 [    8    21     2   148     0     6  7375   249     0  3280]
 [  209    21     6   467     0   147   137 12508     6  8787]
 [   35     4     0    74     0    35    17   334   225  1247]
 [  500    30     2   341     0   192   565  2004     8 56375]]

Results of Validation Set

--------------------
Accuracy: 0.6124228788792504, F1 Score: 0.33897722579266726, Precision: 0.6219494085220094, Recall: 0.3092219852524904

              precision    recall  f1-score   support

           0       0.50      0.28      0.36      2797
           1       0.43      0.04      0.07      1370
           2       0.75      0.06      0.11       371
           3       0.83      0.78      0.80      4733
           4       1.00      0.00      0.01       600
           5       0.51      0.22      0.31      1417
           6       0.67      0.45      0.54      3795
           7       0.51      0.37      0.43      7454
           8       0.42      0.03      0.06       665
           9       0.60      0.86      0.71     19912

   micro avg       0.61      0.61      0.61     43114
   macro avg       0.62      0.31      0.34     43114
weighted avg       0.61      0.61      0.57     43114
 samples avg       0.61      0.61      0.61     43114


[[  796     3     0    10     0    55    11   179     1  1742]
 [    5    53     1    89     0     5    53   247     1   916]
 [   21     0    21     3     0     2    13    30     0   281]
 [   10    11     0  3704     0     5    40   345     4   614]
 [   10     1     0     4     2     3     5    52     0   523]
 [   89     1     0    19     0   313     9   215     2   769]
 [   11     5     1    78     0     2  1713   106     0  1879]
 [  145    14     2   289     0    87    86  2730    11  4090]
 [    9     0     0    26     0    17     6   142    21   444]
 [  493    36     3   263     0   120   622  1314    10 17051]]

Results of Test Set

--------------------
Accuracy: 0.6128403766757897, F1 Score: 0.33033579064373875, Precision: 0.5340395195553804, Recall: 0.3040110229649739

              precision    recall  f1-score   support

           0       0.48      0.28      0.35      2795
           1       0.30      0.02      0.04      1321
           2       0.60      0.04      0.08       355
           3       0.83      0.79      0.81      4700
           4       0.33      0.00      0.00       585
           5       0.51      0.20      0.29      1504
           6       0.67      0.46      0.54      3669
           7       0.50      0.36      0.42      7506
           8       0.51      0.03      0.06       666
           9       0.61      0.86      0.71     20013

   micro avg       0.61      0.61      0.61     43114
   macro avg       0.53      0.30      0.33     43114
weighted avg       0.59      0.61      0.57     43114
 samples avg       0.61      0.61      0.61     43114


[[  775     3     1     8     0    51    12   185     0  1760]
 [   17    29     0    67     0     7    49   233     1   918]
 [   25     1    15     3     0     5    12    45     0   249]
 [   20     7     2  3720     0     2    39   350     2   558]
 [    7     0     0     8     1     1     8    42     0   518]
 [   97     1     1    19     0   300    13   202     2   869]
 [    6    11     2    72     0     4  1671   130     0  1773]
 [  151    16     1   345     0    82    70  2704     6  4131]
 [   11     1     0    28     0    14     6   146    21   439]
 [  497    29     3   227     2   125   604  1331     9 17186]]

