Title: Fully Connected - Words: 1000, Batch: 128, Epochs: 10, Outputs: 256

Results of Training Set

--------------------
Accuracy: 0.7267090349615747, F1 Score: 0.4682809697672064, Precision: 0.8504630619015767, Recall: 0.41034586645725674

              precision    recall  f1-score   support

           0       0.85      0.45      0.59      8263
           1       0.92      0.10      0.18      3968
           2       0.91      0.11      0.19      1050
           3       0.90      0.88      0.89     14541
           4       0.94      0.02      0.04      1763
           5       0.82      0.37      0.51      4392
           6       0.88      0.61      0.72     11089
           7       0.72      0.52      0.60     22288
           8       0.89      0.09      0.16      1971
           9       0.67      0.95      0.79     60017

   micro avg       0.73      0.73      0.73    129342
   macro avg       0.85      0.41      0.47    129342
weighted avg       0.76      0.73      0.70    129342
 samples avg       0.73      0.73      0.73    129342


[[ 3757     0     0     6     0    61     6   390     2  4041]
 [   16   403     0   182     0    15   103   570     1  2678]
 [   24     0   113     5     0    12    18    83     1   794]
 [   13     7     0 12842     0    10    26   527     2  1114]
 [    5     1     0    20    33     3     7    68     0  1626]
 [  127     1     2    54     0  1642    20   484     6  2056]
 [    7     7     1   189     0     3  6803   204     0  3875]
 [  134     5     4   544     0    94   129 11481     6  9891]
 [   31     2     0    72     0    32    12   352   177  1293]
 [  316    14     4   345     2   134   584  1872     3 56743]]

Results of Validation Set

--------------------
Accuracy: 0.6137217609129285, F1 Score: 0.3262079331801745, Precision: 0.6368905271560318, Recall: 0.2969868854236822

              precision    recall  f1-score   support

           0       0.54      0.22      0.31      2797
           1       0.55      0.03      0.06      1370
           2       0.68      0.05      0.09       371
           3       0.83      0.79      0.81      4733
           4       1.00      0.01      0.01       600
           5       0.54      0.20      0.29      1417
           6       0.70      0.44      0.54      3795
           7       0.51      0.35      0.41      7454
           8       0.43      0.02      0.03       665
           9       0.60      0.88      0.71     19912

   micro avg       0.61      0.61      0.61     43114
   macro avg       0.64      0.30      0.33     43114
weighted avg       0.61      0.61      0.57     43114
 samples avg       0.61      0.61      0.61     43114


[[  608     1     1    11     0    50    10   203     0  1913]
 [    2    47     0    87     0     4    55   225     2   948]
 [   13     0    17     3     0     1    10    37     0   290]
 [    7     6     0  3731     0     5    31   311     2   640]
 [    3     3     0     5     3     2     4    52     0   528]
 [   65     1     3    21     0   279     9   215     0   824]
 [    9     2     0    84     0     1  1654   105     0  1940]
 [  101    10     2   314     0    57    73  2602     6  4289]
 [   13     0     0    24     0    16     6   143    12   451]
 [  311    15     2   228     0   102   520  1221     6 17507]]

Results of Test Set

--------------------
Accuracy: 0.6144175905738275, F1 Score: 0.32410608355142945, Precision: 0.5260190840386431, Recall: 0.2959842986445297

              precision    recall  f1-score   support

           0       0.53      0.22      0.31      2795
           1       0.50      0.03      0.05      1321
           2       0.62      0.05      0.08       355
           3       0.83      0.80      0.81      4700
           4       0.00      0.00      0.00       585
           5       0.54      0.18      0.27      1504
           6       0.69      0.43      0.53      3669
           7       0.51      0.35      0.42      7506
           8       0.44      0.02      0.05       666
           9       0.60      0.88      0.71     20013

   micro avg       0.61      0.61      0.61     43114
   macro avg       0.53      0.30      0.32     43114
weighted avg       0.60      0.61      0.57     43114
 samples avg       0.61      0.61      0.61     43114


[[  618     2     1     6     0    42     7   195     1  1923]
 [    8    37     0    72     0     5    44   207     1   947]
 [   16     0    16     3     0     5     8    32     0   275]
 [    9     7     1  3743     0     0    21   331     1   587]
 [    2     0     1     8     0     2     7    33     0   532]
 [   63     3     1    19     0   276    12   213     4   913]
 [    5     4     1    76     0     4  1589   105     0  1885]
 [  116     7     0   341     0    69    55  2637     6  4275]
 [    6     1     0    24     0    12     5   154    16   448]
 [  316    13     5   234     2    97   560  1221     7 17558]]

