Title: Fully Connected - Words: 1000, Batch: 32, Epochs: 10, Outputs: 512

Results of Training Set

--------------------
Accuracy: 0.8598444434135857, F1 Score: 0.7543844965112809, Precision: 0.9249127961733613, Recall: 0.6711357990114213

              precision    recall  f1-score   support

           0       0.93      0.77      0.85      8263
           1       0.96      0.48      0.64      3968
           2       0.95      0.49      0.64      1050
           3       0.97      0.93      0.95     14541
           4       0.99      0.41      0.58      1763
           5       0.87      0.68      0.76      4392
           6       0.97      0.82      0.89     11089
           7       0.82      0.80      0.81     22288
           8       0.97      0.38      0.54      1971
           9       0.82      0.96      0.89     60017

   micro avg       0.86      0.86      0.86    129342
   macro avg       0.92      0.67      0.75    129342
weighted avg       0.87      0.86      0.85    129342
 samples avg       0.86      0.86      0.86    129342


[[ 6402     1     2     1     0    62     3   284     1  1507]
 [    6  1915     1    63     0    17    41   489     0  1436]
 [   10     0   510     3     0     6     5   116     0   400]
 [    9    19     0 13511     0    16    15   427     2   542]
 [    7     5     0     8   720     8     7    83     0   925]
 [   68     2     2    16     0  2972     6   402     9   915]
 [    2    14     1    64     0     3  9091   190     0  1724]
 [   90    23    10   126     0   106    49 17789     3  4092]
 [   29     1     0    32     0    41     9   269   743   847]
 [  234    19    10   122     5   180   194  1681    11 57561]]

Results of Validation Set

--------------------
Accuracy: 0.6122373243030106, F1 Score: 0.36741568143144887, Precision: 0.5745804808677747, Recall: 0.32934106500784355

              precision    recall  f1-score   support

           0       0.50      0.28      0.36      2797
           1       0.56      0.09      0.16      1370
           2       0.67      0.10      0.17       371
           3       0.84      0.77      0.80      4733
           4       0.41      0.02      0.04       600
           5       0.47      0.26      0.34      1417
           6       0.67      0.46      0.54      3795
           7       0.47      0.44      0.45      7454
           8       0.53      0.06      0.11       665
           9       0.62      0.82      0.71     19912

   micro avg       0.61      0.61      0.61     43114
   macro avg       0.57      0.33      0.37     43114
weighted avg       0.60      0.61      0.58     43114
 samples avg       0.61      0.61      0.61     43114


[[  783     0     2    11     1    72    17   282     1  1628]
 [    9   124     0    87     0    11    56   283     0   800]
 [   20     0    36     1     0    11    10    50     0   243]
 [   14    12     0  3634     0     8    24   436     3   602]
 [    6     2     0     4    12     5     7    82     0   482]
 [   80     1     0    14     1   369    10   275     7   660]
 [   17     9     1    77     3     5  1731   158     0  1794]
 [  152    26     3   232     3   106    93  3244    11  3584]
 [   16     3     0    23     1    23     4   158    41   396]
 [  474    43    12   226     8   167   627  1918    15 16422]]

Results of Test Set

--------------------
Accuracy: 0.6109384422693325, F1 Score: 0.3604723994786371, Precision: 0.5224744361597333, Recall: 0.3245418827609874

              precision    recall  f1-score   support

           0       0.48      0.28      0.35      2795
           1       0.43      0.08      0.13      1321
           2       0.49      0.08      0.14       355
           3       0.85      0.78      0.81      4700
           4       0.18      0.01      0.02       585
           5       0.48      0.25      0.33      1504
           6       0.66      0.45      0.53      3669
           7       0.47      0.43      0.45      7506
           8       0.55      0.08      0.13       666
           9       0.62      0.82      0.71     20013

   micro avg       0.61      0.61      0.61     43114
   macro avg       0.52      0.32      0.36     43114
weighted avg       0.59      0.61      0.58     43114
 samples avg       0.61      0.61      0.61     43114


[[  770     1     2     7     2    91     9   297     1  1615]
 [   10   102     1    60     0     8    51   292     1   796]
 [   26     0    29     4     1     5    11    52     0   227]
 [   17    13     1  3643     0     3    30   411     3   579]
 [   11     3     0     6     6     4     8    61     0   486]
 [   88     4     1    17     1   376     8   271     7   731]
 [   12    21     3    75     0     3  1636   164     1  1754]
 [  151    38     5   256     6    99    81  3230     9  3631]
 [    8     3     0    18     0    15     5   166    50   401]
 [  496    53    17   179    17   173   626  1935    19 16498]]

