Title: Fully Connected - Words: 1000, Batch: 64, Epochs: 10, Outputs: 512

Results of Training Set

--------------------
Accuracy: 0.8460438218057553, F1 Score: 0.7286203806552141, Precision: 0.921306985749224, Recall: 0.6403535383477985

              precision    recall  f1-score   support

           0       0.93      0.73      0.82      8263
           1       0.94      0.40      0.56      3968
           2       0.98      0.40      0.57      1050
           3       0.97      0.92      0.94     14541
           4       0.99      0.34      0.51      1763
           5       0.86      0.61      0.72      4392
           6       0.96      0.82      0.88     11089
           7       0.82      0.75      0.79     22288
           8       0.96      0.46      0.62      1971
           9       0.80      0.97      0.88     60017

   micro avg       0.85      0.85      0.85    129342
   macro avg       0.92      0.64      0.73    129342
weighted avg       0.86      0.85      0.84    129342
 samples avg       0.85      0.85      0.85    129342


[[ 5991     2     0     7     1    70     4   295     2  1891]
 [   11  1603     0    48     1    19    76   510     1  1699]
 [   11     0   419     2     1     7    13   124     0   473]
 [    3    20     0 13359     1    12    25   455     2   664]
 [    4     6     0    11   606     8     8    79     0  1041]
 [   83     2     2    18     0  2685     7   421    10  1164]
 [    4    15     1    59     0     0  9130   196     0  1684]
 [   94    27     3   127     1   112    71 16754     9  5090]
 [   22     1     0    19     0    38    14   211   908   758]
 [  196    32     2   106     4   163   209  1320    11 57974]]

Results of Validation Set

--------------------
Accuracy: 0.6164354965904346, F1 Score: 0.3646157936191802, Precision: 0.5620833913944405, Recall: 0.3257262198759671

              precision    recall  f1-score   support

           0       0.54      0.28      0.37      2797
           1       0.46      0.08      0.13      1370
           2       0.68      0.07      0.13       371
           3       0.86      0.76      0.81      4733
           4       0.35      0.01      0.03       600
           5       0.52      0.26      0.35      1417
           6       0.66      0.46      0.54      3795
           7       0.50      0.41      0.45      7454
           8       0.46      0.08      0.13       665
           9       0.61      0.85      0.71     19912

   micro avg       0.62      0.62      0.62     43114
   macro avg       0.56      0.33      0.36     43114
weighted avg       0.60      0.62      0.58     43114
 samples avg       0.62      0.62      0.62     43114


[[  780     2     0     7     0    71    11   238     2  1686]
 [    6   104     0    77     1     5    56   260     2   859]
 [   17     0    27     3     0     3    12    41     1   267]
 [    8    20     0  3603     0     7    49   404     8   634]
 [    8     1     0     2     9     2     8    61     0   509]
 [   69     2     3    13     0   374    12   230     3   711]
 [    9    15     1    74     1     3  1739   122     2  1829]
 [  112    27     5   217     4    92    96  3029    18  3854]
 [    6     0     0    20     0    22    10   156    52   399]
 [  421    57     4   196    11   142   628  1567    26 16860]]

Results of Test Set

--------------------
Accuracy: 0.6146727281161571, F1 Score: 0.3559311502516315, Precision: 0.5271443542074936, Recall: 0.3203658375103294

              precision    recall  f1-score   support

           0       0.51      0.28      0.36      2795
           1       0.37      0.06      0.10      1321
           2       0.49      0.06      0.11       355
           3       0.86      0.77      0.81      4700
           4       0.32      0.01      0.02       585
           5       0.51      0.24      0.33      1504
           6       0.65      0.46      0.54      3669
           7       0.49      0.41      0.45      7506
           8       0.46      0.08      0.14       666
           9       0.61      0.84      0.71     20013

   micro avg       0.61      0.61      0.61     43114
   macro avg       0.53      0.32      0.36     43114
weighted avg       0.60      0.61      0.58     43114
 samples avg       0.61      0.61      0.61     43114


[[  772     5     2     5     0    68    12   225     6  1700]
 [   13    77     1    55     1     5    50   255     2   862]
 [   22     2    21     3     0     6     9    53     0   239]
 [   15    15     1  3607     1     3    30   400    10   618]
 [    3     6     0     5     7     1    15    54     0   494]
 [   85     4     1    20     1   362    14   243     5   769]
 [    5    14     2    65     1     2  1675   150     1  1754]
 [  155    32     3   247     1    90    75  3065    18  3820]
 [    9     2     0    18     0    16     5   145    55   416]
 [  439    53    12   171    10   154   680  1611    23 16860]]

