Title: Fully Connected - Words: 1000, Batch: 64, Epochs: 1, Outputs: 512

Results of Training Set

--------------------
Accuracy: 0.6237107822671677, F1 Score: 0.31205571754504013, Precision: 0.6550142077024256, Recall: 0.2854100215986799

              precision    recall  f1-score   support

           0       0.59      0.21      0.31      8263
           1       0.67      0.00      0.00      3968
           2       0.96      0.02      0.04      1050
           3       0.87      0.77      0.81     14541
           4       0.00      0.00      0.00      1763
           5       0.57      0.16      0.25      4392
           6       0.77      0.43      0.55     11089
           7       0.53      0.36      0.43     22288
           8       1.00      0.00      0.00      1971
           9       0.60      0.90      0.72     60017

   micro avg       0.62      0.62      0.62    129342
   macro avg       0.66      0.29      0.31    129342
weighted avg       0.63      0.62      0.57    129342
 samples avg       0.62      0.62      0.62    129342


[[ 1710     0     0     8     0   122    12   524     0  5887]
 [   12     2     0   187     0    13    83   607     0  3064]
 [   53     0    24     5     0    10    20    75     0   863]
 [   21     0     0 11164     0     7    47  1246     0  2056]
 [    7     0     0    21     0     2     9    85     0  1639]
 [  121     0     0    51     0   712    18   554     0  2936]
 [    5     0     0   223     0     4  4744   235     0  5878]
 [  191     1     1   684     0   158   146  8007     0 13100]
 [   23     0     0    56     0    24    20   470     4  1374]
 [  771     0     0   488     0   198  1054  3201     0 54305]]

Results of Validation Set

--------------------
Accuracy: 0.6043744491348518, F1 Score: 0.29045586258229994, Precision: 0.5266293139695692, Recall: 0.2690416364499043

              precision    recall  f1-score   support

           0       0.54      0.19      0.28      2797
           1       0.00      0.00      0.00      1370
           2       0.60      0.01      0.02       371
           3       0.85      0.75      0.79      4733
           4       0.00      0.00      0.00       600
           5       0.46      0.12      0.19      1417
           6       0.73      0.39      0.51      3795
           7       0.51      0.33      0.40      7454
           8       1.00      0.00      0.00       665
           9       0.58      0.90      0.70     19912

   micro avg       0.60      0.60      0.60     43114
   macro avg       0.53      0.27      0.29     43114
weighted avg       0.58      0.60      0.55     43114
 samples avg       0.60      0.60      0.60     43114


[[  522     0     0     5     0    45     2   165     0  2058]
 [    2     0     0    86     0     3    33   214     0  1032]
 [   17     0     3     4     0     5     6    18     0   318]
 [    5     0     0  3544     0     1    24   413     0   746]
 [    7     0     0     4     0     0     1    41     0   547]
 [   48     0     0    15     0   172     6   189     0   987]
 [    4     0     0    74     0     0  1499    70     0  2148]
 [   79     0     2   247     0    56    44  2487     0  4539]
 [    8     0     0    21     0    11     2   151     1   471]
 [  275     0     0   188     0    85   433  1102     0 17829]]

Results of Test Set

--------------------
Accuracy: 0.6004082200677274, F1 Score: 0.28510490464849, Precision: 0.5597993053710295, Recall: 0.2650152782556814

              precision    recall  f1-score   support

           0       0.51      0.17      0.26      2795
           1       0.00      0.00      0.00      1321
           2       1.00      0.01      0.01       355
           3       0.84      0.75      0.80      4700
           4       0.00      0.00      0.00       585
           5       0.45      0.12      0.18      1504
           6       0.72      0.39      0.50      3669
           7       0.50      0.32      0.39      7506
           8       1.00      0.00      0.00       666
           9       0.58      0.89      0.70     20013

   micro avg       0.60      0.60      0.60     43114
   macro avg       0.56      0.27      0.29     43114
weighted avg       0.58      0.60      0.55     43114
 samples avg       0.60      0.60      0.60     43114


[[  482     0     0     3     0    50     7   183     0  2070]
 [    6     0     0    61     0     3    28   207     0  1016]
 [   16     0     2     3     0     6     7    22     0   299]
 [    6     0     0  3532     0     0    19   435     0   708]
 [    5     0     0     4     0     0     4    29     0   543]
 [   46     0     0    17     0   175    10   166     0  1090]
 [    2     0     0    72     0     2  1420    88     0  2085]
 [   82     0     0   283     0    61    38  2434     0  4608]
 [    6     0     0    19     0     7     4   163     1   466]
 [  302     0     0   187     0    86   434  1164     0 17840]]

