Title: Fully Connected - Words: 1000, Batch: 128, Epochs: 10, Outputs: 512

Results of Training Set

--------------------
Accuracy: 0.829096503842526, F1 Score: 0.6759211786933302, Precision: 0.9100658915563375, Recall: 0.5928411781081597

              precision    recall  f1-score   support

           0       0.89      0.76      0.82      8263
           1       0.91      0.37      0.52      3968
           2       0.97      0.31      0.47      1050
           3       0.96      0.92      0.94     14541
           4       0.98      0.21      0.35      1763
           5       0.86      0.58      0.69      4392
           6       0.94      0.79      0.86     11089
           7       0.85      0.69      0.76     22288
           8       0.98      0.32      0.48      1971
           9       0.78      0.97      0.86     60017

   micro avg       0.83      0.83      0.83    129342
   macro avg       0.91      0.59      0.68    129342
weighted avg       0.84      0.83      0.82    129342
 samples avg       0.83      0.83      0.83    129342


[[ 6291     6     0     2     1    55    13   191     1  1703]
 [   26  1463     0    71     1    20    81   349     0  1957]
 [   29     3   329     9     0    10    24   103     0   543]
 [   18    17     0 13450     0    10    28   282     1   735]
 [   12     4     0    11   375     3    16    78     0  1264]
 [  141     6     1    29     0  2557    15   343     2  1298]
 [    8    20     1    77     1     4  8770   181     1  2026]
 [  198    42     7   215     2   133   112 15408     2  6169]
 [   39     4     0    35     0    36    12   200   625  1020]
 [  337    46     1   150     1   162   303  1042     6 57969]]

Results of Validation Set

--------------------
Accuracy: 0.6182446537087721, F1 Score: 0.36656758642641724, Precision: 0.581202512751272, Recall: 0.32964997543703756

              precision    recall  f1-score   support

           0       0.50      0.32      0.39      2797
           1       0.46      0.08      0.14      1370
           2       0.68      0.08      0.14       371
           3       0.84      0.78      0.81      4733
           4       0.47      0.01      0.03       600
           5       0.53      0.28      0.37      1417
           6       0.67      0.47      0.55      3795
           7       0.52      0.37      0.43      7454
           8       0.53      0.05      0.10       665
           9       0.61      0.85      0.71     19912

   micro avg       0.62      0.62      0.62     43114
   macro avg       0.58      0.33      0.37     43114
weighted avg       0.61      0.62      0.58     43114
 samples avg       0.62      0.62      0.62     43114


[[  888     3     1     6     1    61    10   176     0  1651]
 [    7   113     1    82     0     5    61   215     0   886]
 [   17     2    30     3     1     5    10    38     0   265]
 [   14    18     3  3699     2     8    29   299     4   657]
 [    9     1     0     3     9     4     6    52     0   516]
 [   97     1     0    17     0   394     9   199     8   692]
 [   13     8     2    78     1     4  1779   100     0  1810]
 [  173    35     5   285     2    99    77  2722     9  4047]
 [   15     0     0    25     0    23     6   125    36   435]
 [  542    67     2   210     3   136   675  1281    11 16985]]

Results of Test Set

--------------------
Accuracy: 0.6203089483694392, F1 Score: 0.35894141129138796, Precision: 0.5410780494526214, Recall: 0.32530838259273726

              precision    recall  f1-score   support

           0       0.49      0.32      0.39      2795
           1       0.40      0.06      0.11      1321
           2       0.51      0.07      0.13       355
           3       0.84      0.79      0.82      4700
           4       0.31      0.01      0.01       585
           5       0.53      0.26      0.35      1504
           6       0.66      0.46      0.55      3669
           7       0.53      0.36      0.43      7506
           8       0.54      0.05      0.10       666
           9       0.61      0.86      0.71     20013

   micro avg       0.62      0.62      0.62     43114
   macro avg       0.54      0.33      0.36     43114
weighted avg       0.60      0.62      0.59     43114
 samples avg       0.62      0.62      0.62     43114


[[  893     6     1     8     0    64    15   180     0  1628]
 [   18    85     0    68     2     5    49   210     1   883]
 [   29     1    26     3     0     6    16    41     0   233]
 [   14    14     1  3729     0     4    33   315     2   588]
 [    6     1     0     9     4     2     7    50     0   506]
 [   88     4     1    20     0   388     8   198     9   788]
 [    7    15     1    65     1     3  1697   127     1  1752]
 [  191    35     2   319     4    92    87  2733     9  4034]
 [    8     3     0    19     0    14     4   141    36   441]
 [  580    51    19   199     2   151   641  1208     9 17153]]

