Title: Fully Connected - Words: 2000, Batch: 32, Epochs: 1, Outputs: 10

Results of Training Set

--------------------
Accuracy: 0.5773685268512935, F1 Score: 0.19973219464524644, Precision: 0.36871794386421775, Recall: 0.20327038998471783

              precision    recall  f1-score   support

           0       0.80      0.00      0.00      8263
           1       0.00      0.00      0.00      3968
           2       0.00      0.00      0.00      1050
           3       0.87      0.76      0.81     14541
           4       0.00      0.00      0.00      1763
           5       0.00      0.00      0.00      4392
           6       0.87      0.14      0.24     11089
           7       0.62      0.16      0.26     22288
           8       0.00      0.00      0.00      1971
           9       0.54      0.97      0.69     60017

   micro avg       0.58      0.58      0.58    129342
   macro avg       0.37      0.20      0.20    129342
weighted avg       0.58      0.58      0.48    129342
 samples avg       0.58      0.58      0.58    129342


[[    4     0     0     3     0     0     0    45     0  8211]
 [    0     0     0   175     0     0     6   201     0  3586]
 [    0     0     0     4     0     0     5    26     0  1015]
 [    0     0     0 10993     0     0    19   733     0  2796]
 [    0     0     0    14     0     0     1    32     0  1716]
 [    0     0     0    46     0     0     2   125     0  4219]
 [    0     0     0   203     0     0  1523    92     0  9271]
 [    0     0     0   760     0     0    14  3659     0 17855]
 [    0     0     0    53     0     0     2   128     0  1788]
 [    1     0     0   433     0     0   183   901     0 58499]]

Results of Validation Set

--------------------
Accuracy: 0.5693974115136614, F1 Score: 0.19654660891069137, Precision: 0.2807220843589736, Recall: 0.20084994401816228

              precision    recall  f1-score   support

           0       0.00      0.00      0.00      2797
           1       0.00      0.00      0.00      1370
           2       0.00      0.00      0.00       371
           3       0.85      0.74      0.79      4733
           4       0.00      0.00      0.00       600
           5       0.00      0.00      0.00      1417
           6       0.83      0.14      0.24      3795
           7       0.59      0.15      0.24      7454
           8       0.00      0.00      0.00       665
           9       0.53      0.97      0.69     19912

   micro avg       0.57      0.57      0.57     43114
   macro avg       0.28      0.20      0.20     43114
weighted avg       0.51      0.57      0.47     43114
 samples avg       0.57      0.57      0.57     43114


[[    0     0     0     4     0     0     0    15     0  2778]
 [    0     0     0    68     0     0     5    69     0  1228]
 [    0     0     0     1     0     0     2     9     0   359]
 [    0     0     0  3505     0     0    10   252     0   966]
 [    0     0     0     3     0     0     0    14     0   583]
 [    0     0     0     9     0     0     0    50     0  1358]
 [    0     0     0    77     0     0   538    32     0  3148]
 [    0     0     0   270     0     0     8  1148     0  6028]
 [    0     0     0    16     0     0     1    51     0   597]
 [    0     0     0   174     0     0    81   299     0 19358]]

Results of Test Set

--------------------
Accuracy: 0.5701628241406503, F1 Score: 0.19487177036173858, Precision: 0.28230628491114007, Recall: 0.19973612442869085

              precision    recall  f1-score   support

           0       0.00      0.00      0.00      2795
           1       0.00      0.00      0.00      1321
           2       0.00      0.00      0.00       355
           3       0.85      0.74      0.79      4700
           4       0.00      0.00      0.00       585
           5       0.00      0.00      0.00      1504
           6       0.85      0.13      0.23      3669
           7       0.59      0.15      0.24      7506
           8       0.00      0.00      0.00       666
           9       0.53      0.97      0.69     20013

   micro avg       0.57      0.57      0.57     43114
   macro avg       0.28      0.20      0.19     43114
weighted avg       0.51      0.57      0.47     43114
 samples avg       0.57      0.57      0.57     43114


[[    0     0     0     2     0     0     0    17     0  2776]
 [    0     0     0    53     0     0     4    71     0  1193]
 [    0     0     0     3     0     0     3    10     0   339]
 [    0     0     0  3492     0     0     7   265     0   936]
 [    0     0     0     6     0     0     0    11     0   568]
 [    0     0     0    12     0     0     0    47     0  1445]
 [    0     0     0    67     0     0   487    23     0  3092]
 [    0     0     0   281     0     0     6  1107     0  6112]
 [    0     0     0    17     0     0     2    47     0   600]
 [    0     0     0   161     0     0    63   293     0 19496]]

