Title: Fully Connected - Words: 2000, Batch: 64, Epochs: 1, Outputs: 10

Results of Training Set

--------------------
Accuracy: 0.5674026998190843, F1 Score: 0.19211569038294202, Precision: 0.28202408001877843, Recall: 0.20172751667053315

              precision    recall  f1-score   support

           0       0.00      0.00      0.00      8263
           1       0.00      0.00      0.00      3968
           2       0.00      0.00      0.00      1050
           3       0.86      0.76      0.80     14541
           4       0.00      0.00      0.00      1763
           5       0.00      0.00      0.00      4392
           6       0.83      0.25      0.39     11089
           7       0.61      0.02      0.04     22288
           8       0.00      0.00      0.00      1971
           9       0.53      0.98      0.69     60017

   micro avg       0.57      0.57      0.57    129342
   macro avg       0.28      0.20      0.19    129342
weighted avg       0.52      0.57      0.45    129342
 samples avg       0.57      0.57      0.57    129342


[[    0     0     0     4     0     0     0     1     0  8258]
 [    0     0     0   177     0     0    18    26     0  3747]
 [    0     0     0     6     0     0     8     0     0  1036]
 [    0     0     0 11006     0     0    27   197     0  3311]
 [    0     0     0    11     0     0     3     2     0  1747]
 [    0     0     0    53     0     0     5     6     0  4328]
 [    0     0     0   196     0     0  2816    10     0  8067]
 [    0     0     0   909     0     0    46   494     0 20839]
 [    0     0     0    59     0     0     5    20     0  1887]
 [    0     0     0   420     0     0   467    57     0 59073]]

Results of Validation Set

--------------------
Accuracy: 0.5607227350744538, F1 Score: 0.18903001353958707, Precision: 0.2757771286691453, Recall: 0.19920588570452366

              precision    recall  f1-score   support

           0       0.00      0.00      0.00      2797
           1       0.00      0.00      0.00      1370
           2       0.00      0.00      0.00       371
           3       0.84      0.74      0.79      4733
           4       0.00      0.00      0.00       600
           5       0.00      0.00      0.00      1417
           6       0.82      0.25      0.38      3795
           7       0.58      0.02      0.04      7454
           8       0.00      0.00      0.00       665
           9       0.52      0.98      0.68     19912

   micro avg       0.56      0.56      0.56     43114
   macro avg       0.28      0.20      0.19     43114
weighted avg       0.50      0.56      0.44     43114
 samples avg       0.56      0.56      0.56     43114


[[    0     0     0     3     0     0     0     0     0  2794]
 [    0     0     0    74     0     0     9     6     0  1281]
 [    0     0     0     0     0     0     3     0     0   368]
 [    0     0     0  3514     0     0    10    79     0  1130]
 [    0     0     0     2     0     0     0     1     0   597]
 [    0     0     0    12     0     0     0     3     0  1402]
 [    0     0     0    69     0     0   931     5     0  2790]
 [    0     0     0   315     0     0    16   160     0  6963]
 [    0     0     0    19     0     0     1     4     0   641]
 [    0     0     0   151     0     0   171    20     0 19570]]

Results of Test Set

--------------------
Accuracy: 0.5625318921927912, F1 Score: 0.1893675810894936, Precision: 0.27906858071727136, Recall: 0.19965843533210847

              precision    recall  f1-score   support

           0       0.00      0.00      0.00      2795
           1       0.00      0.00      0.00      1321
           2       0.00      0.00      0.00       355
           3       0.85      0.75      0.79      4700
           4       0.00      0.00      0.00       585
           5       0.00      0.00      0.00      1504
           6       0.81      0.24      0.38      3669
           7       0.61      0.02      0.04      7506
           8       0.00      0.00      0.00       666
           9       0.52      0.98      0.68     20013

   micro avg       0.56      0.56      0.56     43114
   macro avg       0.28      0.20      0.19     43114
weighted avg       0.51      0.56      0.44     43114
 samples avg       0.56      0.56      0.56     43114


[[    0     0     0     1     0     0     1     0     0  2793]
 [    0     0     0    55     0     0     9    10     0  1247]
 [    0     0     0     3     0     0     3     0     0   349]
 [    0     0     0  3514     0     0    12    58     0  1116]
 [    0     0     0     6     0     0     2     0     0   577]
 [    0     0     0    17     0     0     2     2     0  1483]
 [    0     0     0    64     0     0   897     2     0  2706]
 [    0     0     0   330     0     0    14   156     0  7006]
 [    0     0     0    17     0     0     2     5     0   642]
 [    0     0     0   142     0     0   161    24     0 19686]]

