Title: Fully Connected - Words: 2000, Batch: 128, Epochs: 1, Outputs: 10

Results of Training Set

--------------------
Accuracy: 0.5741754418518347, F1 Score: 0.20019883505998962, Precision: 0.2778491378537194, Recall: 0.20670971218966577

              precision    recall  f1-score   support

           0       0.00      0.00      0.00      8263
           1       0.00      0.00      0.00      3968
           2       0.00      0.00      0.00      1050
           3       0.83      0.77      0.80     14541
           4       0.00      0.00      0.00      1763
           5       0.00      0.00      0.00      4392
           6       0.83      0.23      0.37     11089
           7       0.58      0.08      0.14     22288
           8       0.00      0.00      0.00      1971
           9       0.53      0.98      0.69     60017

   micro avg       0.57      0.57      0.57    129342
   macro avg       0.28      0.21      0.20    129342
weighted avg       0.51      0.57      0.47    129342
 samples avg       0.57      0.57      0.57    129342


[[    0     0     0     8     0     0     1     3     0  8251]
 [    0     0     0   212     0     0    18    86     0  3652]
 [    0     0     0     7     0     0    12    27     0  1004]
 [    0     0     0 11265     0     0    39   461     0  2776]
 [    0     0     0    18     0     0     3    27     0  1715]
 [    0     0     0    65     0     0     3    93     0  4231]
 [    0     0     0   236     0     0  2604    55     0  8194]
 [    0     0     0  1146     0     0    47  1817     0 19278]
 [    0     0     0    72     0     0    10    40     0  1849]
 [    0     0     0   528     0     0   399   511     0 58579]]

Results of Validation Set

--------------------
Accuracy: 0.5679129749037436, F1 Score: 0.1980959826721574, Precision: 0.2739705193932008, Recall: 0.2048880022642205

              precision    recall  f1-score   support

           0       0.00      0.00      0.00      2797
           1       0.00      0.00      0.00      1370
           2       0.00      0.00      0.00       371
           3       0.82      0.76      0.79      4733
           4       0.00      0.00      0.00       600
           5       0.00      0.00      0.00      1417
           6       0.83      0.23      0.36      3795
           7       0.57      0.08      0.14      7454
           8       0.00      0.00      0.00       665
           9       0.53      0.97      0.69     19912

   micro avg       0.57      0.57      0.57     43114
   macro avg       0.27      0.20      0.20     43114
weighted avg       0.51      0.57      0.46     43114
 samples avg       0.57      0.57      0.57     43114


[[    0     0     0     5     0     0     1     4     0  2787]
 [    0     0     0    93     0     0     9    32     0  1236]
 [    0     0     0     1     0     0     2     7     0   361]
 [    0     0     0  3604     0     0    13   152     0   964]
 [    0     0     0     3     0     0     0    15     0   582]
 [    0     0     0    13     0     0     0    40     0  1364]
 [    0     0     0    83     0     0   877    22     0  2813]
 [    0     0     0   385     0     0    10   616     0  6443]
 [    0     0     0    19     0     0     2    22     0   622]
 [    0     0     0   196     0     0   149   179     0 19388]]

Results of Test Set

--------------------
Accuracy: 0.5685160272765227, F1 Score: 0.19719977797184463, Precision: 0.27268828079383056, Recall: 0.20454201885102324

              precision    recall  f1-score   support

           0       0.00      0.00      0.00      2795
           1       0.00      0.00      0.00      1321
           2       0.00      0.00      0.00       355
           3       0.82      0.76      0.79      4700
           4       0.00      0.00      0.00       585
           5       0.00      0.00      0.00      1504
           6       0.81      0.23      0.36      3669
           7       0.57      0.08      0.14      7506
           8       0.00      0.00      0.00       666
           9       0.53      0.97      0.69     20013

   micro avg       0.57      0.57      0.57     43114
   macro avg       0.27      0.20      0.20     43114
weighted avg       0.50      0.57      0.46     43114
 samples avg       0.57      0.57      0.57     43114


[[    0     0     0     2     0     0     1     2     0  2790]
 [    0     0     0    68     0     0     8    34     0  1211]
 [    0     0     0     3     0     0     3     7     0   342]
 [    0     0     0  3594     0     0    16   150     0   940]
 [    0     0     0     5     0     0     1     8     0   571]
 [    0     0     0    17     0     0     5    38     0  1444]
 [    0     0     0    73     0     0   841    13     0  2742]
 [    0     0     0   414     0     0    14   581     0  6497]
 [    0     0     0    22     0     0     2    11     0   631]
 [    0     0     0   191     0     0   153   174     0 19495]]

