Title: Fully Connected - Words: 2000, Batch: 32, Epochs: 1, Outputs: 16

Results of Training Set

--------------------
Accuracy: 0.5816440135454841, F1 Score: 0.2122964611304748, Precision: 0.36209542977500286, Recall: 0.2171476750419173

              precision    recall  f1-score   support

           0       0.77      0.00      0.00      8263
           1       0.00      0.00      0.00      3968
           2       0.00      0.00      0.00      1050
           3       0.84      0.78      0.81     14541
           4       0.00      0.00      0.00      1763
           5       0.00      0.00      0.00      4392
           6       0.82      0.34      0.48     11089
           7       0.65      0.07      0.13     22288
           8       0.00      0.00      0.00      1971
           9       0.54      0.97      0.69     60017

   micro avg       0.58      0.58      0.58    129342
   macro avg       0.36      0.22      0.21    129342
weighted avg       0.58      0.58      0.48    129342
 samples avg       0.58      0.58      0.58    129342


[[   10     0     0     4     0     0     3     2     0  8244]
 [    0     0     0   205     0     0    28    53     0  3682]
 [    0     0     0     6     0     0    11    25     0  1008]
 [    0     0     0 11329     0     0    25   229     0  2958]
 [    0     0     0    13     0     0     5    25     0  1720]
 [    0     0     0    57     0     0     4    78     0  4253]
 [    0     0     0   213     0     0  3804    50     0  7022]
 [    0     0     0  1038     0     0    79  1664     0 19507]
 [    0     0     0    58     0     0     7    11     0  1895]
 [    3     0     0   492     0     0   677   421     0 58424]]

Results of Validation Set

--------------------
Accuracy: 0.5726446165978568, F1 Score: 0.20730925238472198, Precision: 0.37531044035471905, Recall: 0.21322034612524549

              precision    recall  f1-score   support

           0       1.00      0.00      0.00      2797
           1       0.00      0.00      0.00      1370
           2       0.00      0.00      0.00       371
           3       0.83      0.76      0.79      4733
           4       0.00      0.00      0.00       600
           5       0.00      0.00      0.00      1417
           6       0.79      0.33      0.46      3795
           7       0.61      0.07      0.13      7454
           8       0.00      0.00      0.00       665
           9       0.53      0.97      0.69     19912

   micro avg       0.57      0.57      0.57     43114
   macro avg       0.38      0.21      0.21     43114
weighted avg       0.58      0.57      0.47     43114
 samples avg       0.57      0.57      0.57     43114


[[    5     0     0     4     0     0     1     3     0  2784]
 [    0     0     0    86     0     0    21    28     0  1235]
 [    0     0     0     1     0     0     3     9     0   358]
 [    0     0     0  3616     0     0    14    81     0  1022]
 [    0     0     0     2     0     0     0    10     0   588]
 [    0     0     0    14     0     0     1    29     0  1373]
 [    0     0     0    73     0     0  1238    26     0  2458]
 [    0     0     0   361     0     0    23   528     0  6542]
 [    0     0     0    22     0     0     2     7     0   634]
 [    0     0     0   192     0     0   267   151     0 19302]]

Results of Test Set

--------------------
Accuracy: 0.5741290532077747, F1 Score: 0.20752916829593082, Precision: 0.35262264202009486, Recall: 0.21373516191231504

              precision    recall  f1-score   support

           0       0.75      0.00      0.00      2795
           1       0.00      0.00      0.00      1321
           2       0.00      0.00      0.00       355
           3       0.83      0.77      0.80      4700
           4       0.00      0.00      0.00       585
           5       0.00      0.00      0.00      1504
           6       0.79      0.33      0.47      3669
           7       0.62      0.07      0.12      7506
           8       0.00      0.00      0.00       666
           9       0.53      0.97      0.69     20013

   micro avg       0.57      0.57      0.57     43114
   macro avg       0.35      0.21      0.21     43114
weighted avg       0.56      0.57      0.47     43114
 samples avg       0.57      0.57      0.57     43114


[[    3     0     0     1     0     0     1     2     0  2788]
 [    0     0     0    69     0     0    10    23     0  1219]
 [    0     0     0     3     0     0     4     7     0   341]
 [    0     0     0  3616     0     0    10    73     0  1001]
 [    0     0     0     5     0     0     2     8     0   570]
 [    0     0     0    20     0     0     5    26     0  1453]
 [    0     0     0    65     0     0  1209    15     0  2380]
 [    0     0     0   380     0     0    21   502     0  6603]
 [    0     0     0    19     0     0     2     4     0   641]
 [    1     0     0   178     0     0   262   149     0 19423]]

