Title: Fully Connected - Words: 2000, Batch: 64, Epochs: 1, Outputs: 16

Results of Training Set

--------------------
Accuracy: 0.5944936679500858, F1 Score: 0.2274072886243673, Precision: 0.37995631443536615, Recall: 0.22579632710172043

              precision    recall  f1-score   support

           0       1.00      0.00      0.00      8263
           1       0.00      0.00      0.00      3968
           2       0.00      0.00      0.00      1050
           3       0.85      0.77      0.81     14541
           4       0.00      0.00      0.00      1763
           5       0.00      0.00      0.00      4392
           6       0.81      0.33      0.47     11089
           7       0.58      0.19      0.29     22288
           8       0.00      0.00      0.00      1971
           9       0.55      0.96      0.70     60017

   micro avg       0.59      0.59      0.59    129342
   macro avg       0.38      0.23      0.23    129342
weighted avg       0.59      0.59      0.51    129342
 samples avg       0.59      0.59      0.59    129342


[[    2     0     0     4     0     0     7    81     0  8169]
 [    0     0     0   200     0     0    35   293     0  3440]
 [    0     0     0     6     0     0    13    29     0  1002]
 [    0     0     0 11220     0     0    37   954     0  2330]
 [    0     0     0    15     0     0     5    36     0  1707]
 [    0     0     0    56     0     0     7   220     0  4109]
 [    0     0     0   222     0     0  3696    96     0  7075]
 [    0     0     0   852     0     0    73  4261     0 17102]
 [    0     0     0    58     0     0    10   236     0  1667]
 [    0     0     0   492     0     0   673  1138     0 57714]]

Results of Validation Set

--------------------
Accuracy: 0.585934963121028, F1 Score: 0.22238326006402756, Precision: 0.27386709883913335, Recall: 0.2217409588742382

              precision    recall  f1-score   support

           0       0.00      0.00      0.00      2797
           1       0.00      0.00      0.00      1370
           2       0.00      0.00      0.00       371
           3       0.84      0.76      0.80      4733
           4       0.00      0.00      0.00       600
           5       0.00      0.00      0.00      1417
           6       0.79      0.32      0.45      3795
           7       0.56      0.19      0.28      7454
           8       0.00      0.00      0.00       665
           9       0.55      0.96      0.70     19912

   micro avg       0.59      0.59      0.59     43114
   macro avg       0.27      0.22      0.22     43114
weighted avg       0.51      0.59      0.50     43114
 samples avg       0.59      0.59      0.59     43114


[[    0     0     0     4     0     0     0    30     0  2763]
 [    0     0     0    83     0     0    22   114     0  1151]
 [    0     0     0     0     0     0     4     9     0   358]
 [    0     0     0  3578     0     0    16   325     0   814]
 [    0     0     0     2     0     0     1    16     0   581]
 [    0     0     0    12     0     0     1    86     0  1318]
 [    0     0     0    79     0     0  1202    34     0  2480]
 [    0     0     0   301     0     0    20  1383     0  5750]
 [    0     0     0    21     0     0     1    81     0   562]
 [    0     0     0   180     0     0   261   372     0 19099]]

Results of Test Set

--------------------
Accuracy: 0.5870482905784664, F1 Score: 0.22343218857991665, Precision: 0.27429115194433856, Recall: 0.22268124719370824

              precision    recall  f1-score   support

           0       0.00      0.00      0.00      2795
           1       0.00      0.00      0.00      1321
           2       0.00      0.00      0.00       355
           3       0.84      0.76      0.80      4700
           4       0.00      0.00      0.00       585
           5       0.00      0.00      0.00      1504
           6       0.79      0.33      0.46      3669
           7       0.56      0.18      0.27      7506
           8       0.00      0.00      0.00       666
           9       0.55      0.96      0.70     20013

   micro avg       0.59      0.59      0.59     43114
   macro avg       0.27      0.22      0.22     43114
weighted avg       0.51      0.59      0.50     43114
 samples avg       0.59      0.59      0.59     43114


[[    0     0     0     2     0     0     0    32     0  2761]
 [    0     0     0    58     0     0    12   111     0  1140]
 [    0     0     0     3     0     0     3     8     0   341]
 [    0     0     0  3571     0     0    10   336     0   783]
 [    0     0     0     4     0     0     4    13     0   564]
 [    0     0     0    18     0     0     4    61     0  1421]
 [    0     0     0    71     0     0  1202    27     0  2369]
 [    0     0     0   305     0     0    25  1360     0  5816]
 [    0     0     0    18     0     0     3    76     0   569]
 [    0     0     0   182     0     0   265   389     0 19177]]

