Title: Fully Connected - Words: 2000, Batch: 128, Epochs: 1, Outputs: 16

Results of Training Set

--------------------
Accuracy: 0.5901254039677754, F1 Score: 0.22558527455512412, Precision: 0.34184856914349215, Recall: 0.22457639990335912

              precision    recall  f1-score   support

           0       0.62      0.01      0.02      8263
           1       0.00      0.00      0.00      3968
           2       0.00      0.00      0.00      1050
           3       0.86      0.77      0.81     14541
           4       0.00      0.00      0.00      1763
           5       0.00      0.00      0.00      4392
           6       0.79      0.35      0.49     11089
           7       0.61      0.15      0.24     22288
           8       0.00      0.00      0.00      1971
           9       0.55      0.96      0.70     60017

   micro avg       0.59      0.59      0.59    129342
   macro avg       0.34      0.22      0.23    129342
weighted avg       0.56      0.59      0.50    129342
 samples avg       0.59      0.59      0.59    129342


[[   97     0     0     9     0     0     6    60     0  8091]
 [    0     0     0   196     0     0    52   178     0  3542]
 [    1     0     0     6     0     0    16    38     0   989]
 [   13     0     0 11186     0     0    61   575     0  2706]
 [    0     0     0    13     0     0     4    33     0  1713]
 [    1     0     0    57     0     0    11   164     0  4159]
 [    0     0     0   220     0     0  3936    77     0  6856]
 [    4     0     0   822     0     0    90  3248     0 18124]
 [    0     0     0    56     0     0    11   141     0  1763]
 [   41     0     0   495     0     0   821   799     0 57861]]

Results of Validation Set

--------------------
Accuracy: 0.580948183884585, F1 Score: 0.22023198094908078, Precision: 0.3330303519360912, Recall: 0.22044089344699977

              precision    recall  f1-score   support

           0       0.59      0.01      0.02      2797
           1       0.00      0.00      0.00      1370
           2       0.00      0.00      0.00       371
           3       0.84      0.76      0.80      4733
           4       0.00      0.00      0.00       600
           5       0.00      0.00      0.00      1417
           6       0.76      0.34      0.47      3795
           7       0.59      0.14      0.23      7454
           8       0.00      0.00      0.00       665
           9       0.54      0.96      0.69     19912

   micro avg       0.58      0.58      0.58     43114
   macro avg       0.33      0.22      0.22     43114
weighted avg       0.55      0.58      0.49     43114
 samples avg       0.58      0.58      0.58     43114


[[   26     0     0     5     0     0     2    24     0  2740]
 [    0     0     0    89     0     0    17    66     0  1198]
 [    1     0     0     1     0     0     4    12     0   353]
 [    1     0     0  3574     0     0    19   178     0   961]
 [    0     0     0     2     0     0     0    14     0   584]
 [    0     0     0    12     0     0     1    72     0  1332]
 [    0     0     0    73     0     0  1293    33     0  2396]
 [    4     0     0   278     0     0    26  1038     0  6108]
 [    0     0     0    20     0     0     2    51     0   592]
 [   12     0     0   197     0     0   328   259     0 19116]]

Results of Test Set

--------------------
Accuracy: 0.5829428955791622, F1 Score: 0.22112736356390958, Precision: 0.33736170699189055, Recall: 0.22153921707422014

              precision    recall  f1-score   support

           0       0.63      0.01      0.02      2795
           1       0.00      0.00      0.00      1321
           2       0.00      0.00      0.00       355
           3       0.85      0.76      0.80      4700
           4       0.00      0.00      0.00       585
           5       0.00      0.00      0.00      1504
           6       0.75      0.35      0.47      3669
           7       0.60      0.13      0.22      7506
           8       0.00      0.00      0.00       666
           9       0.54      0.96      0.69     20013

   micro avg       0.58      0.58      0.58     43114
   macro avg       0.34      0.22      0.22     43114
weighted avg       0.55      0.58      0.49     43114
 samples avg       0.58      0.58      0.58     43114


[[   33     0     0     2     0     0     1    26     0  2733]
 [    0     0     0    55     0     0    21    58     0  1187]
 [    0     0     0     4     0     0     5     8     0   338]
 [    3     0     0  3587     0     0    26   184     0   900]
 [    0     0     0     6     0     0     4     9     0   566]
 [    1     0     0    16     0     0    10    57     0  1420]
 [    0     0     0    71     0     0  1267    24     0  2307]
 [    3     0     0   306     0     0    24  1002     0  6171]
 [    1     0     0    19     0     0     2    47     0   597]
 [   11     0     0   172     0     0   323   263     0 19244]]

