Title: Fully Connected - Words: 2000, Batch: 32, Epochs: 1, Outputs: 32

Results of Training Set

--------------------
Accuracy: 0.604529077948385, F1 Score: 0.24297756133890874, Precision: 0.45182716822013197, Recall: 0.23898862303169696

              precision    recall  f1-score   support

           0       0.72      0.02      0.04      8263
           1       0.00      0.00      0.00      3968
           2       1.00      0.00      0.00      1050
           3       0.86      0.78      0.82     14541
           4       0.00      0.00      0.00      1763
           5       0.00      0.00      0.00      4392
           6       0.77      0.42      0.54     11089
           7       0.60      0.22      0.32     22288
           8       0.00      0.00      0.00      1971
           9       0.56      0.95      0.71     60017

   micro avg       0.60      0.60      0.60    129342
   macro avg       0.45      0.24      0.24    129342
weighted avg       0.58      0.60      0.52    129342
 samples avg       0.60      0.60      0.60    129342


[[  158     0     0     3     0     0     8    99     0  7995]
 [    1     0     0   202     0     0    62   353     0  3350]
 [    3     0     2     5     0     0    17    36     0   987]
 [    5     0     0 11282     0     0    80   885     0  2289]
 [    0     0     0    14     0     0     6    37     0  1706]
 [    3     0     0    51     0     0    10   237     0  4091]
 [    0     0     0   213     0     0  4643   127     0  6106]
 [    7     0     0   828     0     0   102  4945     0 16406]
 [    0     0     0    54     0     0    20   221     0  1676]
 [   41     0     0   474     0     0  1097  1244     0 57161]]

Results of Validation Set

--------------------
Accuracy: 0.5925917335436285, F1 Score: 0.23602312717561186, Precision: 0.3337133580297162, Recall: 0.23327660484935703

              precision    recall  f1-score   support

           0       0.62      0.02      0.04      2797
           1       0.00      0.00      0.00      1370
           2       0.00      0.00      0.00       371
           3       0.84      0.76      0.80      4733
           4       0.00      0.00      0.00       600
           5       0.00      0.00      0.00      1417
           6       0.75      0.40      0.52      3795
           7       0.58      0.21      0.31      7454
           8       0.00      0.00      0.00       665
           9       0.55      0.94      0.70     19912

   micro avg       0.59      0.59      0.59     43114
   macro avg       0.33      0.23      0.24     43114
weighted avg       0.55      0.59      0.51     43114
 samples avg       0.59      0.59      0.59     43114


[[   55     0     0     4     0     0     1    42     0  2695]
 [    0     0     0    85     0     0    27   124     0  1134]
 [    2     0     0     1     0     0     5    13     0   350]
 [    1     0     0  3594     0     0    29   309     0   800]
 [    0     0     0     3     0     0     0    13     0   584]
 [    1     0     0    11     0     0     1    88     0  1316]
 [    0     0     0    82     0     0  1508    39     0  2166]
 [    4     0     0   291     0     0    29  1576     0  5554]
 [    0     0     0    21     0     0     2    86     0   556]
 [   25     0     0   207     0     0   420   444     0 18816]]

Results of Test Set

--------------------
Accuracy: 0.5935195064248272, F1 Score: 0.23475835177853738, Precision: 0.335753322035194, Recall: 0.23283960511361101

              precision    recall  f1-score   support

           0       0.65      0.02      0.03      2795
           1       0.00      0.00      0.00      1321
           2       0.00      0.00      0.00       355
           3       0.84      0.77      0.80      4700
           4       0.00      0.00      0.00       585
           5       0.00      0.00      0.00      1504
           6       0.73      0.39      0.51      3669
           7       0.58      0.20      0.30      7506
           8       0.00      0.00      0.00       666
           9       0.56      0.95      0.70     20013

   micro avg       0.59      0.59      0.59     43114
   macro avg       0.34      0.23      0.23     43114
weighted avg       0.55      0.59      0.51     43114
 samples avg       0.59      0.59      0.59     43114


[[   42     0     0     2     0     0     5    45     0  2701]
 [    0     0     0    61     0     0    23   118     0  1119]
 [    2     0     0     3     0     0     5    13     0   332]
 [    0     0     0  3614     0     0    25   297     0   764]
 [    0     0     0     5     0     0     6    15     0   559]
 [    4     0     0    14     0     0     8    74     0  1404]
 [    0     0     0    71     0     0  1443    36     0  2119]
 [    2     0     0   312     0     0    29  1529     0  5634]
 [    0     0     0    19     0     0     3    80     0   564]
 [   15     0     0   181     0     0   419   437     0 18961]]

