Title: Fully Connected - Words: 2000, Batch: 64, Epochs: 1, Outputs: 32

Results of Training Set

--------------------
Accuracy: 0.6099488178627206, F1 Score: 0.2525682601486402, Precision: 0.3437354099063695, Recall: 0.24747591820936568

              precision    recall  f1-score   support

           0       0.70      0.03      0.06      8263
           1       0.00      0.00      0.00      3968
           2       0.00      0.00      0.00      1050
           3       0.86      0.78      0.82     14541
           4       0.00      0.00      0.00      1763
           5       0.00      0.00      0.00      4392
           6       0.74      0.44      0.56     11089
           7       0.56      0.29      0.38     22288
           8       0.00      0.00      0.00      1971
           9       0.57      0.93      0.71     60017

   micro avg       0.61      0.61      0.61    129342
   macro avg       0.34      0.25      0.25    129342
weighted avg       0.57      0.61      0.54    129342
 samples avg       0.61      0.61      0.61    129342


[[  260     0     0     4     0     0    16   224     0  7759]
 [    2     0     0   197     0     0    71   488     0  3210]
 [    1     0     0     6     0     0    17    53     0   973]
 [    4     0     0 11291     0     0    79  1252     0  1915]
 [    0     0     0    13     0     0     7    56     0  1687]
 [   13     0     0    53     0     0    14   399     0  3913]
 [    0     0     0   220     0     0  4909   172     0  5788]
 [   17     0     0   734     0     0   135  6519     0 14883]
 [    1     0     0    60     0     0    22   352     0  1536]
 [   73     0     0   516     0     0  1326  2189     0 55913]]

Results of Validation Set

--------------------
Accuracy: 0.5969290717632324, F1 Score: 0.24456815532313386, Precision: 0.3279753515169235, Recall: 0.24095563557825667

              precision    recall  f1-score   support

           0       0.62      0.03      0.05      2797
           1       0.00      0.00      0.00      1370
           2       0.00      0.00      0.00       371
           3       0.84      0.76      0.80      4733
           4       0.00      0.00      0.00       600
           5       0.00      0.00      0.00      1417
           6       0.72      0.43      0.54      3795
           7       0.53      0.28      0.36      7454
           8       0.00      0.00      0.00       665
           9       0.56      0.92      0.70     19912

   micro avg       0.60      0.60      0.60     43114
   macro avg       0.33      0.24      0.24     43114
weighted avg       0.55      0.60      0.52     43114
 samples avg       0.60      0.60      0.60     43114


[[   71     0     0     3     0     0     5    81     0  2637]
 [    0     0     0    78     0     0    30   179     0  1083]
 [    0     0     0     0     0     0     6    19     0   346]
 [    1     0     0  3584     0     0    34   429     0   685]
 [    0     0     0     2     0     0     4    24     0   570]
 [    4     0     0    11     0     0     5   146     0  1251]
 [    0     0     0    78     0     0  1620    59     0  2038]
 [   10     0     0   272     0     0    36  2055     0  5081]
 [    1     0     0    20     0     0     4   130     0   510]
 [   27     0     0   217     0     0   494   768     0 18406]]

Results of Test Set

--------------------
Accuracy: 0.6003850257456974, F1 Score: 0.2459191110601891, Precision: 0.32736331167739346, Recall: 0.24221841670253297

              precision    recall  f1-score   support

           0       0.60      0.02      0.05      2795
           1       0.00      0.00      0.00      1321
           2       0.00      0.00      0.00       355
           3       0.85      0.76      0.80      4700
           4       0.00      0.00      0.00       585
           5       0.00      0.00      0.00      1504
           6       0.72      0.43      0.54      3669
           7       0.54      0.28      0.36      7506
           8       0.00      0.00      0.00       666
           9       0.57      0.93      0.70     20013

   micro avg       0.60      0.60      0.60     43114
   macro avg       0.33      0.24      0.25     43114
weighted avg       0.55      0.60      0.53     43114
 samples avg       0.60      0.60      0.60     43114


[[   69     0     0     2     0     0     8    85     0  2631]
 [    0     0     0    60     0     0    25   166     0  1070]
 [    0     0     0     3     0     0     7    14     0   331]
 [    1     0     0  3576     0     0    29   448     0   646]
 [    0     0     0     4     0     0     5    19     0   557]
 [    7     0     0    17     0     0    14   123     0  1343]
 [    0     0     0    71     0     0  1586    60     0  1952]
 [    9     0     0   284     0     0    42  2070     0  5101]
 [    0     0     0    19     0     0     4   139     0   504]
 [   29     0     0   182     0     0   475   743     0 18584]]

