Title: Fully Connected - Words: 2000, Batch: 128, Epochs: 1, Outputs: 32

Results of Training Set

--------------------
Accuracy: 0.6026889950673409, F1 Score: 0.23893157413674349, Precision: 0.37533934808767616, Recall: 0.23686262223596902

              precision    recall  f1-score   support

           0       1.00      0.00      0.00      8263
           1       0.00      0.00      0.00      3968
           2       0.00      0.00      0.00      1050
           3       0.86      0.77      0.81     14541
           4       0.00      0.00      0.00      1763
           5       0.00      0.00      0.00      4392
           6       0.75      0.41      0.53     11089
           7       0.58      0.24      0.34     22288
           8       0.00      0.00      0.00      1971
           9       0.56      0.95      0.71     60017

   micro avg       0.60      0.60      0.60    129342
   macro avg       0.38      0.24      0.24    129342
weighted avg       0.59      0.60      0.52    129342
 samples avg       0.60      0.60      0.60    129342


[[    3     0     0     4     0     0    10   134     0  8112]
 [    0     0     0   205     0     0    73   369     0  3321]
 [    0     0     0     7     0     0    20    51     0   972]
 [    0     0     0 11244     0     0    90  1001     0  2206]
 [    0     0     0    19     0     0     6    41     0  1697]
 [    0     0     0    64     0     0     9   339     0  3980]
 [    0     0     0   215     0     0  4505   158     0  6211]
 [    0     0     0   799     0     0   116  5401     0 15972]
 [    0     0     0    66     0     0    18   242     0  1645]
 [    0     0     0   504     0     0  1120  1592     0 56801]]

Results of Validation Set

--------------------
Accuracy: 0.5932875632045276, F1 Score: 0.23368496141521478, Precision: 0.34920653556205733, Recall: 0.2323893860935436

              precision    recall  f1-score   support

           0       0.80      0.00      0.00      2797
           1       0.00      0.00      0.00      1370
           2       0.00      0.00      0.00       371
           3       0.84      0.76      0.80      4733
           4       0.00      0.00      0.00       600
           5       0.00      0.00      0.00      1417
           6       0.74      0.39      0.51      3795
           7       0.56      0.23      0.33      7454
           8       0.00      0.00      0.00       665
           9       0.56      0.94      0.70     19912

   micro avg       0.59      0.59      0.59     43114
   macro avg       0.35      0.23      0.23     43114
weighted avg       0.56      0.59      0.51     43114
 samples avg       0.59      0.59      0.59     43114


[[    4     0     0     4     0     0     3    44     0  2742]
 [    0     0     0    94     0     0    33   124     0  1119]
 [    0     0     0     1     0     0     6    13     0   351]
 [    0     0     0  3581     0     0    36   343     0   773]
 [    0     0     0     3     0     0     1    28     0   568]
 [    0     0     0    12     0     0     1   133     0  1271]
 [    0     0     0    78     0     0  1484    46     0  2187]
 [    0     0     0   291     0     0    40  1725     0  5398]
 [    0     0     0    20     0     0     2    97     0   546]
 [    1     0     0   191     0     0   404   531     0 18785]]

Results of Test Set

--------------------
Accuracy: 0.5934963121027972, F1 Score: 0.23289333278818472, Precision: 0.33418672681540695, Recall: 0.232100185760042

              precision    recall  f1-score   support

           0       0.67      0.00      0.00      2795
           1       0.00      0.00      0.00      1321
           2       0.00      0.00      0.00       355
           3       0.84      0.76      0.80      4700
           4       0.00      0.00      0.00       585
           5       0.00      0.00      0.00      1504
           6       0.72      0.39      0.50      3669
           7       0.55      0.23      0.32      7506
           8       0.00      0.00      0.00       666
           9       0.56      0.94      0.70     20013

   micro avg       0.59      0.59      0.59     43114
   macro avg       0.33      0.23      0.23     43114
weighted avg       0.55      0.59      0.51     43114
 samples avg       0.59      0.59      0.59     43114


[[    2     0     0     3     0     0     5    57     0  2728]
 [    0     0     0    61     0     0    26   139     0  1095]
 [    0     0     0     3     0     0     5    12     0   335]
 [    0     0     0  3588     0     0    35   352     0   725]
 [    0     0     0     6     0     0     6    16     0   557]
 [    0     0     0    17     0     0    10   118     0  1359]
 [    0     0     0    70     0     0  1420    58     0  2121]
 [    1     0     0   315     0     0    36  1701     0  5453]
 [    0     0     0    21     0     0     3    92     0   550]
 [    0     0     0   184     0     0   415   537     0 18877]]

