Title: Fully Connected - Words: 1000, Batch: 128, Epochs: 1, Outputs: 512

Results of Training Set

--------------------
Accuracy: 0.6172782236241902, F1 Score: 0.28977343064608446, Precision: 0.6674761136793499, Recall: 0.26751260970749263

              precision    recall  f1-score   support

           0       0.61      0.15      0.24      8263
           1       0.67      0.00      0.00      3968
           2       1.00      0.00      0.01      1050
           3       0.87      0.76      0.81     14541
           4       0.00      0.00      0.00      1763
           5       0.61      0.11      0.18      4392
           6       0.76      0.43      0.55     11089
           7       0.57      0.29      0.39     22288
           8       1.00      0.00      0.00      1971
           9       0.58      0.93      0.71     60017

   micro avg       0.62      0.62      0.62    129342
   macro avg       0.67      0.27      0.29    129342
weighted avg       0.63      0.62      0.56    129342
 samples avg       0.62      0.62      0.62    129342


[[ 1253     0     0     6     0    64    16   284     0  6640]
 [   11     2     0   169     0     4    97   471     0  3214]
 [   32     0     5     5     0     5    21    63     0   919]
 [   19     0     0 11053     0     5    57  1025     0  2382]
 [    5     0     0    19     0     1     8    60     0  1670]
 [   97     0     0    47     0   471    12   373     0  3392]
 [    3     0     0   211     0     1  4756   194     0  5924]
 [  127     1     0   697     0    90   153  6486     0 14734]
 [   20     0     0    58     0    13    17   343     2  1518]
 [  477     0     0   441     0   112  1137  2038     0 55812]]

Results of Validation Set

--------------------
Accuracy: 0.5995500301526187, F1 Score: 0.272455280849181, Precision: 0.3712814239475918, Recall: 0.254488635691205

              precision    recall  f1-score   support

           0       0.55      0.13      0.21      2797
           1       0.00      0.00      0.00      1370
           2       0.00      0.00      0.00       371
           3       0.85      0.74      0.79      4733
           4       0.00      0.00      0.00       600
           5       0.48      0.08      0.14      1417
           6       0.73      0.40      0.52      3795
           7       0.54      0.27      0.36      7454
           8       0.00      0.00      0.00       665
           9       0.57      0.92      0.70     19912

   micro avg       0.60      0.60      0.60     43114
   macro avg       0.37      0.25      0.27     43114
weighted avg       0.56      0.60      0.54     43114
 samples avg       0.60      0.60      0.60     43114


[[  366     0     0     5     0    36     5    86     0  2299]
 [    2     0     0    81     0     3    34   172     0  1078]
 [    6     0     0     3     0     2     7    15     0   338]
 [    4     0     0  3488     0     0    25   367     0   849]
 [    5     0     0     3     0     0     2    31     0   559]
 [   35     0     0    13     0   117     3   135     0  1114]
 [    5     0     0    69     0     0  1526    59     0  2136]
 [   59     0     0   253     0    37    40  2029     0  5036]
 [    4     0     0    17     0     8     3   124     0   509]
 [  179     0     0   169     0    43   446   752     0 18323]]

Results of Test Set

--------------------
Accuracy: 0.5987382288815698, F1 Score: 0.2706374588240622, Precision: 0.46926404472648936, Recall: 0.2531330795456198

              precision    recall  f1-score   support

           0       0.52      0.13      0.20      2795
           1       0.00      0.00      0.00      1321
           2       0.00      0.00      0.00       355
           3       0.85      0.74      0.80      4700
           4       0.00      0.00      0.00       585
           5       0.50      0.08      0.14      1504
           6       0.71      0.39      0.51      3669
           7       0.53      0.26      0.35      7506
           8       1.00      0.00      0.00       666
           9       0.57      0.92      0.70     20013

   micro avg       0.60      0.60      0.60     43114
   macro avg       0.47      0.25      0.27     43114
weighted avg       0.58      0.60      0.54     43114
 samples avg       0.60      0.60      0.60     43114


[[  351     0     0     2     0    20     7   106     0  2309]
 [    5     0     0    56     0     1    34   159     0  1066]
 [    9     0     0     3     0     2     9    19     0   313]
 [    5     0     0  3495     0     0    16   359     0   825]
 [    2     0     0     4     0     1     6    23     0   549]
 [   47     0     0    13     0   125    11   129     0  1179]
 [    0     0     0    66     0     1  1443    73     0  2086]
 [   64     1     0   264     0    42    42  1981     0  5112]
 [    6     0     0    17     0     5     4   123     1   510]
 [  184     0     0   168     0    52   460   731     0 18418]]

