Title: Fully Connected - Words: 2000, Batch: 32, Epochs: 1, Outputs: 64

Results of Training Set

--------------------
Accuracy: 0.611487374557375, F1 Score: 0.2595107337733601, Precision: 0.41609405936329685, Recall: 0.24945939865730207

              precision    recall  f1-score   support

           0       0.68      0.08      0.14      8263
           1       0.00      0.00      0.00      3968
           2       0.00      0.00      0.00      1050
           3       0.86      0.78      0.82     14541
           4       0.00      0.00      0.00      1763
           5       0.67      0.01      0.02      4392
           6       0.78      0.45      0.57     11089
           7       0.60      0.23      0.34     22288
           8       0.00      0.00      0.00      1971
           9       0.57      0.95      0.71     60017

   micro avg       0.61      0.61      0.61    129342
   macro avg       0.42      0.25      0.26    129342
weighted avg       0.60      0.61      0.54    129342
 samples avg       0.61      0.61      0.61    129342


[[  646     0     0     3     0     3     6   124     0  7481]
 [    3     0     0   201     0     0    65   329     0  3370]
 [   14     0     0     4     0     0    20    43     0   969]
 [   11     0     0 11289     0     2    44   928     0  2267]
 [    2     0     0    15     0     0     8    34     0  1704]
 [   38     0     0    62     0    50     9   258     0  3975]
 [    0     0     0   206     0     0  4952   125     0  5806]
 [   41     0     0   803     0     9   130  5194     0 16111]
 [    2     0     0    58     0     1    13   251     0  1646]
 [  196     0     0   455     0    10  1081  1315     0 56960]]

Results of Validation Set

--------------------
Accuracy: 0.5980887878647307, F1 Score: 0.24958218809081872, Precision: 0.38694150821304507, Recall: 0.24140174617837

              precision    recall  f1-score   support

           0       0.67      0.07      0.13      2797
           1       0.00      0.00      0.00      1370
           2       0.00      0.00      0.00       371
           3       0.84      0.76      0.80      4733
           4       0.00      0.00      0.00       600
           5       0.47      0.01      0.02      1417
           6       0.75      0.41      0.53      3795
           7       0.58      0.22      0.32      7454
           8       0.00      0.00      0.00       665
           9       0.56      0.94      0.70     19912

   micro avg       0.60      0.60      0.60     43114
   macro avg       0.39      0.24      0.25     43114
weighted avg       0.58      0.60      0.52     43114
 samples avg       0.60      0.60      0.60     43114


[[  194     0     0     3     0     2     2    36     0  2560]
 [    0     0     0    86     0     0    25   116     0  1143]
 [    6     0     0     1     0     0     8    11     0   345]
 [    3     0     0  3583     0     0    24   299     0   824]
 [    0     0     0     2     0     0     1    20     0   577]
 [   10     0     0    13     0    14     2   103     0  1275]
 [    3     0     0    85     0     0  1571    37     0  2099]
 [   13     0     0   289     0     8    40  1645     0  5459]
 [    2     0     0    21     0     1     1    93     0   547]
 [   57     0     0   188     0     5   430   453     0 18779]]

Results of Test Set

--------------------
Accuracy: 0.5964187966785731, F1 Score: 0.246640676604963, Precision: 0.3777615436855693, Recall: 0.24000126156192483

              precision    recall  f1-score   support

           0       0.60      0.06      0.11      2795
           1       0.00      0.00      0.00      1321
           2       0.00      0.00      0.00       355
           3       0.84      0.76      0.80      4700
           4       0.00      0.00      0.00       585
           5       0.48      0.01      0.01      1504
           6       0.74      0.42      0.54      3669
           7       0.57      0.21      0.31      7506
           8       0.00      0.00      0.00       666
           9       0.56      0.94      0.70     20013

   micro avg       0.60      0.60      0.60     43114
   macro avg       0.38      0.24      0.25     43114
weighted avg       0.57      0.60      0.52     43114
 samples avg       0.60      0.60      0.60     43114


[[  173     0     0     3     0     2     4    44     0  2569]
 [    0     0     0    68     0     0    26   123     0  1104]
 [    6     0     0     2     0     0     5    13     0   329]
 [    3     0     0  3577     0     0    19   306     0   795]
 [    0     0     0     3     0     0     4    15     0   563]
 [   12     0     0    18     0    10     7    92     0  1365]
 [    1     0     0    71     0     0  1540    43     0  2014]
 [   19     0     0   321     0     2    38  1569     0  5557]
 [    1     0     0    19     0     1     4    89     0   552]
 [   75     0     0   175     0     6   439   473     0 18845]]

