Title: Fully Connected - Words: 2000, Batch: 64, Epochs: 1, Outputs: 64

Results of Training Set

--------------------
Accuracy: 0.6163659136243448, F1 Score: 0.2786624732611329, Precision: 0.4088967785927222, Recall: 0.2632436764585363

              precision    recall  f1-score   support

           0       0.62      0.16      0.25      8263
           1       0.00      0.00      0.00      3968
           2       0.00      0.00      0.00      1050
           3       0.85      0.79      0.82     14541
           4       0.00      0.00      0.00      1763
           5       0.68      0.04      0.08      4392
           6       0.76      0.46      0.57     11089
           7       0.60      0.25      0.35     22288
           8       0.00      0.00      0.00      1971
           9       0.58      0.94      0.71     60017

   micro avg       0.62      0.62      0.62    129342
   macro avg       0.41      0.26      0.28    129342
weighted avg       0.59      0.62      0.55    129342
 samples avg       0.62      0.62      0.62    129342


[[ 1299     0     0     7     0    14    11   127     0  6805]
 [    6     0     0   239     0     0    63   361     0  3299]
 [   26     0     0     7     0     1    23    51     0   942]
 [   13     0     0 11522     0     1    55   913     0  2037]
 [    7     0     0    25     0     0     9    41     0  1681]
 [  125     0     0    61     0   196    12   288     0  3710]
 [    2     0     0   223     0     0  5055   138     0  5671]
 [  123     0     0   866     0    30   146  5501     0 15622]
 [   12     0     0    65     0     3    16   252     0  1623]
 [  473     0     0   576     0    42  1238  1539     0 56149]]

Results of Validation Set

--------------------
Accuracy: 0.6029132068469638, F1 Score: 0.2669496848856906, Precision: 0.3909415158110221, Recall: 0.25433688590957015

              precision    recall  f1-score   support

           0       0.58      0.14      0.22      2797
           1       0.00      0.00      0.00      1370
           2       0.00      0.00      0.00       371
           3       0.83      0.78      0.80      4733
           4       0.00      0.00      0.00       600
           5       0.63      0.04      0.07      1417
           6       0.74      0.43      0.55      3795
           7       0.57      0.23      0.33      7454
           8       0.00      0.00      0.00       665
           9       0.57      0.93      0.70     19912

   micro avg       0.60      0.60      0.60     43114
   macro avg       0.39      0.25      0.27     43114
weighted avg       0.57      0.60      0.53     43114
 samples avg       0.60      0.60      0.60     43114


[[  383     0     0     4     0     5     3    50     0  2352]
 [    1     0     0    97     0     1    31   138     0  1102]
 [    3     0     0     2     0     0     8    12     0   346]
 [    4     0     0  3669     0     0    25   309     0   726]
 [    4     0     0     4     0     0     3    20     0   569]
 [   36     0     0    12     0    50     2   125     0  1192]
 [    2     0     0    85     0     0  1644    47     0  2017]
 [   57     0     0   317     0    10    38  1738     0  5294]
 [    7     0     0    23     0     1     1    96     0   537]
 [  169     0     0   229     0    12   463   529     0 18510]]

Results of Test Set

--------------------
Accuracy: 0.6024261260843345, F1 Score: 0.26484887897777176, Precision: 0.38514592955834537, Recall: 0.2531585601990106

              precision    recall  f1-score   support

           0       0.56      0.13      0.21      2795
           1       0.00      0.00      0.00      1321
           2       0.00      0.00      0.00       355
           3       0.83      0.78      0.80      4700
           4       0.00      0.00      0.00       585
           5       0.59      0.03      0.06      1504
           6       0.73      0.43      0.54      3669
           7       0.56      0.23      0.32      7506
           8       0.00      0.00      0.00       666
           9       0.57      0.93      0.70     20013

   micro avg       0.60      0.60      0.60     43114
   macro avg       0.39      0.25      0.26     43114
weighted avg       0.57      0.60      0.53     43114
 samples avg       0.60      0.60      0.60     43114


[[  368     0     0     3     0     5     6    56     0  2357]
 [    3     0     0    71     0     0    24   132     0  1091]
 [    5     0     0     3     0     0     6    12     0   329]
 [    3     0     0  3673     0     1    16   318     0   689]
 [    1     0     0     5     0     0     6    13     0   560]
 [   43     0     0    17     0    47    10   105     0  1282]
 [    1     0     0    77     0     0  1580    50     0  1961]
 [   52     0     0   346     0     9    40  1705     0  5354]
 [    3     0     0    18     0     1     4    91     0   549]
 [  175     0     0   219     0    16   462   541     0 18600]]

