Title: Fully Connected - Words: 2000, Batch: 128, Epochs: 1, Outputs: 64

Results of Training Set

--------------------
Accuracy: 0.6145722193873606, F1 Score: 0.26705321340740934, Precision: 0.41943148923767926, Recall: 0.2555340605133097

              precision    recall  f1-score   support

           0       0.65      0.11      0.18      8263
           1       0.00      0.00      0.00      3968
           2       0.00      0.00      0.00      1050
           3       0.85      0.79      0.82     14541
           4       0.00      0.00      0.00      1763
           5       0.77      0.01      0.02      4392
           6       0.77      0.43      0.55     11089
           7       0.57      0.29      0.39     22288
           8       0.00      0.00      0.00      1971
           9       0.58      0.93      0.71     60017

   micro avg       0.61      0.61      0.61    129342
   macro avg       0.42      0.26      0.27    129342
weighted avg       0.60      0.61      0.55    129342
 samples avg       0.61      0.61      0.61    129342


[[  875     0     0     6     0     3     7   208     0  7164]
 [    5     0     0   227     0     0    69   448     0  3219]
 [   16     0     0     6     0     1    15    63     0   949]
 [   20     0     0 11425     0     1    84   965     0  2046]
 [    3     0     0    15     0     0     6    66     0  1673]
 [   49     0     0    61     0    48    13   382     0  3839]
 [    2     0     0   221     0     0  4773   183     0  5910]
 [   67     0     0   882     0     4   104  6495     0 14736]
 [    4     0     0    66     0     0    23   315     0  1563]
 [  302     0     0   528     0     5  1121  2187     0 55874]]

Results of Validation Set

--------------------
Accuracy: 0.6007561348981769, F1 Score: 0.25658487576494227, Precision: 0.3942733845312939, Recall: 0.2473933797155332

              precision    recall  f1-score   support

           0       0.61      0.09      0.16      2797
           1       0.00      0.00      0.00      1370
           2       0.00      0.00      0.00       371
           3       0.83      0.77      0.80      4733
           4       0.00      0.00      0.00       600
           5       0.65      0.01      0.02      1417
           6       0.74      0.41      0.53      3795
           7       0.55      0.28      0.37      7454
           8       0.00      0.00      0.00       665
           9       0.57      0.92      0.70     19912

   micro avg       0.60      0.60      0.60     43114
   macro avg       0.39      0.25      0.26     43114
weighted avg       0.57      0.60      0.53     43114
 samples avg       0.60      0.60      0.60     43114


[[  249     0     0     3     0     0     1    74     0  2470]
 [    1     0     0    95     0     0    31   164     0  1079]
 [    5     0     0     2     0     0     6    19     0   339]
 [    4     0     0  3638     0     0    32   328     0   731]
 [    1     0     0     4     0     0     0    31     0   564]
 [   15     0     0    12     0    11     2   139     0  1238]
 [    2     0     0    82     0     0  1548    56     0  2107]
 [   25     0     0   317     0     3    28  2065     0  5016]
 [    3     0     0    20     0     0     1   116     0   525]
 [  105     0     0   212     0     3   435   767     0 18390]]

Results of Test Set

--------------------
Accuracy: 0.601405575915016, F1 Score: 0.25529803404498774, Precision: 0.38590241314366025, Recall: 0.24680371026678333

              precision    recall  f1-score   support

           0       0.58      0.09      0.15      2795
           1       0.00      0.00      0.00      1321
           2       0.00      0.00      0.00       355
           3       0.83      0.77      0.80      4700
           4       0.00      0.00      0.00       585
           5       0.60      0.01      0.01      1504
           6       0.73      0.41      0.52      3669
           7       0.55      0.27      0.36      7506
           8       0.00      0.00      0.00       666
           9       0.57      0.93      0.70     20013

   micro avg       0.60      0.60      0.60     43114
   macro avg       0.39      0.25      0.26     43114
weighted avg       0.57      0.60      0.53     43114
 samples avg       0.60      0.60      0.60     43114


[[  241     0     0     4     0     2     4    76     0  2468]
 [    1     0     0    64     0     0    23   163     0  1070]
 [    3     0     0     3     0     0     5    19     0   325]
 [    7     0     0  3637     0     0    32   328     0   696]
 [    0     0     0     4     0     0     6    20     0   555]
 [   23     0     0    17     0     9    11   133     0  1311]
 [    1     0     0    73     0     0  1489    68     0  2038]
 [   30     0     0   340     0     2    34  2032     0  5068]
 [    1     0     0    19     0     2     5   121     0   518]
 [  109     0     0   201     0     0   432   750     0 18521]]

