Title: Fully Connected - Words: 2000, Batch: 32, Epochs: 1, Outputs: 128

Results of Training Set

--------------------
Accuracy: 0.624151474385737, F1 Score: 0.2975195944652258, Precision: 0.5161140078260087, Recall: 0.27234460928583076

              precision    recall  f1-score   support

           0       0.64      0.20      0.30      8263
           1       0.00      0.00      0.00      3968
           2       1.00      0.00      0.01      1050
           3       0.87      0.78      0.82     14541
           4       0.00      0.00      0.00      1763
           5       0.65      0.11      0.19      4392
           6       0.85      0.38      0.52     11089
           7       0.57      0.32      0.41     22288
           8       0.00      0.00      0.00      1971
           9       0.59      0.93      0.72     60017

   micro avg       0.62      0.62      0.62    129342
   macro avg       0.52      0.27      0.30    129342
weighted avg       0.61      0.62      0.57    129342
 samples avg       0.62      0.62      0.62    129342


[[ 1651     0     0     6     0    54     4   246     0  6302]
 [    6     0     0   193     0     5    26   543     0  3195]
 [   29     0     5     4     0     6    11    58     0   937]
 [   20     0     0 11346     0     2    30  1186     0  1957]
 [    3     0     0    16     0     1     3    66     0  1674]
 [  109     0     0    58     0   480     7   375     0  3363]
 [    3     0     0   205     0     1  4176   198     0  6506]
 [  143     0     0   712     0    66    94  7156     0 14117]
 [   13     0     0    62     0    12     5   378     0  1501]
 [  598     0     0   421     0   113   578  2392     0 55915]]

Results of Validation Set

--------------------
Accuracy: 0.6055109709143202, F1 Score: 0.28078456609226066, Precision: 0.3904347781625911, Recall: 0.2596170074054686

              precision    recall  f1-score   support

           0       0.60      0.17      0.27      2797
           1       0.00      0.00      0.00      1370
           2       0.00      0.00      0.00       371
           3       0.84      0.76      0.80      4733
           4       0.00      0.00      0.00       600
           5       0.56      0.10      0.16      1417
           6       0.79      0.35      0.48      3795
           7       0.54      0.30      0.39      7454
           8       0.00      0.00      0.00       665
           9       0.57      0.92      0.71     19912

   micro avg       0.61      0.61      0.61     43114
   macro avg       0.39      0.26      0.28     43114
weighted avg       0.58      0.61      0.55     43114
 samples avg       0.61      0.61      0.61     43114


[[  485     0     0     3     0    28     1    82     0  2198]
 [    2     0     0    83     0     2    16   195     0  1072]
 [   11     0     0     1     0     2     5    16     0   336]
 [    4     0     0  3584     0     0    15   401     0   729]
 [    2     0     0     2     0     1     0    31     0   564]
 [   30     0     0    11     0   137     1   138     0  1100]
 [    7     0     0    78     0     1  1310    62     0  2337]
 [   54     0     0   271     0    30    31  2259     0  4809]
 [    4     0     0    22     0     8     1   137     0   493]
 [  215     0     0   188     0    37   268   873     0 18331]]

Results of Test Set

--------------------
Accuracy: 0.6064851324395788, F1 Score: 0.2796659631136184, Precision: 0.5842135048205006, Recall: 0.2589269849420916

              precision    recall  f1-score   support

           0       0.57      0.18      0.27      2795
           1       0.00      0.00      0.00      1321
           2       1.00      0.00      0.01       355
           3       0.85      0.76      0.80      4700
           4       0.00      0.00      0.00       585
           5       0.51      0.08      0.14      1504
           6       0.79      0.35      0.48      3669
           7       0.54      0.30      0.38      7506
           8       1.00      0.00      0.00       666
           9       0.58      0.92      0.71     20013

   micro avg       0.61      0.61      0.61     43114
   macro avg       0.58      0.26      0.28     43114
weighted avg       0.60      0.61      0.55     43114
 samples avg       0.61      0.61      0.61     43114


[[  490     0     0     4     0    20     2    90     0  2189]
 [    4     0     0    63     0     0    15   187     0  1052]
 [    8     0     1     2     0     3     6    13     0   322]
 [    6     0     0  3571     0     1    13   407     0   702]
 [    1     0     0     4     0     1     3    20     0   556]
 [   43     0     0    15     0   121     5   127     0  1193]
 [    0     0     0    64     0     0  1283    77     0  2245]
 [   58     0     0   287     0    42    25  2238     0  4856]
 [    3     0     0    18     0     2     2   142     1   498]
 [  241     0     0   161     0    46   273   849     0 18443]]

