Title: Fully Connected - Words: 2000, Batch: 64, Epochs: 1, Outputs: 128

Results of Training Set

--------------------
Accuracy: 0.6246926752331029, F1 Score: 0.2967400582023878, Precision: 0.40490386008316914, Recall: 0.2761423207750374

              precision    recall  f1-score   support

           0       0.66      0.14      0.24      8263
           1       0.00      0.00      0.00      3968
           2       0.00      0.00      0.00      1050
           3       0.83      0.81      0.82     14541
           4       0.00      0.00      0.00      1763
           5       0.59      0.15      0.24      4392
           6       0.80      0.43      0.56     11089
           7       0.58      0.30      0.40     22288
           8       0.00      0.00      0.00      1971
           9       0.59      0.93      0.72     60017

   micro avg       0.62      0.62      0.62    129342
   macro avg       0.40      0.28      0.30    129342
weighted avg       0.60      0.62      0.57    129342
 samples avg       0.62      0.62      0.62    129342


[[ 1193     0     0    14     0    93    14   289     0  6660]
 [    6     0     0   272     0     9    55   456     0  3170]
 [   22     0     0     7     0     8    19    55     0   939]
 [   13     0     0 11835     0     4    31   888     0  1770]
 [    3     0     0    27     0     3     9    59     0  1662]
 [   83     0     0    76     0   650    14   402     0  3167]
 [    2     0     0   256     0     1  4737   182     0  5911]
 [   92     0     0  1055     0   128   104  6684     0 14225]
 [   15     0     0    77     0    22     9   357     0  1491]
 [  376     0     0   643     0   179   936  2183     0 55700]]

Results of Validation Set

--------------------
Accuracy: 0.6085030384561859, F1 Score: 0.28458679457599895, Precision: 0.3875667892394187, Recall: 0.2663092247344612

              precision    recall  f1-score   support

           0       0.63      0.14      0.22      2797
           1       0.00      0.00      0.00      1370
           2       0.00      0.00      0.00       371
           3       0.80      0.79      0.80      4733
           4       0.00      0.00      0.00       600
           5       0.55      0.14      0.22      1417
           6       0.77      0.40      0.52      3795
           7       0.55      0.28      0.37      7454
           8       0.00      0.00      0.00       665
           9       0.58      0.92      0.71     19912

   micro avg       0.61      0.61      0.61     43114
   macro avg       0.39      0.27      0.28     43114
weighted avg       0.58      0.61      0.55     43114
 samples avg       0.61      0.61      0.61     43114


[[  379     0     0     4     0    32     4    95     0  2283]
 [    2     0     0   114     0     2    23   169     0  1060]
 [   12     0     0     3     0     1     7    22     0   326]
 [    5     0     0  3753     0     0    15   290     0   670]
 [    2     0     0     6     0     0     1    28     0   563]
 [   19     0     0    13     0   193     2   146     0  1044]
 [    6     0     0    96     0     1  1507    54     0  2131]
 [   33     0     0   392     0    51    31  2105     0  4842]
 [    2     0     0    26     0    10     1   128     0   498]
 [  145     0     0   257     0    63   367   782     0 18298]]

Results of Test Set

--------------------
Accuracy: 0.6081551236257364, F1 Score: 0.2792998185905885, Precision: 0.37940803742896906, Recall: 0.26313400257551783

              precision    recall  f1-score   support

           0       0.59      0.12      0.20      2795
           1       0.00      0.00      0.00      1321
           2       0.00      0.00      0.00       355
           3       0.81      0.80      0.80      4700
           4       0.00      0.00      0.00       585
           5       0.50      0.11      0.19      1504
           6       0.76      0.40      0.52      3669
           7       0.55      0.28      0.37      7506
           8       0.00      0.00      0.00       666
           9       0.58      0.92      0.71     20013

   micro avg       0.61      0.61      0.61     43114
   macro avg       0.38      0.26      0.28     43114
weighted avg       0.57      0.61      0.55     43114
 samples avg       0.61      0.61      0.61     43114


[[  338     0     0     4     0    39     5    98     0  2311]
 [    1     0     0    88     0     1    19   164     0  1048]
 [    8     0     0     3     0     3     6    17     0   318]
 [    5     0     0  3767     0     1    12   304     0   611]
 [    1     0     0     5     0     1     3    19     0   556]
 [   27     0     0    21     0   171     8   127     0  1150]
 [    0     0     0    86     0     0  1457    58     0  2068]
 [   40     0     0   408     0    57    31  2095     0  4875]
 [    3     0     0    23     0     5     4   141     0   490]
 [  146     0     0   258     0    62   369   786     0 18392]]

