Title: Fully Connected - Words: 2000, Batch: 128, Epochs: 1, Outputs: 128

Results of Training Set

--------------------
Accuracy: 0.6302902382830017, F1 Score: 0.3147304463522834, Precision: 0.3923604571392532, Recall: 0.2930056209429384

              precision    recall  f1-score   support

           0       0.61      0.22      0.32      8263
           1       0.00      0.00      0.00      3968
           2       0.00      0.00      0.00      1050
           3       0.85      0.79      0.82     14541
           4       0.00      0.00      0.00      1763
           5       0.57      0.15      0.24      4392
           6       0.76      0.48      0.59     11089
           7       0.53      0.39      0.45     22288
           8       0.00      0.00      0.00      1971
           9       0.61      0.89      0.72     60017

   micro avg       0.63      0.63      0.63    129342
   macro avg       0.39      0.29      0.31    129342
weighted avg       0.59      0.63      0.58    129342
 samples avg       0.63      0.63      0.63    129342


[[ 1818     0     0     9     0   104    10   492     0  5830]
 [   14     0     0   231     0     8    86   709     0  2920]
 [   40     0     0     8     0    11    21   107     0   863]
 [   20     0     0 11518     0     5    63  1248     0  1687]
 [    8     0     0    18     0     4     9   117     0  1607]
 [  160     0     0    56     0   671    17   632     0  2856]
 [    3     0     0   228     0     2  5339   289     0  5228]
 [  188     0     0   810     0   155   145  8782     0 12208]
 [   27     0     0    66     0    21    26   465     0  1366]
 [  715     0     0   535     0   195  1329  3848     0 53395]]

Results of Validation Set

--------------------
Accuracy: 0.6104745558287331, F1 Score: 0.2980287710852552, Precision: 0.3716554062634257, Recall: 0.2790858431757921

              precision    recall  f1-score   support

           0       0.55      0.19      0.28      2797
           1       0.00      0.00      0.00      1370
           2       0.00      0.00      0.00       371
           3       0.83      0.77      0.80      4733
           4       0.00      0.00      0.00       600
           5       0.52      0.13      0.21      1417
           6       0.72      0.45      0.55      3795
           7       0.50      0.37      0.43      7454
           8       0.00      0.00      0.00       665
           9       0.59      0.88      0.71     19912

   micro avg       0.61      0.61      0.61     43114
   macro avg       0.37      0.28      0.30     43114
weighted avg       0.57      0.61      0.56     43114
 samples avg       0.61      0.61      0.61     43114


[[  529     0     0     7     0    39     5   163     0  2054]
 [    1     0     0    94     0     2    36   259     0   978]
 [   12     0     0     2     0     2     7    35     0   313]
 [    6     0     0  3654     0     0    26   424     0   623]
 [    3     0     0     3     0     1     1    46     0   546]
 [   50     0     0    14     0   188     5   214     0   946]
 [    8     0     0    83     0     1  1694   101     0  1908]
 [   75     0     0   300     0    53    44  2781     0  4201]
 [    7     0     0    21     0    11     5   156     0   465]
 [  266     0     0   219     0    67   522  1364     0 17474]]

Results of Test Set

--------------------
Accuracy: 0.6120981583708308, F1 Score: 0.2948633301731905, Precision: 0.36697359058305856, Recall: 0.27733501258214854

              precision    recall  f1-score   support

           0       0.54      0.19      0.28      2795
           1       0.00      0.00      0.00      1321
           2       0.00      0.00      0.00       355
           3       0.84      0.78      0.81      4700
           4       0.00      0.00      0.00       585
           5       0.48      0.11      0.18      1504
           6       0.72      0.45      0.55      3669
           7       0.50      0.37      0.43      7506
           8       0.00      0.00      0.00       666
           9       0.60      0.88      0.71     20013

   micro avg       0.61      0.61      0.61     43114
   macro avg       0.37      0.28      0.29     43114
weighted avg       0.57      0.61      0.56     43114
 samples avg       0.61      0.61      0.61     43114


[[  528     0     0     4     0    41     7   185     0  2030]
 [    4     0     0    68     0     1    34   249     0   965]
 [   15     0     0     4     0     4     7    37     0   288]
 [   10     0     0  3667     0     0    24   434     0   565]
 [    6     0     0     7     0     0     7    35     0   530]
 [   54     0     0    17     0   161    13   217     0  1042]
 [    2     0     0    70     0     2  1639   113     0  1843]
 [   77     0     0   327     0    54    42  2779     0  4227]
 [    5     0     0    18     0     4     4   172     0   463]
 [  271     0     0   201     0    69   514  1342     0 17616]]

