Title: Fully Connected - Words: 2000, Batch: 32, Epochs: 1, Outputs: 256

Results of Training Set

--------------------
Accuracy: 0.6336456835366702, F1 Score: 0.3172002983123905, Precision: 0.6910189510774092, Recall: 0.2913252960684264

              precision    recall  f1-score   support

           0       0.63      0.22      0.33      8263
           1       0.79      0.00      0.01      3968
           2       1.00      0.01      0.02      1050
           3       0.87      0.78      0.82     14541
           4       0.00      0.00      0.00      1763
           5       0.67      0.15      0.25      4392
           6       0.76      0.50      0.60     11089
           7       0.59      0.32      0.41     22288
           8       1.00      0.00      0.00      1971
           9       0.60      0.92      0.72     60017

   micro avg       0.63      0.63      0.63    129342
   macro avg       0.69      0.29      0.32    129342
weighted avg       0.65      0.63      0.58    129342
 samples avg       0.63      0.63      0.63    129342


[[ 1857     0     0     5     0    56    20   231     0  6094]
 [   10    19     0   191     0     4    92   522     0  3130]
 [   43     0     8     7     0     6    27    61     0   898]
 [   21     4     0 11339     0     6    58  1083     0  2030]
 [    9     0     0    16     0     2     7    55     0  1674]
 [  177     0     0    50     0   674    19   423     0  3049]
 [    3     0     0   200     0     1  5536   198     0  5151]
 [  189     1     0   705     0    91   187  7139     0 13976]
 [   19     0     0    53     0    12    17   346     1  1523]
 [  627     0     0   436     0   149  1297  2124     0 55384]]

Results of Validation Set

--------------------
Accuracy: 0.6097323375237742, F1 Score: 0.2943883474266843, Precision: 0.5363936841340445, Recall: 0.2727716069414422

              precision    recall  f1-score   support

           0       0.56      0.19      0.29      2797
           1       0.50      0.00      0.00      1370
           2       1.00      0.00      0.01       371
           3       0.84      0.75      0.79      4733
           4       0.00      0.00      0.00       600
           5       0.62      0.12      0.21      1417
           6       0.72      0.45      0.55      3795
           7       0.54      0.29      0.38      7454
           8       0.00      0.00      0.00       665
           9       0.58      0.91      0.71     19912

   micro avg       0.61      0.61      0.61     43114
   macro avg       0.54      0.27      0.29     43114
weighted avg       0.60      0.61      0.55     43114
 samples avg       0.61      0.61      0.61     43114


[[  545     0     0     3     0    17     6    85     0  2141]
 [    1     3     0    91     0     3    45   186     0  1041]
 [   19     0     1     3     0     0     8    23     0   317]
 [    5     3     0  3550     0     1    23   388     0   763]
 [    2     0     0     1     0     0     4    37     0   556]
 [   60     0     0    11     0   177     4   153     0  1012]
 [    7     0     0    75     0     1  1705    61     0  1946]
 [   75     0     0   269     0    30    57  2191     0  4832]
 [    7     0     0    20     0     6     2   120     0   510]
 [  253     0     0   191     0    52   505   795     0 18116]]

Results of Test Set

--------------------
Accuracy: 0.6107992763371527, F1 Score: 0.29140320438516726, Precision: 0.5309588407420066, Recall: 0.27114559996623305

              precision    recall  f1-score   support

           0       0.55      0.19      0.28      2795
           1       0.50      0.00      0.00      1321
           2       1.00      0.00      0.01       355
           3       0.85      0.76      0.80      4700
           4       0.00      0.00      0.00       585
           5       0.57      0.11      0.18      1504
           6       0.72      0.45      0.56      3669
           7       0.54      0.29      0.38      7506
           8       0.00      0.00      0.00       666
           9       0.58      0.91      0.71     20013

   micro avg       0.61      0.61      0.61     43114
   macro avg       0.53      0.27      0.29     43114
weighted avg       0.60      0.61      0.55     43114
 samples avg       0.61      0.61      0.61     43114


[[  520     0     0     3     0    22     8    95     0  2147]
 [    6     3     0    64     0     1    34   173     0  1040]
 [   16     0     1     4     0     3     8    21     0   302]
 [   11     2     0  3559     0     1    25   392     0   710]
 [    3     0     0     4     0     1     7    19     0   551]
 [   76     0     0    16     0   163     8   145     0  1096]
 [    1     1     0    69     0     2  1662    70     0  1864]
 [   76     0     0   288     0    43    43  2175     0  4881]
 [    4     0     0    17     0     3     3   124     0   515]
 [  235     0     0   176     0    47   516   788     0 18251]]

