Title: Fully Connected - Words: 2000, Batch: 64, Epochs: 1, Outputs: 256

Results of Training Set

--------------------
Accuracy: 0.6348053996381686, F1 Score: 0.3168603329902028, Precision: 0.5724676043991299, Recall: 0.29412743696339955

              precision    recall  f1-score   support

           0       0.63      0.23      0.33      8263
           1       0.67      0.00      0.00      3968
           2       1.00      0.01      0.03      1050
           3       0.85      0.80      0.83     14541
           4       0.00      0.00      0.00      1763
           5       0.65      0.13      0.21      4392
           6       0.75      0.51      0.61     11089
           7       0.57      0.35      0.44     22288
           8       0.00      0.00      0.00      1971
           9       0.60      0.91      0.72     60017

   micro avg       0.63      0.63      0.63    129342
   macro avg       0.57      0.29      0.32    129342
weighted avg       0.63      0.63      0.58    129342
 samples avg       0.63      0.63      0.63    129342


[[ 1873     0     0     7     0    56    10   260     0  6057]
 [   13     2     0   250     0     7   108   610     0  2978]
 [   32     0    14     6     0     4    19    68     0   907]
 [   17     1     0 11689     0     2    65  1088     0  1679]
 [    5     0     0    22     0     1     8    70     0  1657]
 [  156     0     0    71     0   561    14   447     0  3143]
 [    2     0     0   234     0     0  5641   248     0  4964]
 [  190     0     0   821     0    93   174  7870     0 13140]
 [   26     0     0    65     0    12    27   370     0  1471]
 [  653     0     0   560     0   127  1413  2807     0 54457]]

Results of Validation Set

--------------------
Accuracy: 0.610520944472793, F1 Score: 0.29545763321625357, Precision: 0.4788891179526111, Recall: 0.276538948931406

              precision    recall  f1-score   support

           0       0.58      0.19      0.29      2797
           1       0.00      0.00      0.00      1370
           2       1.00      0.01      0.01       371
           3       0.83      0.78      0.80      4733
           4       0.00      0.00      0.00       600
           5       0.56      0.11      0.19      1417
           6       0.71      0.46      0.56      3795
           7       0.52      0.32      0.40      7454
           8       0.00      0.00      0.00       665
           9       0.59      0.89      0.71     19912

   micro avg       0.61      0.61      0.61     43114
   macro avg       0.48      0.28      0.30     43114
weighted avg       0.58      0.61      0.56     43114
 samples avg       0.61      0.61      0.61     43114


[[  538     0     0     3     0    24     4    97     0  2131]
 [    1     0     0   101     0     2    43   223     0  1000]
 [   10     0     2     4     0     1     9    28     0   317]
 [    5     0     0  3690     0     0    29   388     0   621]
 [    3     0     0     3     0     0     1    40     0   553]
 [   35     0     0    10     0   158     4   168     0  1042]
 [    5     0     0    90     0     1  1745    84     0  1870]
 [   68     0     0   308     0    34    60  2416     0  4568]
 [    6     0     0    24     0     9     4   123     0   499]
 [  254     0     0   218     0    53   558  1056     0 17773]]

Results of Test Set

--------------------
Accuracy: 0.6117270492183513, F1 Score: 0.29167550310568424, Precision: 0.5712878328638966, Recall: 0.2746237392405984

              precision    recall  f1-score   support

           0       0.56      0.18      0.28      2795
           1       1.00      0.00      0.00      1321
           2       1.00      0.01      0.01       355
           3       0.83      0.79      0.81      4700
           4       0.00      0.00      0.00       585
           5       0.51      0.09      0.15      1504
           6       0.70      0.46      0.56      3669
           7       0.53      0.32      0.40      7506
           8       0.00      0.00      0.00       666
           9       0.59      0.89      0.71     20013

   micro avg       0.61      0.61      0.61     43114
   macro avg       0.57      0.27      0.29     43114
weighted avg       0.61      0.61      0.56     43114
 samples avg       0.61      0.61      0.61     43114


[[  511     0     0     5     0    25     8   113     0  2133]
 [    4     2     0    80     0     0    43   219     0   973]
 [   11     0     2     4     0     2     9    19     0   308]
 [    7     0     0  3709     0     1    24   381     0   578]
 [    1     0     0     6     0     0     6    24     0   548]
 [   53     0     0    18     0   134     8   164     0  1127]
 [    0     0     0    78     0     0  1686    93     0  1812]
 [   72     0     0   329     0    51    46  2434     0  4574]
 [    7     0     0    20     0     5     6   138     0   490]
 [  249     0     0   218     0    46   565  1039     0 17896]]

