Title: Fully Connected - Words: 2000, Batch: 128, Epochs: 1, Outputs: 256

Results of Training Set

--------------------
Accuracy: 0.6321303211640457, F1 Score: 0.31373037035074214, Precision: 0.5013960868570455, Recall: 0.2916731833353137

              precision    recall  f1-score   support

           0       0.59      0.26      0.36      8263
           1       0.00      0.00      0.00      3968
           2       1.00      0.00      0.00      1050
           3       0.83      0.81      0.82     14541
           4       0.00      0.00      0.00      1763
           5       0.63      0.14      0.22      4392
           6       0.79      0.46      0.58     11089
           7       0.57      0.33      0.42     22288
           8       0.00      0.00      0.00      1971
           9       0.60      0.91      0.72     60017

   micro avg       0.63      0.63      0.63    129342
   macro avg       0.50      0.29      0.31    129342
weighted avg       0.61      0.63      0.58    129342
 samples avg       0.63      0.63      0.63    129342


[[ 2174     0     0    11     0    65     9   385     0  5619]
 [   17     0     0   254     0     6    68   483     0  3140]
 [   51     0     2    10     0     4    18    82     0   883]
 [   27     0     0 11845     0     3    44   892     0  1730]
 [   11     0     0    28     0     1     7    61     0  1655]
 [  204     0     0    73     0   595    17   503     0  3000]
 [    4     0     0   238     0     0  5113   198     0  5536]
 [  241     0     0  1037     0    96   133  7339     0 13442]
 [   40     0     0    73     0    17    17   419     0  1405]
 [  920     0     0   650     0   151  1061  2542     0 54693]]

Results of Validation Set

--------------------
Accuracy: 0.610520944472793, F1 Score: 0.2948411610255117, Precision: 0.3796182020725984, Recall: 0.2759193543959526

              precision    recall  f1-score   support

           0       0.54      0.23      0.32      2797
           1       0.00      0.00      0.00      1370
           2       0.00      0.00      0.00       371
           3       0.81      0.79      0.80      4733
           4       0.00      0.00      0.00       600
           5       0.58      0.12      0.19      1417
           6       0.76      0.42      0.54      3795
           7       0.53      0.30      0.38      7454
           8       0.00      0.00      0.00       665
           9       0.59      0.90      0.71     19912

   micro avg       0.61      0.61      0.61     43114
   macro avg       0.38      0.28      0.29     43114
weighted avg       0.57      0.61      0.56     43114
 samples avg       0.61      0.61      0.61     43114


[[  641     0     0     6     0    21     6   123     0  2000]
 [    2     0     0   109     0     2    32   179     0  1046]
 [   17     0     0     5     0     0     5    29     0   315]
 [    7     0     0  3736     0     2    23   313     0   652]
 [    6     0     0     4     0     0     1    34     0   555]
 [   68     0     0    14     0   165     4   175     0   991]
 [    5     0     0    91     0     1  1603    66     0  2029]
 [  107     0     0   395     0    36    34  2246     0  4636]
 [   12     0     0    24     0     9     3   133     0   484]
 [  330     0     0   249     0    47   410   945     0 17931]]

Results of Test Set

--------------------
Accuracy: 0.6120981583708308, F1 Score: 0.29260040049294084, Precision: 0.37588538757153767, Recall: 0.2750067338941017

              precision    recall  f1-score   support

           0       0.53      0.23      0.32      2795
           1       0.00      0.00      0.00      1321
           2       0.00      0.00      0.00       355
           3       0.81      0.80      0.80      4700
           4       0.00      0.00      0.00       585
           5       0.56      0.10      0.17      1504
           6       0.74      0.42      0.54      3669
           7       0.54      0.30      0.39      7506
           8       0.00      0.00      0.00       666
           9       0.59      0.90      0.71     20013

   micro avg       0.61      0.61      0.61     43114
   macro avg       0.38      0.28      0.29     43114
weighted avg       0.57      0.61      0.56     43114
 samples avg       0.61      0.61      0.61     43114


[[  630     0     0     5     0    17     7   136     0  2000]
 [   10     0     0    77     0     0    29   185     0  1020]
 [   16     0     0     4     0     1     6    25     0   303]
 [    8     0     0  3749     0     1    18   318     0   606]
 [    3     0     0    10     0     0     5    20     0   547]
 [   76     0     0    23     0   152    11   164     0  1078]
 [    2     0     0    84     0     0  1549    67     0  1967]
 [   98     0     0   401     0    44    38  2269     0  4656]
 [    5     0     0    24     0     5     4   154     0   474]
 [  352     0     0   252     0    51   432   885     0 18041]]

