Title: Fully Connected - Words: 2000, Batch: 32, Epochs: 1, Outputs: 512

Results of Training Set

--------------------
Accuracy: 0.6413616613319726, F1 Score: 0.3428200205456329, Precision: 0.6774852491120614, Recall: 0.31013572032417625

              precision    recall  f1-score   support

           0       0.63      0.29      0.40      8263
           1       0.72      0.01      0.02      3968
           2       0.90      0.05      0.10      1050
           3       0.86      0.80      0.83     14541
           4       0.00      0.00      0.00      1763
           5       0.68      0.21      0.32      4392
           6       0.79      0.49      0.60     11089
           7       0.60      0.32      0.42     22288
           8       1.00      0.01      0.02      1971
           9       0.60      0.92      0.73     60017

   micro avg       0.64      0.64      0.64    129342
   macro avg       0.68      0.31      0.34    129342
weighted avg       0.66      0.64      0.59    129342
 samples avg       0.64      0.64      0.64    129342


[[ 2418     0     0     8     0    79    10   276     0  5472]
 [   17    31     0   223     0     6    88   503     0  3100]
 [   47     0    53     2     0     8    22    69     0   849]
 [   41     4     0 11663     0     8    57   918     0  1850]
 [    9     0     0    15     0     2     6    58     0  1673]
 [  186     0     0    58     0   922    16   432     0  2778]
 [    6     0     1   225     0     0  5386   175     0  5296]
 [  224     8     4   779     0   132   136  7191     0 13814]
 [   27     0     0    68     0    14    18   338    18  1488]
 [  869     0     1   521     0   189  1106  2058     0 55273]]

Results of Validation Set

--------------------
Accuracy: 0.6131650971842093, F1 Score: 0.31038646714414725, Precision: 0.6371086793899379, Recall: 0.2844341414670671

              precision    recall  f1-score   support

           0       0.55      0.25      0.34      2797
           1       0.62      0.01      0.01      1370
           2       0.92      0.03      0.06       371
           3       0.84      0.77      0.80      4733
           4       0.00      0.00      0.00       600
           5       0.58      0.16      0.25      1417
           6       0.74      0.43      0.54      3795
           7       0.55      0.29      0.38      7454
           8       1.00      0.00      0.01       665
           9       0.58      0.91      0.71     19912

   micro avg       0.61      0.61      0.61     43114
   macro avg       0.64      0.28      0.31     43114
weighted avg       0.62      0.61      0.56     43114
 samples avg       0.61      0.61      0.61     43114


[[  688     0     0     3     0    23     5   108     0  1970]
 [    2     8     0    98     0     2    35   179     0  1046]
 [   18     0    12     3     0     1     6    19     0   312]
 [   12     2     0  3655     0     0    21   342     0   701]
 [    6     0     0     2     0     0     1    29     0   562]
 [   59     0     0    10     0   224     6   148     0   970]
 [    9     1     0    86     0     1  1633    51     0  2014]
 [  104     2     1   291     0    51    48  2161     0  4796]
 [    8     0     0    24     0    11     1   123     2   496]
 [  344     0     0   203     0    75   461   776     0 18053]]

Results of Test Set

--------------------
Accuracy: 0.6135594006587187, F1 Score: 0.30701135446112426, Precision: 0.6229182864228943, Recall: 0.28300591082627313

              precision    recall  f1-score   support

           0       0.52      0.23      0.32      2795
           1       0.55      0.00      0.01      1321
           2       0.92      0.03      0.07       355
           3       0.84      0.78      0.81      4700
           4       0.00      0.00      0.00       585
           5       0.54      0.14      0.22      1504
           6       0.73      0.44      0.55      3669
           7       0.55      0.29      0.38      7506
           8       1.00      0.00      0.01       666
           9       0.59      0.90      0.71     20013

   micro avg       0.61      0.61      0.61     43114
   macro avg       0.62      0.28      0.31     43114
weighted avg       0.61      0.61      0.56     43114
 samples avg       0.61      0.61      0.61     43114


[[  654     0     0     6     0    22     5   110     0  1998]
 [    8     6     0    75     0     3    35   180     0  1014]
 [   15     0    12     4     0     5     8    22     0   289]
 [   15     1     0  3689     0     0    20   331     0   644]
 [    4     0     0     7     0     0     4    24     0   546]
 [   72     0     0    17     0   207     9   152     0  1047]
 [    3     0     0    78     0     1  1605    72     0  1910]
 [  103     4     1   317     0    62    46  2180     0  4793]
 [    4     0     0    19     0     9     3   126     2   503]
 [  370     0     0   199     0    74   470   802     0 18098]]

