Title: Fully Connected - Words: 1000, Batch: 32, Epochs: 2, Outputs: 10

Results of Training Set

--------------------
Accuracy: 0.5837237710875044, F1 Score: 0.21565370134045886, Precision: 0.3290796349666323, Recall: 0.2153103083369369

              precision    recall  f1-score   support

           0       0.50      0.00      0.00      8263
           1       0.00      0.00      0.00      3968
           2       0.00      0.00      0.00      1050
           3       0.86      0.75      0.80     14541
           4       0.00      0.00      0.00      1763
           5       0.00      0.00      0.00      4392
           6       0.81      0.29      0.43     11089
           7       0.58      0.15      0.23     22288
           8       0.00      0.00      0.00      1971
           9       0.54      0.97      0.70     60017

   micro avg       0.58      0.58      0.58    129342
   macro avg       0.33      0.22      0.22    129342
weighted avg       0.55      0.58      0.49    129342
 samples avg       0.58      0.58      0.58    129342


[[    4     0     0     6     0     0     1    36     0  8216]
 [    0     0     0   162     0     0    34   232     0  3540]
 [    0     0     0     3     0     0    12    21     0  1014]
 [    0     0     0 10862     0     0    31   896     0  2752]
 [    0     0     0    11     0     0     5    20     0  1727]
 [    0     0     0    44     0     0     4   129     0  4215]
 [    0     0     0   223     0     0  3228    75     0  7563]
 [    0     0     0   802     0     0    57  3240     0 18189]
 [    0     0     0    57     0     0     9   176     0  1729]
 [    4     0     0   481     0     0   612   754     0 58166]]

Results of Validation Set

--------------------
Accuracy: 0.5756134898176927, F1 Score: 0.21134883721939218, Precision: 0.2729358624249968, Recall: 0.21212626907455973

              precision    recall  f1-score   support

           0       0.00      0.00      0.00      2797
           1       0.00      0.00      0.00      1370
           2       0.00      0.00      0.00       371
           3       0.85      0.74      0.79      4733
           4       0.00      0.00      0.00       600
           5       0.00      0.00      0.00      1417
           6       0.78      0.28      0.41      3795
           7       0.56      0.14      0.22      7454
           8       0.00      0.00      0.00       665
           9       0.54      0.97      0.69     19912

   micro avg       0.58      0.58      0.58     43114
   macro avg       0.27      0.21      0.21     43114
weighted avg       0.51      0.58      0.48     43114
 samples avg       0.58      0.58      0.58     43114


[[    0     0     0     4     0     0     1    14     0  2778]
 [    0     0     0    65     0     0    13    85     0  1207]
 [    0     0     0     0     0     0     4     3     0   364]
 [    0     0     0  3489     0     0    15   294     0   935]
 [    0     0     0     3     0     0     0    10     0   587]
 [    0     0     0     9     0     0     1    52     0  1355]
 [    0     0     0    82     0     0  1057    26     0  2630]
 [    0     0     0   266     0     0    17  1043     0  6128]
 [    0     0     0    18     0     0     1    67     0   579]
 [    0     0     0   184     0     0   243   257     0 19228]]

Results of Test Set

--------------------
Accuracy: 0.5759845989701721, F1 Score: 0.21030782872226564, Precision: 0.37210578072769374, Recall: 0.21140914543751746

              precision    recall  f1-score   support

           0       1.00      0.00      0.00      2795
           1       0.00      0.00      0.00      1321
           2       0.00      0.00      0.00       355
           3       0.85      0.74      0.79      4700
           4       0.00      0.00      0.00       585
           5       0.00      0.00      0.00      1504
           6       0.78      0.27      0.41      3669
           7       0.55      0.13      0.21      7506
           8       0.00      0.00      0.00       666
           9       0.54      0.97      0.69     20013

   micro avg       0.58      0.58      0.58     43114
   macro avg       0.37      0.21      0.21     43114
weighted avg       0.57      0.58      0.48     43114
 samples avg       0.58      0.58      0.58     43114


[[    2     0     0     2     0     0     2    20     0  2769]
 [    0     0     0    49     0     0    12    82     0  1178]
 [    0     0     0     1     0     0     4     7     0   343]
 [    0     0     0  3474     0     0    16   298     0   912]
 [    0     0     0     3     0     0     3    11     0   568]
 [    0     0     0    13     0     0     5    45     0  1441]
 [    0     0     0    70     0     0  1007    27     0  2565]
 [    0     0     0   289     0     0    18   996     0  6203]
 [    0     0     0    20     0     0     1    57     0   588]
 [    0     0     0   183     0     0   219   257     0 19354]]

