Title: Fully Connected - Words: 2000, Batch: 64, Epochs: 1, Outputs: 512

Results of Training Set

--------------------
Accuracy: 0.6428692922639204, F1 Score: 0.3388452197437812, Precision: 0.6480277812647983, Recall: 0.3108134816905926

              precision    recall  f1-score   support

           0       0.68      0.21      0.32      8263
           1       0.50      0.00      0.00      3968
           2       0.87      0.05      0.09      1050
           3       0.84      0.82      0.83     14541
           4       0.00      0.00      0.00      1763
           5       0.64      0.22      0.33      4392
           6       0.80      0.48      0.60     11089
           7       0.54      0.43      0.48     22288
           8       1.00      0.00      0.01      1971
           9       0.62      0.89      0.73     60017

   micro avg       0.64      0.64      0.64    129342
   macro avg       0.65      0.31      0.34    129342
weighted avg       0.65      0.64      0.60    129342
 samples avg       0.64      0.64      0.64    129342


[[ 1715     0     0    16     0    88     8   544     0  5892]
 [    9     1     0   261     0    10    76   816     0  2795]
 [   27     0    52     9     0    14    16   103     0   829]
 [   18     1     0 11966     0     5    48  1049     0  1454]
 [    8     0     0    25     0     3     5   120     0  1602]
 [  119     0     0    75     0   964    12   638     0  2584]
 [    3     0     1   238     0     3  5364   336     0  5144]
 [  159     0     6   964     0   159   142  9558     0 11300]
 [   17     0     0    76     0    25    19   459     8  1367]
 [  461     0     1   628     0   228  1029  4148     0 53522]]

Results of Validation Set

--------------------
Accuracy: 0.6139073154891682, F1 Score: 0.30833746175481236, Precision: 0.5631802602469568, Recall: 0.286731184055694

              precision    recall  f1-score   support

           0       0.60      0.17      0.27      2797
           1       0.00      0.00      0.00      1370
           2       0.82      0.02      0.05       371
           3       0.81      0.80      0.80      4733
           4       0.00      0.00      0.00       600
           5       0.56      0.18      0.27      1417
           6       0.74      0.43      0.55      3795
           7       0.49      0.39      0.44      7454
           8       1.00      0.00      0.00       665
           9       0.60      0.87      0.71     19912

   micro avg       0.61      0.61      0.61     43114
   macro avg       0.56      0.29      0.31     43114
weighted avg       0.60      0.61      0.57     43114
 samples avg       0.61      0.61      0.61     43114


[[  483     0     0     8     0    34     2   202     0  2068]
 [    0     0     0   106     0     2    37   288     0   937]
 [    6     0     9     5     0     4     6    43     0   298]
 [    4     0     0  3772     0     0    20   371     0   566]
 [    3     0     0     4     0     1     2    51     0   539]
 [   35     0     0    16     0   252     2   219     0   893]
 [    6     0     0    99     0     1  1634   106     0  1949]
 [   64     0     1   362     0    61    51  2897     0  4018]
 [    6     0     0    25     0    13     1   162     1   457]
 [  193     0     1   260     0    79   442  1517     0 17420]]

Results of Test Set

--------------------
Accuracy: 0.6141856473535279, F1 Score: 0.30566983829516775, Precision: 0.5557074060974684, Recall: 0.2851942785213436

              precision    recall  f1-score   support

           0       0.56      0.16      0.25      2795
           1       0.00      0.00      0.00      1321
           2       0.82      0.03      0.05       355
           3       0.81      0.80      0.81      4700
           4       0.00      0.00      0.00       585
           5       0.54      0.16      0.25      1504
           6       0.74      0.43      0.54      3669
           7       0.49      0.39      0.43      7506
           8       1.00      0.00      0.01       666
           9       0.60      0.87      0.71     20013

   micro avg       0.61      0.61      0.61     43114
   macro avg       0.56      0.29      0.31     43114
weighted avg       0.59      0.61      0.57     43114
 samples avg       0.61      0.61      0.61     43114


[[  453     0     0     5     0    39     6   214     0  2078]
 [    4     0     0    82     0     3    25   284     0   923]
 [   11     0     9     4     0     4     8    41     0   278]
 [    6     0     0  3781     0     2    20   378     0   513]
 [    1     0     0     5     0     1     4    36     0   538]
 [   48     0     1    24     0   243     8   222     0   958]
 [    3     0     0    84     0     2  1583   125     0  1872]
 [   68     0     0   405     0    61    45  2916     0  4011]
 [    4     0     0    25     0     9     3   164     3   458]
 [  215     0     1   251     0    87   443  1524     0 17492]]

