Title: Fully Connected - Words: 2000, Batch: 128, Epochs: 1, Outputs: 512

Results of Training Set

--------------------
Accuracy: 0.6435728533654961, F1 Score: 0.3452533900673811, Precision: 0.6666488733336393, Recall: 0.31921790140708894

              precision    recall  f1-score   support

           0       0.57      0.37      0.45      8263
           1       0.78      0.00      0.01      3968
           2       0.89      0.02      0.03      1050
           3       0.86      0.80      0.83     14541
           4       0.00      0.00      0.00      1763
           5       0.59      0.24      0.34      4392
           6       0.80      0.46      0.59     11089
           7       0.55      0.41      0.47     22288
           8       1.00      0.00      0.01      1971
           9       0.62      0.89      0.73     60017

   micro avg       0.64      0.64      0.64    129342
   macro avg       0.67      0.32      0.35    129342
weighted avg       0.65      0.64      0.60    129342
 samples avg       0.64      0.64      0.64    129342


[[ 3037     0     0    10     0   146     6   504     0  4560]
 [   29    14     0   233     0    11    67   717     0  2897]
 [   68     0    17     6     0    15    19   106     0   819]
 [   46     3     0 11644     0     9    45  1134     0  1660]
 [   19     0     0    16     0     5     5   107     0  1611]
 [  253     0     1    61     0  1055    14   611     0  2397]
 [   11     0     0   228     0     2  5133   287     0  5428]
 [  410     0     1   795     0   203   123  9144     0 11612]
 [   64     0     0    62     0    29    15   473     9  1319]
 [ 1393     1     0   502     0   302   960  3671     0 53188]]

Results of Validation Set

--------------------
Accuracy: 0.6135130120146588, F1 Score: 0.3157114900715724, Precision: 0.6203964430245755, Recall: 0.2945847223757216

              precision    recall  f1-score   support

           0       0.49      0.31      0.38      2797
           1       1.00      0.00      0.00      1370
           2       0.50      0.00      0.01       371
           3       0.83      0.77      0.80      4733
           4       0.00      0.00      0.00       600
           5       0.52      0.20      0.29      1417
           6       0.75      0.42      0.54      3795
           7       0.50      0.38      0.43      7454
           8       1.00      0.00      0.00       665
           9       0.60      0.87      0.71     19912

   micro avg       0.61      0.61      0.61     43114
   macro avg       0.62      0.29      0.32     43114
weighted avg       0.62      0.61      0.57     43114
 samples avg       0.61      0.61      0.61     43114


[[  858     0     0     3     0    44     3   181     0  1708]
 [    5     2     0    98     0     4    28   257     0   976]
 [   27     0     1     2     0     3     5    37     0   296]
 [   13     0     0  3664     0     3    24   400     0   629]
 [    9     0     0     4     0     0     0    45     0   542]
 [   88     0     0    11     0   283     2   201     0   832]
 [   12     0     0    88     0     1  1584    93     0  2017]
 [  174     0     0   305     0    72    42  2798     0  4063]
 [   12     0     0    24     0    17     2   168     1   441]
 [  536     0     1   201     0   116   416  1382     0 17260]]

Results of Test Set

--------------------
Accuracy: 0.6146727281161571, F1 Score: 0.3153922719770558, Precision: 0.5916462575964513, Recall: 0.29412461828733283

              precision    recall  f1-score   support

           0       0.49      0.31      0.38      2795
           1       0.50      0.00      0.00      1321
           2       0.75      0.01      0.02       355
           3       0.84      0.78      0.81      4700
           4       0.00      0.00      0.00       585
           5       0.49      0.18      0.26      1504
           6       0.75      0.42      0.54      3669
           7       0.50      0.37      0.43      7506
           8       1.00      0.01      0.01       666
           9       0.60      0.87      0.71     20013

   micro avg       0.61      0.61      0.61     43114
   macro avg       0.59      0.29      0.32     43114
weighted avg       0.61      0.61      0.57     43114
 samples avg       0.61      0.61      0.61     43114


[[  862     0     0     5     0    53     5   204     0  1666]
 [   12     2     0    70     0     2    25   254     0   956]
 [   25     0     3     2     0     5     6    35     0   279]
 [   17     1     0  3670     0     1    20   419     0   572]
 [    6     0     0     5     0     1     5    37     0   531]
 [  100     0     1    18     0   266     8   213     0   898]
 [    5     0     0    72     0     3  1540   114     0  1935]
 [  172     0     0   325     0    79    37  2791     0  4102]
 [   12     0     0    18     0    10     5   169     4   448]
 [  537     1     0   198     0   125   411  1378     0 17363]]

