Title: Fully Connected - Words: 2000, Batch: 32, Epochs: 2, Outputs: 10

Results of Training Set

--------------------
Accuracy: 0.5918727095606996, F1 Score: 0.22390378195470886, Precision: 0.3576350495756201, Recall: 0.22143363595457322

              precision    recall  f1-score   support

           0       0.67      0.00      0.01      8263
           1       0.00      0.00      0.00      3968
           2       0.00      0.00      0.00      1050
           3       0.88      0.75      0.81     14541
           4       0.00      0.00      0.00      1763
           5       0.00      0.00      0.00      4392
           6       0.84      0.33      0.47     11089
           7       0.64      0.15      0.25     22288
           8       0.00      0.00      0.00      1971
           9       0.55      0.97      0.70     60017

   micro avg       0.59      0.59      0.59    129342
   macro avg       0.36      0.22      0.22    129342
weighted avg       0.58      0.59      0.50    129342
 samples avg       0.59      0.59      0.59    129342


[[   32     0     0     3     0     0     1    35     0  8192]
 [    0     0     0   168     0     0    25   209     0  3566]
 [    0     0     0     2     0     0     7    11     0  1030]
 [    2     0     0 10972     0     0    29   702     0  2836]
 [    0     0     0    10     0     0     4    14     0  1735]
 [    3     0     0    41     0     0     7   113     0  4228]
 [    0     0     0   201     0     0  3646    70     0  7172]
 [    0     0     0   631     0     0    63  3392     0 18202]
 [    0     0     0    48     0     0     5   157     0  1761]
 [   11     0     0   370     0     0   564   560     0 58512]]

Results of Validation Set

--------------------
Accuracy: 0.5811337384608248, F1 Score: 0.21753484674153914, Precision: 0.3469181759596106, Recall: 0.21640000628189854

              precision    recall  f1-score   support

           0       0.65      0.01      0.01      2797
           1       0.00      0.00      0.00      1370
           2       0.00      0.00      0.00       371
           3       0.86      0.73      0.79      4733
           4       0.00      0.00      0.00       600
           5       0.00      0.00      0.00      1417
           6       0.81      0.31      0.45      3795
           7       0.61      0.14      0.23      7454
           8       0.00      0.00      0.00       665
           9       0.54      0.97      0.69     19912

   micro avg       0.58      0.58      0.58     43114
   macro avg       0.35      0.22      0.22     43114
weighted avg       0.56      0.58      0.49     43114
 samples avg       0.58      0.58      0.58     43114


[[   15     0     0     3     0     0     1    21     0  2757]
 [    0     0     0    71     0     0    15    83     0  1201]
 [    0     0     0     0     0     0     3     3     0   365]
 [    0     0     0  3476     0     0    17   233     0  1007]
 [    0     0     0     2     0     0     0     7     0   591]
 [    1     0     0     7     0     0     1    50     0  1358]
 [    0     0     0    75     0     0  1186    20     0  2514]
 [    1     0     0   238     0     0    18  1052     0  6145]
 [    0     0     0    17     0     0     1    53     0   594]
 [    6     0     0   157     0     0   231   192     0 19326]]

Results of Test Set

--------------------
Accuracy: 0.5813656816811245, F1 Score: 0.2169742816977048, Precision: 0.3423729864250314, Recall: 0.21583980873867342

              precision    recall  f1-score   support

           0       0.62      0.01      0.01      2795
           1       0.00      0.00      0.00      1321
           2       0.00      0.00      0.00       355
           3       0.87      0.73      0.79      4700
           4       0.00      0.00      0.00       585
           5       0.00      0.00      0.00      1504
           6       0.80      0.32      0.45      3669
           7       0.59      0.13      0.22      7506
           8       0.00      0.00      0.00       666
           9       0.54      0.97      0.69     20013

   micro avg       0.58      0.58      0.58     43114
   macro avg       0.34      0.22      0.22     43114
weighted avg       0.56      0.58      0.49     43114
 samples avg       0.58      0.58      0.58     43114


[[   15     0     0     1     0     0     1    17     0  2761]
 [    0     0     0    52     0     0    11    91     0  1167]
 [    0     0     0     2     0     0     3     4     0   346]
 [    0     0     0  3440     0     0    20   256     0   984]
 [    0     0     0     4     0     0     3     9     0   569]
 [    1     0     0    14     0     0     5    42     0  1442]
 [    0     0     0    60     0     0  1156    25     0  2428]
 [    1     0     0   242     0     0    17  1009     0  6237]
 [    0     0     0    18     0     0     2    57     0   589]
 [    7     0     0   141     0     0   227   193     0 19445]]

