Title: Fully Connected - Words: 2000, Batch: 64, Epochs: 2, Outputs: 10

Results of Training Set

--------------------
Accuracy: 0.5911923427811538, F1 Score: 0.22310566830628503, Precision: 0.3514766280277003, Recall: 0.22069604785042185

              precision    recall  f1-score   support

           0       0.65      0.00      0.00      8263
           1       0.00      0.00      0.00      3968
           2       0.00      0.00      0.00      1050
           3       0.87      0.75      0.81     14541
           4       0.00      0.00      0.00      1763
           5       0.00      0.00      0.00      4392
           6       0.84      0.31      0.46     11089
           7       0.60      0.17      0.26     22288
           8       0.00      0.00      0.00      1971
           9       0.55      0.97      0.70     60017

   micro avg       0.59      0.59      0.59    129342
   macro avg       0.35      0.22      0.22    129342
weighted avg       0.57      0.59      0.50    129342
 samples avg       0.59      0.59      0.59    129342


[[   13     0     0     3     0     0     1    64     0  8182]
 [    0     0     0   161     0     0    20   220     0  3567]
 [    0     0     0     4     0     0     6    22     0  1018]
 [    2     0     0 10942     0     0    18   969     0  2610]
 [    0     0     0    13     0     0     4    18     0  1728]
 [    0     0     0    47     0     0     4   143     0  4198]
 [    0     0     0   195     0     0  3493    74     0  7327]
 [    1     0     0   702     0     0    56  3707     0 17822]
 [    0     0     0    49     0     0     4   173     0  1745]
 [    4     0     0   402     0     0   560   740     0 58311]]

Results of Validation Set

--------------------
Accuracy: 0.5812960987150345, F1 Score: 0.21720609905537666, Precision: 0.32786264024137524, Recall: 0.2160762685243669

              precision    recall  f1-score   support

           0       0.50      0.00      0.00      2797
           1       0.00      0.00      0.00      1370
           2       0.00      0.00      0.00       371
           3       0.86      0.74      0.79      4733
           4       0.00      0.00      0.00       600
           5       0.00      0.00      0.00      1417
           6       0.81      0.30      0.44      3795
           7       0.57      0.16      0.25      7454
           8       0.00      0.00      0.00       665
           9       0.54      0.97      0.69     19912

   micro avg       0.58      0.58      0.58     43114
   macro avg       0.33      0.22      0.22     43114
weighted avg       0.55      0.58      0.49     43114
 samples avg       0.58      0.58      0.58     43114


[[    2     0     0     3     0     0     1    28     0  2763]
 [    0     0     0    67     0     0    14    92     0  1197]
 [    0     0     0     0     0     0     3     5     0   363]
 [    0     0     0  3482     0     0    12   338     0   901]
 [    0     0     0     3     0     0     0     6     0   591]
 [    0     0     0    11     0     0     0    61     0  1345]
 [    0     0     0    69     0     0  1133    24     0  2569]
 [    0     0     0   244     0     0    16  1180     0  6014]
 [    0     0     0    18     0     0     1    63     0   583]
 [    2     0     0   154     0     0   227   264     0 19265]]

Results of Test Set

--------------------
Accuracy: 0.5818759567657837, F1 Score: 0.2172709616623542, Precision: 0.3485057244882575, Recall: 0.21638460160468717

              precision    recall  f1-score   support

           0       0.71      0.00      0.00      2795
           1       0.00      0.00      0.00      1321
           2       0.00      0.00      0.00       355
           3       0.86      0.74      0.80      4700
           4       0.00      0.00      0.00       585
           5       0.00      0.00      0.00      1504
           6       0.81      0.30      0.44      3669
           7       0.56      0.15      0.23      7506
           8       0.00      0.00      0.00       666
           9       0.54      0.97      0.70     20013

   micro avg       0.58      0.58      0.58     43114
   macro avg       0.35      0.22      0.22     43114
weighted avg       0.56      0.58      0.49     43114
 samples avg       0.58      0.58      0.58     43114


[[    5     0     0     2     0     0     0    31     0  2757]
 [    0     0     0    47     0     0    10    88     0  1176]
 [    0     0     0     3     0     0     5     5     0   342]
 [    0     0     0  3489     0     0     9   339     0   863]
 [    0     0     0     4     0     0     2    10     0   569]
 [    0     0     0    13     0     0     3    45     0  1443]
 [    0     0     0    62     0     0  1115    22     0  2470]
 [    0     0     0   261     0     0    19  1112     0  6114]
 [    0     0     0    16     0     0     1    61     0   588]
 [    2     0     0   147     0     0   216   282     0 19366]]

