Title: Fully Connected - Words: 2000, Batch: 128, Epochs: 2, Outputs: 10

Results of Training Set

--------------------
Accuracy: 0.5893831856628164, F1 Score: 0.22181939591111305, Precision: 0.28155072539627307, Recall: 0.22302603393177298

              precision    recall  f1-score   support

           0       0.00      0.00      0.00      8263
           1       0.00      0.00      0.00      3968
           2       0.00      0.00      0.00      1050
           3       0.86      0.77      0.81     14541
           4       0.00      0.00      0.00      1763
           5       0.00      0.00      0.00      4392
           6       0.79      0.36      0.50     11089
           7       0.63      0.13      0.21     22288
           8       0.00      0.00      0.00      1971
           9       0.55      0.97      0.70     60017

   micro avg       0.59      0.59      0.59    129342
   macro avg       0.28      0.22      0.22    129342
weighted avg       0.52      0.59      0.49    129342
 samples avg       0.59      0.59      0.59    129342


[[    0     0     0     3     0     0     4    17     0  8239]
 [    0     0     0   181     0     0    45   183     0  3559]
 [    0     0     0     5     0     0    16    18     0  1011]
 [    0     0     0 11221     0     0    49   681     0  2590]
 [    0     0     0    20     0     0     5    20     0  1718]
 [    0     0     0    53     0     0     8   110     0  4221]
 [    0     0     0   200     0     0  4009    53     0  6827]
 [    0     0     0   883     0     0    75  2859     0 18471]
 [    0     0     0    60     0     0    10   107     0  1794]
 [    0     0     0   491     0     0   860   523     0 58143]]

Results of Validation Set

--------------------
Accuracy: 0.5796261075288769, F1 Score: 0.2163109916104707, Precision: 0.27470838305145756, Recall: 0.21836942712487403

              precision    recall  f1-score   support

           0       0.00      0.00      0.00      2797
           1       0.00      0.00      0.00      1370
           2       0.00      0.00      0.00       371
           3       0.84      0.75      0.79      4733
           4       0.00      0.00      0.00       600
           5       0.00      0.00      0.00      1417
           6       0.77      0.35      0.48      3795
           7       0.60      0.12      0.20      7454
           8       0.00      0.00      0.00       665
           9       0.54      0.97      0.69     19912

   micro avg       0.58      0.58      0.58     43114
   macro avg       0.27      0.22      0.22     43114
weighted avg       0.51      0.58      0.48     43114
 samples avg       0.58      0.58      0.58     43114


[[    0     0     0     3     0     0     2     8     0  2784]
 [    0     0     0    71     0     0    22    65     0  1212]
 [    0     0     0     0     0     0     5     3     0   363]
 [    0     0     0  3546     0     0    20   237     0   930]
 [    0     0     0     4     0     0     0     8     0   588]
 [    0     0     0     9     0     0     2    38     0  1368]
 [    0     0     0    76     0     0  1323    28     0  2368]
 [    0     0     0   312     0     0    22   898     0  6222]
 [    0     0     0    22     0     0     1    37     0   605]
 [    0     0     0   197     0     0   317   175     0 19223]]

Results of Test Set

--------------------
Accuracy: 0.580971378206615, F1 Score: 0.21628142446994908, Precision: 0.2740158578482107, Recall: 0.2190198177221621

              precision    recall  f1-score   support

           0       0.00      0.00      0.00      2795
           1       0.00      0.00      0.00      1321
           2       0.00      0.00      0.00       355
           3       0.84      0.76      0.80      4700
           4       0.00      0.00      0.00       585
           5       0.00      0.00      0.00      1504
           6       0.76      0.35      0.48      3669
           7       0.60      0.12      0.19      7506
           8       0.00      0.00      0.00       666
           9       0.54      0.97      0.69     20013

   micro avg       0.58      0.58      0.58     43114
   macro avg       0.27      0.22      0.22     43114
weighted avg       0.51      0.58      0.48     43114
 samples avg       0.58      0.58      0.58     43114


[[    0     0     0     3     0     0     2     7     0  2783]
 [    0     0     0    55     0     0    15    67     0  1184]
 [    0     0     0     3     0     0     5     6     0   341]
 [    0     0     0  3579     0     0    19   222     0   880]
 [    0     0     0     7     0     0     3     9     0   566]
 [    0     0     0    14     0     0     5    40     0  1445]
 [    0     0     0    67     0     0  1276    21     0  2305]
 [    0     0     0   333     0     0    24   864     0  6285]
 [    0     0     0    19     0     0     2    35     0   610]
 [    0     0     0   187     0     0   318   179     0 19329]]

