Title: Fully Connected - Words: 2000, Batch: 32, Epochs: 2, Outputs: 16

Results of Training Set

--------------------
Accuracy: 0.6084411869307726, F1 Score: 0.25725738912067386, Precision: 0.4108733929272976, Recall: 0.24690352682887945

              precision    recall  f1-score   support

           0       0.63      0.06      0.10      8263
           1       0.00      0.00      0.00      3968
           2       0.00      0.00      0.00      1050
           3       0.88      0.76      0.82     14541
           4       0.00      0.00      0.00      1763
           5       0.69      0.02      0.04      4392
           6       0.76      0.43      0.55     11089
           7       0.58      0.25      0.35     22288
           8       0.00      0.00      0.00      1971
           9       0.57      0.95      0.71     60017

   micro avg       0.61      0.61      0.61    129342
   macro avg       0.41      0.25      0.26    129342
weighted avg       0.59      0.61      0.54    129342
 samples avg       0.61      0.61      0.61    129342


[[  472     0     0     4     0     9     3   118     0  7657]
 [    4     0     0   170     0     0    71   374     0  3349]
 [    6     0     0     3     0     1    17    36     0   987]
 [   16     0     0 11119     0     1    51  1128     0  2226]
 [    1     0     0     9     0     0     5    44     0  1704]
 [   45     0     0    39     0    98    11   323     0  3876]
 [    1     0     0   215     0     0  4819   118     0  5936]
 [   31     0     0   649     0    14   103  5466     0 16025]
 [    5     0     0    47     0     0    12   289     0  1618]
 [  171     0     0   428     0    19  1226  1450     0 56723]]

Results of Validation Set

--------------------
Accuracy: 0.5955142181194044, F1 Score: 0.24797423133591842, Precision: 0.3966263283132525, Recall: 0.23960268064516685

              precision    recall  f1-score   support

           0       0.62      0.06      0.10      2797
           1       0.00      0.00      0.00      1370
           2       0.00      0.00      0.00       371
           3       0.85      0.74      0.79      4733
           4       0.00      0.00      0.00       600
           5       0.65      0.02      0.03      1417
           6       0.73      0.41      0.52      3795
           7       0.56      0.23      0.33      7454
           8       0.00      0.00      0.00       665
           9       0.56      0.94      0.70     19912

   micro avg       0.60      0.60      0.60     43114
   macro avg       0.40      0.24      0.25     43114
weighted avg       0.57      0.60      0.52     43114
 samples avg       0.60      0.60      0.60     43114


[[  154     0     0     3     0     2     2    45     0  2591]
 [    0     0     0    74     0     0    31   138     0  1127]
 [    2     0     0     1     0     0     6    11     0   351]
 [    4     0     0  3524     0     0    21   375     0   809]
 [    0     0     0     2     0     0     0    19     0   579]
 [    9     0     0     9     0    22     2   124     0  1251]
 [    1     0     0    83     0     0  1553    40     0  2118]
 [   14     0     0   248     0     5    40  1740     0  5407]
 [    1     0     0    18     0     1     2    98     0   545]
 [   64     0     0   185     0     4   466   511     0 18682]]

Results of Test Set

--------------------
Accuracy: 0.5961868534582734, F1 Score: 0.24704182250411494, Precision: 0.37407183235256014, Recall: 0.23913873167072497

              precision    recall  f1-score   support

           0       0.58      0.05      0.09      2795
           1       0.00      0.00      0.00      1321
           2       0.00      0.00      0.00       355
           3       0.86      0.75      0.80      4700
           4       0.00      0.00      0.00       585
           5       0.45      0.02      0.03      1504
           6       0.73      0.41      0.52      3669
           7       0.56      0.23      0.32      7506
           8       0.00      0.00      0.00       666
           9       0.56      0.94      0.70     20013

   micro avg       0.60      0.60      0.60     43114
   macro avg       0.37      0.24      0.25     43114
weighted avg       0.57      0.60      0.52     43114
 samples avg       0.60      0.60      0.60     43114


[[  133     0     0     2     0     5     4    45     0  2606]
 [    0     0     0    53     0     0    27   130     0  1111]
 [    0     0     0     2     0     0     6    10     0   337]
 [    3     0     0  3516     0     1    22   394     0   764]
 [    0     0     0     2     0     0     7    17     0   559]
 [   12     0     0    14     0    25     8   102     0  1343]
 [    0     0     0    72     0     0  1507    41     0  2049]
 [   17     0     0   255     0    11    36  1716     0  5471]
 [    2     0     0    20     0     2     3   102     0   537]
 [   61     0     0   161     0    11   453   520     0 18807]]

