Title: Fully Connected - Words: 2000, Batch: 64, Epochs: 2, Outputs: 16

Results of Training Set

--------------------
Accuracy: 0.5985062856612702, F1 Score: 0.23358422308479448, Precision: 0.4117187556060453, Recall: 0.23033166150918669

              precision    recall  f1-score   support

           0       0.59      0.01      0.02      8263
           1       0.00      0.00      0.00      3968
           2       0.00      0.00      0.00      1050
           3       0.86      0.78      0.82     14541
           4       0.00      0.00      0.00      1763
           5       0.75      0.00      0.00      4392
           6       0.77      0.33      0.46     11089
           7       0.59      0.23      0.33     22288
           8       0.00      0.00      0.00      1971
           9       0.56      0.95      0.70     60017

   micro avg       0.60      0.60      0.60    129342
   macro avg       0.41      0.23      0.23    129342
weighted avg       0.59      0.60      0.52    129342
 samples avg       0.60      0.60      0.60    129342


[[   73     0     0     4     0     0     1    71     0  8114]
 [    0     0     0   201     0     0    39   395     0  3333]
 [    0     0     0     5     0     0     7    29     0  1009]
 [    5     0     0 11308     0     0    63  1048     0  2117]
 [    0     0     0    14     0     0     4    33     0  1712]
 [    2     0     0    51     0     3     5   259     0  4072]
 [    0     0     0   210     0     0  3674   121     0  7084]
 [    6     0     0   823     0     0    65  5172     0 16222]
 [    0     0     0    60     0     0    18   217     0  1676]
 [   38     0     0   465     0     1   883  1448     0 57182]]

Results of Validation Set

--------------------
Accuracy: 0.588695087442594, F1 Score: 0.22784432049937492, Precision: 0.3406508388061815, Recall: 0.22572583300640642

              precision    recall  f1-score   support

           0       0.69      0.01      0.02      2797
           1       0.00      0.00      0.00      1370
           2       0.00      0.00      0.00       371
           3       0.84      0.76      0.80      4733
           4       0.00      0.00      0.00       600
           5       0.00      0.00      0.00      1417
           6       0.75      0.32      0.45      3795
           7       0.57      0.22      0.32      7454
           8       0.00      0.00      0.00       665
           9       0.55      0.95      0.70     19912

   micro avg       0.59      0.59      0.59     43114
   macro avg       0.34      0.23      0.23     43114
weighted avg       0.56      0.59      0.51     43114
 samples avg       0.59      0.59      0.59     43114


[[   25     0     0     3     0     0     1    32     0  2736]
 [    0     0     0    88     0     0    22   141     0  1119]
 [    0     0     0     0     0     0     3     8     0   360]
 [    1     0     0  3607     0     0    26   346     0   753]
 [    0     0     0     2     0     0     0    13     0   585]
 [    1     0     0    11     0     0     0    90     0  1315]
 [    0     0     0    85     0     0  1199    40     0  2471]
 [    1     0     0   287     0     0    25  1647     0  5494]
 [    0     0     0    19     0     0     3    87     0   556]
 [    8     0     0   176     0     0   314   511     0 18903]]

Results of Test Set

--------------------
Accuracy: 0.5892981398153732, F1 Score: 0.2275089328396398, Precision: 0.3337541475236968, Recall: 0.22559431632827104

              precision    recall  f1-score   support

           0       0.64      0.01      0.02      2795
           1       0.00      0.00      0.00      1321
           2       0.00      0.00      0.00       355
           3       0.84      0.76      0.80      4700
           4       0.00      0.00      0.00       585
           5       0.00      0.00      0.00      1504
           6       0.73      0.32      0.44      3669
           7       0.56      0.22      0.31      7506
           8       0.00      0.00      0.00       666
           9       0.55      0.95      0.70     20013

   micro avg       0.59      0.59      0.59     43114
   macro avg       0.33      0.23      0.23     43114
weighted avg       0.55      0.59      0.51     43114
 samples avg       0.59      0.59      0.59     43114


[[   25     0     0     3     0     0     0    36     0  2731]
 [    0     0     0    60     0     0    18   137     0  1106]
 [    0     0     0     3     0     0     4     9     0   339]
 [    0     0     0  3589     0     0    24   366     0   721]
 [    0     0     0     4     0     0     5    16     0   560]
 [    2     0     0    16     0     0     6    78     0  1402]
 [    0     0     0    69     0     0  1159    38     0  2403]
 [    1     0     0   315     0     0    24  1639     0  5527]
 [    0     0     0    20     0     0     7    81     0   558]
 [   11     0     0   174     0     0   330   503     0 18995]]

