Title: Fully Connected - Words: 2000, Batch: 128, Epochs: 2, Outputs: 16

Results of Training Set

--------------------
Accuracy: 0.6040806543891388, F1 Score: 0.2397739320212091, Precision: 0.3446814372938388, Recall: 0.23693177437278212

              precision    recall  f1-score   support

           0       0.64      0.00      0.01      8263
           1       0.00      0.00      0.00      3968
           2       0.00      0.00      0.00      1050
           3       0.86      0.78      0.82     14541
           4       0.00      0.00      0.00      1763
           5       0.00      0.00      0.00      4392
           6       0.80      0.41      0.54     11089
           7       0.59      0.23      0.33     22288
           8       0.00      0.00      0.00      1971
           9       0.56      0.95      0.71     60017

   micro avg       0.60      0.60      0.60    129342
   macro avg       0.34      0.24      0.24    129342
weighted avg       0.57      0.60      0.52    129342
 samples avg       0.60      0.60      0.60    129342


[[   29     0     0     3     0     0     3   120     0  8108]
 [    0     0     0   230     0     0    43   314     0  3381]
 [    0     0     0     5     0     0    14    36     0   995]
 [    3     0     0 11300     0     0    33  1039     0  2166]
 [    0     0     0    14     0     0     2    37     0  1710]
 [    0     0     0    60     0     0    13   285     0  4034]
 [    0     0     0   213     0     0  4492   118     0  6266]
 [    4     0     0   814     0     0    90  5154     0 16226]
 [    0     0     0    59     0     0    11   254     0  1647]
 [    9     0     0   490     0     0   941  1419     0 57158]]

Results of Validation Set

--------------------
Accuracy: 0.5926613165097184, F1 Score: 0.23250865120778172, Precision: 0.34965892544769367, Recall: 0.23104326495863098

              precision    recall  f1-score   support

           0       0.78      0.00      0.00      2797
           1       0.00      0.00      0.00      1370
           2       0.00      0.00      0.00       371
           3       0.84      0.76      0.80      4733
           4       0.00      0.00      0.00       600
           5       0.00      0.00      0.00      1417
           6       0.76      0.38      0.51      3795
           7       0.56      0.22      0.31      7454
           8       0.00      0.00      0.00       665
           9       0.55      0.95      0.70     19912

   micro avg       0.59      0.59      0.59     43114
   macro avg       0.35      0.23      0.23     43114
weighted avg       0.56      0.59      0.51     43114
 samples avg       0.59      0.59      0.59     43114


[[    7     0     0     3     0     0     2    43     0  2742]
 [    0     0     0    89     0     0    25   115     0  1141]
 [    0     0     0     1     0     0     5    10     0   355]
 [    0     0     0  3593     0     0    21   357     0   762]
 [    0     0     0     3     0     0     0    18     0   579]
 [    0     0     0    10     0     0     2   103     0  1302]
 [    0     0     0    86     0     0  1454    37     0  2218]
 [    1     0     0   294     0     0    28  1623     0  5508]
 [    0     0     0    20     0     0     2    96     0   547]
 [    1     0     0   198     0     0   366   472     0 18875]]

Results of Test Set

--------------------
Accuracy: 0.5933803404926474, F1 Score: 0.23266897142756413, Precision: 0.32942749439062086, Recall: 0.23143636473027782

              precision    recall  f1-score   support

           0       0.58      0.00      0.00      2795
           1       0.00      0.00      0.00      1321
           2       0.00      0.00      0.00       355
           3       0.84      0.77      0.80      4700
           4       0.00      0.00      0.00       585
           5       0.00      0.00      0.00      1504
           6       0.75      0.38      0.51      3669
           7       0.56      0.22      0.31      7506
           8       0.00      0.00      0.00       666
           9       0.56      0.95      0.70     20013

   micro avg       0.59      0.59      0.59     43114
   macro avg       0.33      0.23      0.23     43114
weighted avg       0.55      0.59      0.51     43114
 samples avg       0.59      0.59      0.59     43114


[[    7     0     0     4     0     0     1    49     0  2734]
 [    0     0     0    66     0     0    21   122     0  1112]
 [    0     0     0     2     0     0     5     8     0   340]
 [    0     0     0  3612     0     0    18   354     0   716]
 [    0     0     0     4     0     0     5    14     0   562]
 [    0     0     0    17     0     0     9    81     0  1397]
 [    0     0     0    73     0     0  1399    45     0  2152]
 [    1     0     0   306     0     0    29  1615     0  5555]
 [    0     0     0    19     0     0     4    98     0   545]
 [    4     0     0   186     0     0   362   511     0 18950]]

