Title: Fully Connected - Words: 2000, Batch: 32, Epochs: 2, Outputs: 32

Results of Training Set

--------------------
Accuracy: 0.6202934854880858, F1 Score: 0.283420973516447, Precision: 0.4184500542793316, Recall: 0.2659393154587523

              precision    recall  f1-score   support

           0       0.65      0.12      0.21      8263
           1       0.00      0.00      0.00      3968
           2       0.00      0.00      0.00      1050
           3       0.84      0.81      0.83     14541
           4       0.00      0.00      0.00      1763
           5       0.72      0.08      0.15      4392
           6       0.80      0.44      0.57     11089
           7       0.60      0.26      0.37     22288
           8       0.00      0.00      0.00      1971
           9       0.58      0.94      0.72     60017

   micro avg       0.62      0.62      0.62    129342
   macro avg       0.42      0.27      0.28    129342
weighted avg       0.60      0.62      0.56    129342
 samples avg       0.62      0.62      0.62    129342


[[ 1030     0     0     7     0    32     4   119     0  7071]
 [    4     0     0   240     0     2    55   431     0  3236]
 [    9     0     0     5     0     1    19    48     0   968]
 [   12     0     0 11752     0     2    32   872     0  1871]
 [    2     0     0    18     0     0     4    40     0  1699]
 [   81     0     0    66     0   366     9   315     0  3555]
 [    1     0     0   229     0     0  4887   155     0  5817]
 [   70     0     0   966     0    44   112  5893     0 15203]
 [    5     0     0    70     0     3    12   256     0  1625]
 [  382     0     0   566     0    58   996  1713     0 56302]]

Results of Validation Set

--------------------
Accuracy: 0.6037250081180127, F1 Score: 0.2684484105570008, Precision: 0.391458737364346, Recall: 0.25447705583894414

              precision    recall  f1-score   support

           0       0.61      0.11      0.19      2797
           1       0.00      0.00      0.00      1370
           2       0.00      0.00      0.00       371
           3       0.82      0.79      0.80      4733
           4       0.00      0.00      0.00       600
           5       0.60      0.06      0.12      1417
           6       0.75      0.41      0.53      3795
           7       0.57      0.25      0.35      7454
           8       0.00      0.00      0.00       665
           9       0.57      0.93      0.71     19912

   micro avg       0.60      0.60      0.60     43114
   macro avg       0.39      0.25      0.27     43114
weighted avg       0.58      0.60      0.54     43114
 samples avg       0.60      0.60      0.60     43114


[[  310     0     0     6     0    16     3    47     0  2415]
 [    1     0     0   102     0     1    25   149     0  1092]
 [    4     0     0     3     0     0     7    17     0   340]
 [    2     0     0  3716     0     0    18   301     0   696]
 [    2     0     0     3     0     0     0    20     0   575]
 [   22     0     0    14     0    91     1   119     0  1170]
 [    2     0     0    94     0     0  1538    52     0  2109]
 [   36     0     0   342     0    17    41  1860     0  5158]
 [    4     0     0    25     0     3     1   108     0   524]
 [  126     0     0   221     0    24   410   617     0 18514]]

Results of Test Set

--------------------
Accuracy: 0.6027508465927541, F1 Score: 0.265863132959763, Precision: 0.3853065992243791, Recall: 0.2533661550306274

              precision    recall  f1-score   support

           0       0.59      0.11      0.18      2795
           1       0.00      0.00      0.00      1321
           2       0.00      0.00      0.00       355
           3       0.82      0.79      0.81      4700
           4       0.00      0.00      0.00       585
           5       0.58      0.06      0.10      1504
           6       0.74      0.41      0.52      3669
           7       0.56      0.24      0.34      7506
           8       0.00      0.00      0.00       666
           9       0.57      0.93      0.71     20013

   micro avg       0.60      0.60      0.60     43114
   macro avg       0.39      0.25      0.27     43114
weighted avg       0.57      0.60      0.53     43114
 samples avg       0.60      0.60      0.60     43114


[[  301     0     0     3     0    13     3    60     0  2415]
 [    0     0     0    83     0     1    23   149     0  1065]
 [    3     0     0     3     0     1     5    12     0   331]
 [    5     0     0  3730     0     1    14   292     0   658]
 [    0     0     0     6     0     0     5    15     0   559]
 [   25     0     0    17     0    86     7   107     0  1262]
 [    1     0     0    81     0     0  1492    54     0  2041]
 [   43     0     0   375     0    19    39  1805     0  5225]
 [    2     0     0    27     0     3     2    94     0   538]
 [  132     0     0   229     0    25   431   623     0 18573]]

