Title: Fully Connected - Words: 2000, Batch: 64, Epochs: 2, Outputs: 32

Results of Training Set

--------------------
Accuracy: 0.6165669310819378, F1 Score: 0.27220019086879044, Precision: 0.4284220618860661, Recall: 0.25645348305002036

              precision    recall  f1-score   support

           0       0.69      0.08      0.15      8263
           1       0.00      0.00      0.00      3968
           2       0.00      0.00      0.00      1050
           3       0.87      0.79      0.82     14541
           4       0.00      0.00      0.00      1763
           5       0.74      0.06      0.11      4392
           6       0.81      0.43      0.56     11089
           7       0.60      0.27      0.37     22288
           8       0.00      0.00      0.00      1971
           9       0.57      0.95      0.71     60017

   micro avg       0.62      0.62      0.62    129342
   macro avg       0.43      0.26      0.27    129342
weighted avg       0.61      0.62      0.55    129342
 samples avg       0.62      0.62      0.62    129342


[[  685     0     0     4     0    13     8   134     0  7419]
 [    2     0     0   202     0     2    47   381     0  3334]
 [    6     0     0     4     0     1    11    42     0   986]
 [   12     0     0 11426     0     1    35   981     0  2086]
 [    0     0     0    14     0     0     6    45     0  1698]
 [   29     0     0    50     0   259     8   302     0  3744]
 [    1     0     0   210     0     0  4722   146     0  6010]
 [   36     0     0   731     0    28   110  5924     0 15459]
 [    2     0     0    62     0     3    10   235     0  1659]
 [  222     0     0   462     0    41   853  1707     0 56732]]

Results of Validation Set

--------------------
Accuracy: 0.5989933664238994, F1 Score: 0.2576086069618581, Precision: 0.39527081167443495, Recall: 0.24484952647333738

              precision    recall  f1-score   support

           0       0.65      0.08      0.14      2797
           1       0.00      0.00      0.00      1370
           2       0.00      0.00      0.00       371
           3       0.83      0.75      0.79      4733
           4       0.00      0.00      0.00       600
           5       0.58      0.05      0.09      1417
           6       0.77      0.39      0.51      3795
           7       0.56      0.25      0.34      7454
           8       0.00      0.00      0.00       665
           9       0.56      0.94      0.70     19912

   micro avg       0.60      0.60      0.60     43114
   macro avg       0.40      0.24      0.26     43114
weighted avg       0.58      0.60      0.53     43114
 samples avg       0.60      0.60      0.60     43114


[[  212     0     0     4     0     8     4    51     0  2518]
 [    1     0     0    92     0     1    27   141     0  1108]
 [    2     0     0     1     0     0     5    17     0   346]
 [    2     0     0  3566     0     0    21   347     0   797]
 [    0     0     0     4     0     0     1    18     0   577]
 [   12     0     0    12     0    68     2   119     0  1204]
 [    1     0     0    80     0     1  1472    46     0  2195]
 [   12     0     0   292     0    17    37  1829     0  5267]
 [    3     0     0    21     0     2     1    98     0   540]
 [   81     0     0   201     0    21   352   579     0 18678]]

Results of Test Set

--------------------
Accuracy: 0.6022869601521548, F1 Score: 0.258785040234938, Precision: 0.39565578269705887, Recall: 0.24660699441592387

              precision    recall  f1-score   support

           0       0.60      0.07      0.12      2795
           1       0.00      0.00      0.00      1321
           2       0.00      0.00      0.00       355
           3       0.85      0.77      0.80      4700
           4       0.00      0.00      0.00       585
           5       0.61      0.05      0.08      1504
           6       0.77      0.40      0.52      3669
           7       0.57      0.25      0.35      7506
           8       0.00      0.00      0.00       666
           9       0.56      0.94      0.71     20013

   micro avg       0.60      0.60      0.60     43114
   macro avg       0.40      0.25      0.26     43114
weighted avg       0.58      0.60      0.53     43114
 samples avg       0.60      0.60      0.60     43114


[[  194     0     0     2     0     6     4    55     0  2534]
 [    2     0     0    62     0     0    22   138     0  1097]
 [    2     0     0     4     0     0     5    14     0   330]
 [    5     0     0  3605     0     0    15   348     0   727]
 [    0     0     0     5     0     0     3    17     0   560]
 [   16     0     0    17     0    68     8    91     0  1304]
 [    0     0     0    69     0     0  1461    56     0  2083]
 [   21     0     0   301     0    17    32  1861     0  5274]
 [    2     0     0    19     0     2     2    88     0   553]
 [   83     0     0   181     0    18   351   602     0 18778]]

