Title: Fully Connected - Words: 1000, Batch: 64, Epochs: 2, Outputs: 10

Results of Training Set

--------------------
Accuracy: 0.5765335312582146, F1 Score: 0.20810211442906806, Precision: 0.274336733977257, Recall: 0.20823933816447954

              precision    recall  f1-score   support

           0       0.00      0.00      0.00      8263
           1       0.00      0.00      0.00      3968
           2       0.00      0.00      0.00      1050
           3       0.87      0.72      0.79     14541
           4       0.00      0.00      0.00      1763
           5       0.00      0.00      0.00      4392
           6       0.79      0.26      0.39     11089
           7       0.55      0.13      0.21     22288
           8       0.00      0.00      0.00      1971
           9       0.54      0.97      0.69     60017

   micro avg       0.58      0.58      0.58    129342
   macro avg       0.27      0.21      0.21    129342
weighted avg       0.51      0.58      0.48    129342
 samples avg       0.58      0.58      0.58    129342


[[    0     0     0     3     0     0     2    23     0  8235]
 [    0     0     0   143     0     0    26   206     0  3593]
 [    0     0     0     4     0     0    10    26     0  1010]
 [    0     0     0 10467     0     0    34  1115     0  2925]
 [    0     0     0    10     0     0     3    28     0  1722]
 [    0     0     0    42     0     0     2   127     0  4221]
 [    0     0     0   205     0     0  2918    65     0  7901]
 [    0     0     0   718     0     0    51  2835     0 18684]
 [    0     0     0    52     0     0    10   140     0  1769]
 [    0     0     0   416     0     0   640   611     0 58350]]

Results of Validation Set

--------------------
Accuracy: 0.5703251843948601, F1 Score: 0.20605197674594494, Precision: 0.2710847567477141, Recall: 0.20643619813807884

              precision    recall  f1-score   support

           0       0.00      0.00      0.00      2797
           1       0.00      0.00      0.00      1370
           2       0.00      0.00      0.00       371
           3       0.86      0.71      0.78      4733
           4       0.00      0.00      0.00       600
           5       0.00      0.00      0.00      1417
           6       0.78      0.26      0.39      3795
           7       0.53      0.13      0.21      7454
           8       0.00      0.00      0.00       665
           9       0.53      0.97      0.69     19912

   micro avg       0.57      0.57      0.57     43114
   macro avg       0.27      0.21      0.21     43114
weighted avg       0.50      0.57      0.47     43114
 samples avg       0.57      0.57      0.57     43114


[[    0     0     0     2     0     0     1    11     0  2783]
 [    0     0     0    55     0     0    16    67     0  1232]
 [    0     0     0     0     0     0     3     5     0   363]
 [    0     0     0  3358     0     0    17   359     0   999]
 [    0     0     0     2     0     0     0    13     0   585]
 [    0     0     0     8     0     0     0    51     0  1358]
 [    0     0     0    76     0     0   981    28     0  2710]
 [    0     0     0   227     0     0    16   946     0  6265]
 [    0     0     0    17     0     0     2    47     0   599]
 [    0     0     0   142     0     0   223   243     0 19304]]

Results of Test Set

--------------------
Accuracy: 0.5708586538015494, F1 Score: 0.20488827750633223, Precision: 0.26971063411002927, Recall: 0.20567471811262988

              precision    recall  f1-score   support

           0       0.00      0.00      0.00      2795
           1       0.00      0.00      0.00      1321
           2       0.00      0.00      0.00       355
           3       0.87      0.71      0.78      4700
           4       0.00      0.00      0.00       585
           5       0.00      0.00      0.00      1504
           6       0.77      0.25      0.38      3669
           7       0.53      0.12      0.20      7506
           8       0.00      0.00      0.00       666
           9       0.53      0.97      0.69     20013

   micro avg       0.57      0.57      0.57     43114
   macro avg       0.27      0.21      0.20     43114
weighted avg       0.50      0.57      0.47     43114
 samples avg       0.57      0.57      0.57     43114


[[    0     0     0     1     0     0     1    14     0  2779]
 [    0     0     0    40     0     0    14    73     0  1194]
 [    0     0     0     2     0     0     4     8     0   341]
 [    0     0     0  3344     0     0    16   390     0   950]
 [    0     0     0     2     0     0     3    12     0   568]
 [    0     0     0    13     0     0     2    37     0  1452]
 [    0     0     0    67     0     0   929    19     0  2654]
 [    0     0     0   234     0     0    15   910     0  6347]
 [    0     0     0    15     0     0     3    46     0   602]
 [    0     0     0   147     0     0   220   217     0 19429]]

