Title: Fully Connected - Words: 2000, Batch: 128, Epochs: 2, Outputs: 32

Results of Training Set

--------------------
Accuracy: 0.6189714091323777, F1 Score: 0.2844230312395606, Precision: 0.3865490156370557, Recall: 0.2684932239645733

              precision    recall  f1-score   support

           0       0.56      0.13      0.20      8263
           1       0.00      0.00      0.00      3968
           2       0.00      0.00      0.00      1050
           3       0.84      0.80      0.82     14541
           4       0.00      0.00      0.00      1763
           5       0.54      0.08      0.15      4392
           6       0.75      0.47      0.58     11089
           7       0.58      0.28      0.38     22288
           8       0.00      0.00      0.00      1971
           9       0.58      0.93      0.72     60017

   micro avg       0.62      0.62      0.62    129342
   macro avg       0.39      0.27      0.28    129342
weighted avg       0.58      0.62      0.56    129342
 samples avg       0.62      0.62      0.62    129342


[[ 1034     0     0     7     0    81    15   213     0  6913]
 [    6     0     0   242     0     6    80   381     0  3253]
 [   21     0     0     6     0    14    26    59     0   924]
 [   17     0     0 11597     0     3    62   932     0  1930]
 [    6     0     0    18     0     2     7    52     0  1678]
 [  159     0     0    64     0   371    18   391     0  3389]
 [    2     0     0   231     0     0  5231   156     0  5469]
 [  128     0     0   966     0    93   149  6237     0 14715]
 [   19     0     0    68     0    13    18   309     0  1544]
 [  445     0     0   541     0   102  1341  1999     0 55589]]

Results of Validation Set

--------------------
Accuracy: 0.6059980516769495, F1 Score: 0.27485630435732133, Precision: 0.37081026138428724, Recall: 0.26084205806360783

              precision    recall  f1-score   support

           0       0.56      0.13      0.21      2797
           1       0.00      0.00      0.00      1370
           2       0.00      0.00      0.00       371
           3       0.82      0.78      0.80      4733
           4       0.00      0.00      0.00       600
           5       0.46      0.07      0.12      1417
           6       0.73      0.45      0.55      3795
           7       0.56      0.26      0.36      7454
           8       0.00      0.00      0.00       665
           9       0.57      0.92      0.71     19912

   micro avg       0.61      0.61      0.61     43114
   macro avg       0.37      0.26      0.27     43114
weighted avg       0.57      0.61      0.54     43114
 samples avg       0.61      0.61      0.61     43114


[[  351     0     0     4     0    24     6    67     0  2345]
 [    1     0     0    97     0     2    29   148     0  1093]
 [    7     0     0     1     0     3     7    19     0   334]
 [    3     0     0  3704     0     0    22   297     0   707]
 [    3     0     0     2     0     0     2    24     0   569]
 [   53     0     0    12     0   102     4   146     0  1100]
 [    2     0     0    90     0     1  1689    53     0  1960]
 [   54     0     0   362     0    32    46  1963     0  4997]
 [    6     0     0    23     0    10     4   120     0   502]
 [  144     0     0   229     0    47   494   680     0 18318]]

Results of Test Set

--------------------
Accuracy: 0.6040961172704922, F1 Score: 0.27156516841415, Precision: 0.3701402088409462, Recall: 0.2585107316443803

              precision    recall  f1-score   support

           0       0.53      0.11      0.18      2795
           1       0.00      0.00      0.00      1321
           2       0.00      0.00      0.00       355
           3       0.82      0.78      0.80      4700
           4       0.00      0.00      0.00       585
           5       0.52      0.07      0.13      1504
           6       0.71      0.44      0.55      3669
           7       0.55      0.26      0.35      7506
           8       0.00      0.00      0.00       666
           9       0.57      0.92      0.71     20013

   micro avg       0.60      0.60      0.60     43114
   macro avg       0.37      0.26      0.27     43114
weighted avg       0.56      0.60      0.54     43114
 samples avg       0.60      0.60      0.60     43114


[[  300     0     0     4     0    21     7    93     0  2370]
 [    2     0     0    73     0     1    29   151     0  1065]
 [   13     0     0     4     0     2     8    14     0   314]
 [    3     0     0  3674     0     1    23   324     0   675]
 [    1     0     0     6     0     0     6    18     0   554]
 [   48     0     0    16     0   112    10   122     0  1196]
 [    0     0     0    74     0     1  1629    61     0  1904]
 [   54     0     0   380     0    40    44  1943     0  5045]
 [    3     0     0    18     0     4     6   120     0   515]
 [  147     0     0   218     0    34   519   708     0 18387]]

