Title: Fully Connected - Words: 2000, Batch: 32, Epochs: 2, Outputs: 64

Results of Training Set

--------------------
Accuracy: 0.6308082448083376, F1 Score: 0.31366516654440507, Precision: 0.6112230623141552, Recall: 0.28755671487459583

              precision    recall  f1-score   support

           0       0.64      0.23      0.34      8263
           1       0.00      0.00      0.00      3968
           2       0.96      0.03      0.05      1050
           3       0.86      0.80      0.83     14541
           4       0.00      0.00      0.00      1763
           5       0.65      0.13      0.22      4392
           6       0.79      0.49      0.60     11089
           7       0.62      0.28      0.38     22288
           8       1.00      0.00      0.00      1971
           9       0.59      0.93      0.72     60017

   micro avg       0.63      0.63      0.63    129342
   macro avg       0.61      0.29      0.31    129342
weighted avg       0.63      0.63      0.57    129342
 samples avg       0.63      0.63      0.63    129342


[[ 1882     0     0     6     0    55    13   137     0  6170]
 [   11     0     0   209     0     5    76   410     0  3257]
 [   30     0    27     6     0     5    19    45     0   918]
 [   17     0     0 11581     0     5    38   805     0  2095]
 [    5     0     0    20     0     2     7    37     0  1692]
 [  130     0     0    61     0   569    14   281     0  3337]
 [    2     0     1   222     0     1  5394   151     0  5318]
 [  160     0     0   809     0    85   151  6164     0 14919]
 [   14     0     0    63     0    14    13   273     1  1593]
 [  687     0     0   447     0   136  1095  1680     0 55972]]

Results of Validation Set

--------------------
Accuracy: 0.6080391520155866, F1 Score: 0.291030304160229, Precision: 0.48466641119678444, Recall: 0.2697805560691783

              precision    recall  f1-score   support

           0       0.57      0.19      0.29      2797
           1       0.00      0.00      0.00      1370
           2       1.00      0.02      0.04       371
           3       0.84      0.77      0.80      4733
           4       0.00      0.00      0.00       600
           5       0.56      0.11      0.18      1417
           6       0.73      0.43      0.54      3795
           7       0.58      0.25      0.35      7454
           8       0.00      0.00      0.00       665
           9       0.57      0.92      0.71     19912

   micro avg       0.61      0.61      0.61     43114
   macro avg       0.48      0.27      0.29     43114
weighted avg       0.58      0.61      0.55     43114
 samples avg       0.61      0.61      0.61     43114


[[  538     0     0     4     0    23     3    50     0  2179]
 [    1     0     0    88     0     2    38   149     0  1092]
 [   10     0     7     2     0     2     8    12     0   330]
 [    4     0     0  3642     0     0    16   292     0   779]
 [    5     0     0     3     0     0     2    23     0   567]
 [   40     0     0    12     0   154     4   116     0  1091]
 [    6     0     0    81     0     1  1650    50     0  2007]
 [   83     0     0   307     0    37    58  1882     0  5087]
 [    5     0     0    20     0     7     1    97     0   535]
 [  255     0     0   195     0    47   492   581     0 18342]]

Results of Test Set

--------------------
Accuracy: 0.609871503455954, F1 Score: 0.29021649685421413, Precision: 0.4852067279194359, Recall: 0.26955766425503574

              precision    recall  f1-score   support

           0       0.57      0.20      0.29      2795
           1       0.00      0.00      0.00      1321
           2       1.00      0.02      0.03       355
           3       0.84      0.77      0.80      4700
           4       0.00      0.00      0.00       585
           5       0.56      0.10      0.17      1504
           6       0.73      0.44      0.55      3669
           7       0.58      0.25      0.35      7506
           8       0.00      0.00      0.00       666
           9       0.58      0.92      0.71     20013

   micro avg       0.61      0.61      0.61     43114
   macro avg       0.49      0.27      0.29     43114
weighted avg       0.59      0.61      0.55     43114
 samples avg       0.61      0.61      0.61     43114


[[  549     0     0     3     0    19     6    60     0  2158]
 [    3     0     0    72     0     0    32   137     0  1077]
 [   12     0     6     4     0     2     8    15     0   308]
 [    7     0     0  3634     0     0    17   288     0   754]
 [    5     0     0     5     0     0     4    14     0   557]
 [   46     0     0    18     0   146    10   101     0  1183]
 [    0     0     0    73     0     1  1606    55     0  1934]
 [   80     1     0   330     0    41    44  1889     0  5121]
 [    3     0     0    19     0     4     4    99     0   537]
 [  261     0     0   191     0    49   456   592     0 18464]]

