Title: Fully Connected - Words: 2000, Batch: 64, Epochs: 2, Outputs: 64

Results of Training Set

--------------------
Accuracy: 0.6284424239612809, F1 Score: 0.3075812680229608, Precision: 0.5174651498841343, Recall: 0.28445597995021016

              precision    recall  f1-score   support

           0       0.61      0.22      0.32      8263
           1       0.00      0.00      0.00      3968
           2       1.00      0.02      0.03      1050
           3       0.86      0.80      0.83     14541
           4       0.00      0.00      0.00      1763
           5       0.74      0.12      0.21      4392
           6       0.77      0.50      0.60     11089
           7       0.62      0.26      0.37     22288
           8       0.00      0.00      0.00      1971
           9       0.59      0.93      0.72     60017

   micro avg       0.63      0.63      0.63    129342
   macro avg       0.52      0.28      0.31    129342
weighted avg       0.61      0.63      0.57    129342
 samples avg       0.63      0.63      0.63    129342


[[ 1786     0     0     4     0    22    13   143     0  6295]
 [   12     0     0   212     0     5    85   387     0  3267]
 [   32     0    16     5     0     4    24    40     0   929]
 [   23     0     0 11645     0     2    64   829     0  1978]
 [    4     0     0    18     0     2     8    36     0  1695]
 [  149     0     0    58     0   526    18   299     0  3342]
 [    3     0     0   205     0     1  5520   137     0  5223]
 [  211     0     0   840     0    62   167  5858     0 15150]
 [   20     0     0    61     0     8    17   271     0  1594]
 [  708     0     0   492     0    78  1289  1517     0 55933]]

Results of Validation Set

--------------------
Accuracy: 0.6074592939648374, F1 Score: 0.28671643548504244, Precision: 0.4857473851228639, Recall: 0.26850388573626816

              precision    recall  f1-score   support

           0       0.54      0.19      0.28      2797
           1       0.00      0.00      0.00      1370
           2       1.00      0.01      0.02       371
           3       0.83      0.77      0.80      4733
           4       0.00      0.00      0.00       600
           5       0.61      0.09      0.16      1417
           6       0.72      0.46      0.56      3795
           7       0.57      0.24      0.34      7454
           8       0.00      0.00      0.00       665
           9       0.57      0.92      0.71     19912

   micro avg       0.61      0.61      0.61     43114
   macro avg       0.49      0.27      0.29     43114
weighted avg       0.58      0.61      0.55     43114
 samples avg       0.61      0.61      0.61     43114


[[  525     0     0     4     0    11     4    59     0  2194]
 [    3     0     0    86     0     2    33   146     0  1100]
 [   12     0     3     2     0     0     7    13     0   334]
 [    6     0     0  3668     0     0    32   297     0   730]
 [    4     0     0     3     0     0     0    16     0   577]
 [   44     0     0    14     0   129     4   106     0  1120]
 [    3     0     0    81     0     1  1744    42     0  1924]
 [   91     0     0   321     0    27    56  1825     0  5134]
 [    9     0     0    24     0     5     3    96     0   528]
 [  276     0     0   200     0    35   529   576     0 18296]]

Results of Test Set

--------------------
Accuracy: 0.6082479009138563, F1 Score: 0.2859403536179291, Precision: 0.48595399804635847, Recall: 0.26788287739464695

              precision    recall  f1-score   support

           0       0.55      0.18      0.27      2795
           1       0.00      0.00      0.00      1321
           2       1.00      0.01      0.03       355
           3       0.84      0.78      0.81      4700
           4       0.00      0.00      0.00       585
           5       0.62      0.09      0.15      1504
           6       0.71      0.46      0.55      3669
           7       0.57      0.24      0.34      7506
           8       0.00      0.00      0.00       666
           9       0.58      0.92      0.71     20013

   micro avg       0.61      0.61      0.61     43114
   macro avg       0.49      0.27      0.29     43114
weighted avg       0.58      0.61      0.55     43114
 samples avg       0.61      0.61      0.61     43114


[[  512     0     0     4     0     9     7    68     0  2195]
 [    1     0     0    71     0     0    37   148     0  1064]
 [   14     0     5     4     0     1     7    13     0   311]
 [   12     0     0  3663     0     0    29   315     0   681]
 [    2     0     0     5     0     0     7    15     0   556]
 [   52     0     0    17     0   128    11    97     0  1199]
 [    2     0     0    70     0     0  1673    48     0  1876]
 [   82     0     0   337     0    35    50  1797     0  5205]
 [    5     0     0    18     0     4     5    94     0   540]
 [  250     0     0   185     0    29   539   564     0 18446]]

