Title: Fully Connected - Words: 2000, Batch: 128, Epochs: 2, Outputs: 64

Results of Training Set

--------------------
Accuracy: 0.6343105874348626, F1 Score: 0.31602302709128816, Precision: 0.3957969179981935, Recall: 0.29488315994807895

              precision    recall  f1-score   support

           0       0.58      0.25      0.35      8263
           1       0.00      0.00      0.00      3968
           2       0.00      0.00      0.00      1050
           3       0.86      0.80      0.83     14541
           4       0.00      0.00      0.00      1763
           5       0.60      0.14      0.22      4392
           6       0.74      0.52      0.61     11089
           7       0.57      0.34      0.43     22288
           8       0.00      0.00      0.00      1971
           9       0.60      0.91      0.72     60017

   micro avg       0.63      0.63      0.63    129342
   macro avg       0.40      0.29      0.32    129342
weighted avg       0.60      0.63      0.59    129342
 samples avg       0.63      0.63      0.63    129342


[[ 2070     0     0     6     0    79    21   308     0  5779]
 [   10     0     0   221     0     5   121   529     0  3082]
 [   44     0     0     5     0    14    33    67     0   887]
 [   29     0     0 11561     0     6    64  1080     0  1801]
 [    9     0     0    16     0     2    14    65     0  1657]
 [  195     0     0    59     0   594    23   558     0  2963]
 [    5     0     0   209     0     0  5759   201     0  4915]
 [  251     0     0   749     0   134   214  7610     0 13330]
 [   36     0     0    63     0    16    17   397     0  1442]
 [  917     0     0   502     0   138  1551  2460     0 54449]]

Results of Validation Set

--------------------
Accuracy: 0.6110776082015122, F1 Score: 0.29707815031220675, Precision: 0.3692067180617823, Recall: 0.27885563355533316

              precision    recall  f1-score   support

           0       0.52      0.22      0.31      2797
           1       0.00      0.00      0.00      1370
           2       0.00      0.00      0.00       371
           3       0.84      0.77      0.80      4733
           4       0.00      0.00      0.00       600
           5       0.52      0.12      0.19      1417
           6       0.70      0.48      0.57      3795
           7       0.54      0.31      0.39      7454
           8       0.00      0.00      0.00       665
           9       0.59      0.89      0.71     19912

   micro avg       0.61      0.61      0.61     43114
   macro avg       0.37      0.28      0.30     43114
weighted avg       0.57      0.61      0.56     43114
 samples avg       0.61      0.61      0.61     43114


[[  607     0     0     3     0    23    10   107     0  2047]
 [    2     0     0    90     0     2    43   190     0  1043]
 [   19     0     0     1     0     3    10    24     0   314]
 [    9     0     0  3628     0     1    35   384     0   676]
 [    4     0     0     2     0     1     5    29     0   559]
 [   64     0     0    10     0   169     9   185     0   980]
 [    5     0     0    83     0     1  1821    68     0  1817]
 [  110     0     0   295     0    43    69  2328     0  4609]
 [   10     0     0    22     0    10     6   140     0   477]
 [  348     0     0   199     0    71   612   889     0 17793]]

Results of Test Set

--------------------
Accuracy: 0.6131882915062393, F1 Score: 0.29497124107848643, Precision: 0.3696644374759078, Recall: 0.2777702209376458

              precision    recall  f1-score   support

           0       0.51      0.22      0.31      2795
           1       0.00      0.00      0.00      1321
           2       0.00      0.00      0.00       355
           3       0.84      0.77      0.81      4700
           4       0.00      0.00      0.00       585
           5       0.52      0.10      0.16      1504
           6       0.69      0.48      0.57      3669
           7       0.54      0.32      0.40      7506
           8       0.00      0.00      0.00       666
           9       0.59      0.90      0.71     20013

   micro avg       0.61      0.61      0.61     43114
   macro avg       0.37      0.28      0.29     43114
weighted avg       0.57      0.61      0.56     43114
 samples avg       0.61      0.61      0.61     43114


[[  611     0     0     4     0    21    10   112     0  2037]
 [    4     0     0    66     0     1    41   190     0  1019]
 [   21     0     0     3     0     3     9    27     0   292]
 [   10     0     0  3625     0     0    27   403     0   635]
 [    2     0     0     5     0     0     8    23     0   547]
 [   77     0     0    17     0   145    16   188     0  1061]
 [    2     0     0    68     0     0  1763    78     0  1758]
 [   97     0     0   308     0    49    63  2365     0  4624]
 [    7     0     0    16     0     6     6   148     0   483]
 [  356     0     0   193     0    52   615   869     0 17928]]

