Title: Fully Connected - Words: 2000, Batch: 32, Epochs: 2, Outputs: 128

Results of Training Set

--------------------
Accuracy: 0.6424440630267044, F1 Score: 0.3351947455539167, Precision: 0.7015835432534769, Recall: 0.30478532369106315

              precision    recall  f1-score   support

           0       0.69      0.21      0.32      8263
           1       0.84      0.00      0.01      3968
           2       0.97      0.03      0.05      1050
           3       0.87      0.80      0.83     14541
           4       0.00      0.00      0.00      1763
           5       0.63      0.25      0.36      4392
           6       0.79      0.50      0.62     11089
           7       0.62      0.32      0.42     22288
           8       1.00      0.01      0.01      1971
           9       0.60      0.93      0.73     60017

   micro avg       0.64      0.64      0.64    129342
   macro avg       0.70      0.30      0.34    129342
weighted avg       0.67      0.64      0.59    129342
 samples avg       0.64      0.64      0.64    129342


[[ 1712     0     0     4     0   133    12   183     0  6219]
 [    5    16     0   197     0    10    78   491     0  3171]
 [   38     0    28     3     0     9    24    56     0   892]
 [   20     1     0 11613     0     5    51   919     0  1932]
 [    2     0     0    19     0     1     9    42     0  1690]
 [   83     0     0    44     0  1098    12   337     0  2818]
 [    3     0     0   200     0     4  5581   206     0  5095]
 [  145     2     0   752     0   182   154  7115     0 13938]
 [   11     0     0    66     0    26    15   279    14  1560]
 [  466     0     1   420     0   262  1104  1846     0 55918]]

Results of Validation Set

--------------------
Accuracy: 0.6122141299809807, F1 Score: 0.3017263259053468, Precision: 0.5666972483200267, Recall: 0.2787910883473412

              precision    recall  f1-score   support

           0       0.60      0.16      0.26      2797
           1       0.00      0.00      0.00      1370
           2       0.83      0.01      0.03       371
           3       0.84      0.76      0.80      4733
           4       0.00      0.00      0.00       600
           5       0.53      0.20      0.29      1417
           6       0.73      0.44      0.55      3795
           7       0.56      0.28      0.38      7454
           8       1.00      0.00      0.00       665
           9       0.58      0.92      0.71     19912

   micro avg       0.61      0.61      0.61     43114
   macro avg       0.57      0.28      0.30     43114
weighted avg       0.60      0.61      0.56     43114
 samples avg       0.61      0.61      0.61     43114


[[  456     0     0     3     0    52     9    73     0  2204]
 [    1     0     0    85     0     2    33   185     0  1064]
 [   10     0     5     3     0     4    10    20     0   319]
 [    6     0     0  3618     0     4    27   332     0   746]
 [    1     0     0     4     0     0     4    26     0   565]
 [   24     0     0    11     0   286     4   130     0   962]
 [    6     0     0    83     0     1  1685    60     0  1960]
 [   54     1     1   295     0    75    56  2120     0  4852]
 [    6     0     0    21     0    14     2   109     1   512]
 [  199     1     0   184     0   106   488   710     0 18224]]

Results of Test Set

--------------------
Accuracy: 0.6115414946421116, F1 Score: 0.29967857571661644, Precision: 0.6120255441026308, Recall: 0.27688708981645255

              precision    recall  f1-score   support

           0       0.58      0.16      0.25      2795
           1       0.33      0.00      0.00      1321
           2       1.00      0.01      0.03       355
           3       0.85      0.77      0.81      4700
           4       0.00      0.00      0.00       585
           5       0.50      0.18      0.26      1504
           6       0.72      0.44      0.55      3669
           7       0.55      0.28      0.37      7506
           8       1.00      0.01      0.01       666
           9       0.58      0.91      0.71     20013

   micro avg       0.61      0.61      0.61     43114
   macro avg       0.61      0.28      0.30     43114
weighted avg       0.61      0.61      0.56     43114
 samples avg       0.61      0.61      0.61     43114


[[  456     0     0     2     0    56    10    77     0  2194]
 [    4     1     0    62     0     3    30   177     0  1044]
 [   12     0     5     2     0     7     8    16     0   305]
 [    7     1     0  3623     0     1    18   351     0   699]
 [    2     0     0     5     0     1     5    18     0   554]
 [   31     0     0    16     0   266     9   121     0  1061]
 [    1     0     0    64     0     1  1630    76     0  1897]
 [   63     1     0   313     0    73    45  2096     0  4915]
 [    6     0     0    19     0    10     5   102     4   520]
 [  203     0     0   168     0   114   493   750     0 18285]]

