Title: Fully Connected - Words: 2000, Batch: 64, Epochs: 2, Outputs: 128

Results of Training Set

--------------------
Accuracy: 0.6435960476875261, F1 Score: 0.33484233364571464, Precision: 0.7027821816178078, Recall: 0.30432167736275983

              precision    recall  f1-score   support

           0       0.63      0.27      0.38      8263
           1       0.92      0.00      0.01      3968
           2       1.00      0.02      0.04      1050
           3       0.88      0.80      0.83     14541
           4       0.00      0.00      0.00      1763
           5       0.66      0.20      0.30      4392
           6       0.82      0.45      0.59     11089
           7       0.58      0.38      0.46     22288
           8       0.94      0.01      0.02      1971
           9       0.61      0.92      0.73     60017

   micro avg       0.64      0.64      0.64    129342
   macro avg       0.70      0.30      0.33    129342
weighted avg       0.66      0.64      0.60    129342
 samples avg       0.64      0.64      0.64    129342


[[ 2238     0     0     4     0    76     9   359     0  5577]
 [   10    11     0   219     0     8    57   560     0  3103]
 [   35     0    20     4     0     9    16    94     0   872]
 [   27     1     0 11565     0     7    34  1130     0  1777]
 [    7     0     0    11     0     1     4    72     0  1668]
 [  207     0     0    50     0   857     8   574     0  2696]
 [    6     0     0   207     0     1  5045   246     0  5584]
 [  243     0     0   635     0   128   120  8495     0 12667]
 [   25     0     0    54     0    14    12   410    15  1441]
 [  782     0     0   419     0   194   819  2804     1 54998]]

Results of Validation Set

--------------------
Accuracy: 0.6124924618453402, F1 Score: 0.3043988393771516, Precision: 0.6320645570309484, Recall: 0.2801127646887199

              precision    recall  f1-score   support

           0       0.54      0.22      0.32      2797
           1       0.50      0.00      0.00      1370
           2       1.00      0.01      0.02       371
           3       0.84      0.76      0.80      4733
           4       0.00      0.00      0.00       600
           5       0.57      0.16      0.25      1417
           6       0.75      0.40      0.52      3795
           7       0.53      0.34      0.41      7454
           8       1.00      0.00      0.00       665
           9       0.59      0.90      0.71     19912

   micro avg       0.61      0.61      0.61     43114
   macro avg       0.63      0.28      0.30     43114
weighted avg       0.61      0.61      0.56     43114
 samples avg       0.61      0.61      0.61     43114


[[  629     0     0     3     0    30     7   121     0  2007]
 [    3     1     0    85     0     4    33   218     0  1026]
 [   16     0     4     3     0     1     6    30     0   311]
 [    7     0     0  3603     0     1    23   398     0   701]
 [    4     0     0     2     0     0     2    32     0   560]
 [   74     0     0    12     0   232     4   195     0   900]
 [    5     0     0    81     0     1  1522    80     0  2106]
 [  107     1     0   272     0    51    38  2525     0  4460]
 [    8     0     0    20     0    14     1   142     1   479]
 [  317     0     0   193     0    72   380  1060     0 17890]]

Results of Test Set

--------------------
Accuracy: 0.6145103678619473, F1 Score: 0.3040020927022195, Precision: 0.6302799562869053, Recall: 0.2795900741533842

              precision    recall  f1-score   support

           0       0.53      0.22      0.31      2795
           1       0.50      0.00      0.00      1321
           2       1.00      0.01      0.03       355
           3       0.85      0.77      0.81      4700
           4       0.00      0.00      0.00       585
           5       0.55      0.14      0.23      1504
           6       0.76      0.41      0.53      3669
           7       0.52      0.34      0.41      7506
           8       1.00      0.01      0.01       666
           9       0.59      0.90      0.71     20013

   micro avg       0.61      0.61      0.61     43114
   macro avg       0.63      0.28      0.30     43114
weighted avg       0.62      0.61      0.56     43114
 samples avg       0.61      0.61      0.61     43114


[[  618     0     0     4     0    29     7   144     0  1993]
 [    5     1     0    68     0     2    21   217     0  1007]
 [   18     0     5     4     0     4     7    27     0   290]
 [   12     1     0  3605     0     1    16   414     0   651]
 [    2     0     0     3     0     0     4    28     0   548]
 [   81     0     0    17     0   214     8   206     0   978]
 [    1     0     0    70     0     2  1490    90     0  2016]
 [  106     0     0   275     0    58    32  2521     0  4514]
 [    5     0     0    18     0     7     3   147     5   481]
 [  314     0     0   189     0    72   374  1029     0 18035]]

