Title: Fully Connected - Words: 2000, Batch: 128, Epochs: 2, Outputs: 128

Results of Training Set

--------------------
Accuracy: 0.6442532201450418, F1 Score: 0.3395977159011728, Precision: 0.6775356670589638, Recall: 0.31736466382716805

              precision    recall  f1-score   support

           0       0.59      0.34      0.43      8263
           1       0.80      0.00      0.01      3968
           2       1.00      0.01      0.02      1050
           3       0.86      0.81      0.83     14541
           4       0.00      0.00      0.00      1763
           5       0.61      0.19      0.29      4392
           6       0.73      0.56      0.63     11089
           7       0.57      0.38      0.45     22288
           8       1.00      0.00      0.00      1971
           9       0.62      0.89      0.73     60017

   micro avg       0.64      0.64      0.64    129342
   macro avg       0.68      0.32      0.34    129342
weighted avg       0.65      0.64      0.60    129342
 samples avg       0.64      0.64      0.64    129342


[[ 2776     0     0     9     0   108    17   364     0  4989]
 [   20    12     0   246     0     8   122   616     0  2944]
 [   53     0    11     5     0    12    33    80     0   856]
 [   43     3     0 11774     0     9    77  1106     0  1529]
 [   18     0     0    18     0     2    12    88     0  1625]
 [  228     0     0    65     0   843    17   511     0  2728]
 [    7     0     0   218     0     2  6167   242     0  4453]
 [  337     0     0   778     0   148   237  8389     0 12399]
 [   46     0     0    64     0    20    27   420     2  1392]
 [ 1184     0     0   569     0   230  1683  2996     0 53355]]

Results of Validation Set

--------------------
Accuracy: 0.6151598088787865, F1 Score: 0.31181312588418464, Precision: 0.500996048311569, Recall: 0.29379499719915475

              precision    recall  f1-score   support

           0       0.50      0.28      0.36      2797
           1       0.33      0.00      0.00      1370
           2       1.00      0.00      0.01       371
           3       0.82      0.78      0.80      4733
           4       0.00      0.00      0.00       600
           5       0.54      0.16      0.25      1417
           6       0.68      0.50      0.58      3795
           7       0.53      0.34      0.42      7454
           8       0.00      0.00      0.00       665
           9       0.60      0.87      0.71     19912

   micro avg       0.62      0.62      0.62     43114
   macro avg       0.50      0.29      0.31     43114
weighted avg       0.59      0.62      0.57     43114
 samples avg       0.62      0.62      0.62     43114


[[  770     0     0     4     0    35     7   137     0  1844]
 [    4     1     0   106     0     2    51   219     0   987]
 [   22     0     1     5     0     1    10    29     0   303]
 [   12     1     0  3688     0     2    37   388     0   605]
 [    7     0     0     2     0     0     4    39     0   548]
 [   76     0     0    11     0   232     4   185     0   909]
 [    9     0     0    88     0     2  1895    77     0  1724]
 [  150     1     0   313     0    55    88  2571     0  4276]
 [   11     0     0    23     0    14     4   146     0   467]
 [  480     0     0   245     0    84   670  1069     0 17364]]

Results of Test Set

--------------------
Accuracy: 0.6170849376072738, F1 Score: 0.31216709809461696, Precision: 0.6291656415798151, Recall: 0.29442449376305035

              precision    recall  f1-score   support

           0       0.51      0.28      0.36      2795
           1       0.62      0.00      0.01      1321
           2       1.00      0.00      0.01       355
           3       0.83      0.79      0.81      4700
           4       0.00      0.00      0.00       585
           5       0.52      0.14      0.23      1504
           6       0.69      0.51      0.58      3669
           7       0.52      0.34      0.41      7506
           8       1.00      0.00      0.00       666
           9       0.60      0.87      0.71     20013

   micro avg       0.62      0.62      0.62     43114
   macro avg       0.63      0.29      0.31     43114
weighted avg       0.61      0.62      0.57     43114
 samples avg       0.62      0.62      0.62     43114


[[  786     0     0     5     0    32    11   143     0  1818]
 [   10     5     0    79     0     3    43   213     0   968]
 [   21     0     1     3     0     4    12    32     0   282]
 [   11     1     0  3709     0     2    29   406     0   542]
 [    8     0     0     5     0     1     9    27     0   535]
 [   89     0     0    18     0   218    11   168     0  1000]
 [    4     0     0    73     0     2  1855    85     0  1650]
 [  132     2     0   333     0    63    70  2575     0  4331]
 [   10     0     0    21     0     9     8   155     1   462]
 [  479     0     0   231     0    86   652  1110     0 17455]]

