Title: Fully Connected - Words: 2000, Batch: 32, Epochs: 2, Outputs: 256

Results of Training Set

--------------------
Accuracy: 0.6515748944658347, F1 Score: 0.36122125954393663, Precision: 0.7093021640686614, Recall: 0.32119141078812374

              precision    recall  f1-score   support

           0       0.71      0.29      0.42      8263
           1       0.92      0.01      0.02      3968
           2       0.92      0.08      0.14      1050
           3       0.91      0.77      0.83     14541
           4       0.00      0.00      0.00      1763
           5       0.63      0.25      0.36      4392
           6       0.80      0.52      0.63     11089
           7       0.62      0.32      0.42     22288
           8       0.98      0.03      0.05      1971
           9       0.61      0.94      0.74     60017

   micro avg       0.65      0.65      0.65    129342
   macro avg       0.71      0.32      0.36    129342
weighted avg       0.68      0.65      0.60    129342
 samples avg       0.65      0.65      0.65    129342


[[ 2430     0     1     4     0    86    19   249     0  5474]
 [    9    34     0   141     0     7    84   497     0  3196]
 [   29     0    79     3     0    14    17    42     0   866]
 [   27     2     0 11219     0    16    87  1148     0  2042]
 [    3     0     0    17     0     7     8    33     0  1695]
 [  131     0     1    37     0  1095    19   350     0  2759]
 [    5     0     1   166     0     2  5817   174     0  4924]
 [  200     1     3   410     0   275   153  7192     0 14054]
 [   24     0     0    52     0    20    19   337    53  1466]
 [  580     0     1   282     0   229  1017  1550     1 56357]]

Results of Validation Set

--------------------
Accuracy: 0.6102194182864035, F1 Score: 0.3141910099586676, Precision: 0.5908405169637684, Recall: 0.28409226374340263

              precision    recall  f1-score   support

           0       0.57      0.22      0.32      2797
           1       0.67      0.01      0.01      1370
           2       0.76      0.05      0.10       371
           3       0.87      0.73      0.79      4733
           4       0.00      0.00      0.00       600
           5       0.53      0.20      0.29      1417
           6       0.72      0.44      0.55      3795
           7       0.55      0.28      0.37      7454
           8       0.67      0.01      0.01       665
           9       0.58      0.91      0.71     19912

   micro avg       0.61      0.61      0.61     43114
   macro avg       0.59      0.28      0.31     43114
weighted avg       0.61      0.61      0.56     43114
 samples avg       0.61      0.61      0.61     43114


[[  620     0     0     2     0    29     9    95     0  2042]
 [    2     8     0    69     0     4    40   175     0  1072]
 [   15     0    19     2     0     3     8    16     0   308]
 [    6     1     0  3441     0     4    41   417     1   822]
 [    2     0     0     3     0     1     4    20     0   570]
 [   53     0     0    12     0   281     4   131     0   936]
 [    7     0     1    71     0     1  1669    54     0  1992]
 [   90     2     3   194     0   100    46  2064     1  4954]
 [    6     0     0    16     0    11     4   120     4   504]
 [  282     1     2   154     0    99   492   679     0 18203]]

Results of Test Set

--------------------
Accuracy: 0.6111935798116621, F1 Score: 0.3104543140157735, Precision: 0.5896827819852818, Recall: 0.2816881728443362

              precision    recall  f1-score   support

           0       0.56      0.22      0.31      2795
           1       0.40      0.00      0.00      1321
           2       1.00      0.04      0.07       355
           3       0.87      0.73      0.79      4700
           4       0.00      0.00      0.00       585
           5       0.48      0.17      0.25      1504
           6       0.72      0.45      0.56      3669
           7       0.54      0.27      0.36      7506
           8       0.74      0.02      0.04       666
           9       0.58      0.92      0.71     20013

   micro avg       0.61      0.61      0.61     43114
   macro avg       0.59      0.28      0.31     43114
weighted avg       0.61      0.61      0.56     43114
 samples avg       0.61      0.61      0.61     43114


[[  609     0     0     2     0    39     8   111     0  2026]
 [    6     2     0    56     0     5    37   173     0  1042]
 [   12     0    13     1     0     4     8    21     0   296]
 [    9     1     0  3423     0     2    36   484     1   744]
 [    2     0     0     6     0     2     6    14     0   555]
 [   59     0     0    19     0   256    11   111     0  1048]
 [    0     1     0    56     0     2  1663    65     0  1882]
 [   87     1     0   199     0    98    48  2044     1  5028]
 [    4     0     0    17     0     8     4   117    14   502]
 [  297     0     0   144     0   113   496   633     3 18327]]

