Title: Fully Connected - Words: 2000, Batch: 64, Epochs: 2, Outputs: 256

Results of Training Set

--------------------
Accuracy: 0.652827387855453, F1 Score: 0.36000708427373523, Precision: 0.6992380114539002, Recall: 0.3251407536375081

              precision    recall  f1-score   support

           0       0.63      0.37      0.47      8263
           1       0.75      0.01      0.02      3968
           2       0.98      0.06      0.11      1050
           3       0.89      0.81      0.84     14541
           4       0.00      0.00      0.00      1763
           5       0.72      0.21      0.33      4392
           6       0.79      0.54      0.64     11089
           7       0.64      0.30      0.41     22288
           8       0.98      0.02      0.04      1971
           9       0.61      0.93      0.74     60017

   micro avg       0.65      0.65      0.65    129342
   macro avg       0.70      0.33      0.36    129342
weighted avg       0.67      0.65      0.61    129342
 samples avg       0.65      0.65      0.65    129342


[[ 3049     0     0     5     0    65    13   191     0  4940]
 [   19    40     0   187     0     8    87   396     0  3231]
 [   64     0    60     5     0     6    30    49     0   836]
 [   48     7     0 11715     0     7    45   884     0  1835]
 [   11     0     0    20     0     2    11    36     0  1683]
 [  253     0     0    49     0   943    15   350     0  2782]
 [    8     0     1   200     0     1  5989   129     0  4761]
 [  344     4     0   603     0   104   155  6733     0 14345]
 [   34     0     0    56     0    17    22   282    43  1517]
 [ 1016     2     0   374     0   165  1182  1411     1 55866]]

Results of Validation Set

--------------------
Accuracy: 0.6154381407431461, F1 Score: 0.3145037699611279, Precision: 0.5679283937715558, Recall: 0.2899177503656209

              precision    recall  f1-score   support

           0       0.52      0.29      0.37      2797
           1       0.43      0.00      0.01      1370
           2       0.91      0.03      0.05       371
           3       0.85      0.77      0.81      4733
           4       0.00      0.00      0.00       600
           5       0.59      0.16      0.25      1417
           6       0.72      0.47      0.57      3795
           7       0.58      0.26      0.36      7454
           8       0.50      0.00      0.01       665
           9       0.58      0.91      0.71     19912

   micro avg       0.62      0.62      0.62     43114
   macro avg       0.57      0.29      0.31     43114
weighted avg       0.61      0.62      0.56     43114
 samples avg       0.62      0.62      0.62     43114


[[  819     0     0     3     0    26     6    79     0  1864]
 [    6     6     0    85     0     2    45   133     0  1093]
 [   22     0    10     3     0     0     7    14     0   315]
 [   17     3     0  3632     0     1    30   317     0   733]
 [    8     0     0     3     0     0     3    19     0   567]
 [   87     0     0    11     0   228     6   129     0   956]
 [   10     0     0    78     0     1  1788    47     0  1871]
 [  138     4     1   261     0    46    61  1957     2  4984]
 [   11     0     0    21     0    11     1   108     3   510]
 [  460     1     0   177     0    71   546   565     1 18091]]

Results of Test Set

--------------------
Accuracy: 0.6150902259126966, F1 Score: 0.3136320879187169, Precision: 0.6227685815832049, Recall: 0.28854247506709446

              precision    recall  f1-score   support

           0       0.52      0.29      0.37      2795
           1       0.41      0.01      0.01      1321
           2       1.00      0.03      0.07       355
           3       0.86      0.77      0.81      4700
           4       0.00      0.00      0.00       585
           5       0.57      0.14      0.23      1504
           6       0.71      0.46      0.56      3669
           7       0.58      0.26      0.35      7506
           8       1.00      0.01      0.02       666
           9       0.58      0.91      0.71     20013

   micro avg       0.62      0.62      0.62     43114
   macro avg       0.62      0.29      0.31     43114
weighted avg       0.62      0.62      0.56     43114
 samples avg       0.62      0.62      0.62     43114


[[  806     0     0     2     0    26    11    80     0  1870]
 [   12     7     0    62     0     1    36   146     0  1057]
 [   25     0    12     2     0     2    10    20     0   284]
 [   11     3     0  3638     0     1    22   325     0   700]
 [    3     0     0     4     0     1     8    15     0   554]
 [   93     1     0    19     0   218     9   119     0  1045]
 [    2     1     0    66     0     1  1704    55     0  1840]
 [  133     4     0   265     0    54    44  1919     0  5087]
 [    8     0     0    18     0     8     3   106     6   517]
 [  467     1     0   167     0    70   547   552     0 18209]]

