Title: Fully Connected - Words: 2000, Batch: 128, Epochs: 2, Outputs: 256

Results of Training Set

--------------------
Accuracy: 0.653724234973945, F1 Score: 0.3563546387416336, Precision: 0.6902065423469463, Recall: 0.32560871488399

              precision    recall  f1-score   support

           0       0.66      0.28      0.40      8263
           1       0.81      0.01      0.01      3968
           2       0.94      0.04      0.08      1050
           3       0.86      0.82      0.84     14541
           4       0.00      0.00      0.00      1763
           5       0.67      0.23      0.35      4392
           6       0.76      0.56      0.65     11089
           7       0.59      0.39      0.47     22288
           8       1.00      0.02      0.04      1971
           9       0.62      0.91      0.74     60017

   micro avg       0.65      0.65      0.65    129342
   macro avg       0.69      0.33      0.36    129342
weighted avg       0.66      0.65      0.61    129342
 samples avg       0.65      0.65      0.65    129342


[[ 2338     0     0     8     0    89    14   385     0  5429]
 [    9    25     0   232     0     9   122   575     0  2996]
 [   41     0    44     6     0    11    34    88     0   826]
 [   26     4     0 11880     0     6    76   986     0  1563]
 [    7     0     0    23     0     2    10    88     0  1633]
 [  158     0     1    72     0  1027    19   528     0  2587]
 [    2     0     1   219     0     0  6196   271     0  4400]
 [  216     1     1   820     0   150   189  8679     0 12232]
 [   28     0     0    62     0    22    28   373    41  1417]
 [  698     1     0   535     0   225  1431  2803     0 54324]]

Results of Validation Set

--------------------
Accuracy: 0.6165050795565246, F1 Score: 0.3189836989900082, Precision: 0.6259669925090419, Recall: 0.2952045434864744

              precision    recall  f1-score   support

           0       0.57      0.23      0.33      2797
           1       0.50      0.00      0.00      1370
           2       1.00      0.03      0.06       371
           3       0.82      0.78      0.80      4733
           4       0.00      0.00      0.00       600
           5       0.55      0.19      0.28      1417
           6       0.70      0.49      0.57      3795
           7       0.53      0.34      0.41      7454
           8       1.00      0.01      0.02       665
           9       0.60      0.88      0.71     19912

   micro avg       0.62      0.62      0.62     43114
   macro avg       0.63      0.30      0.32     43114
weighted avg       0.61      0.62      0.57     43114
 samples avg       0.62      0.62      0.62     43114


[[  640     0     0     4     0    37     8   138     0  1970]
 [    1     2     0    98     0     3    50   219     0   997]
 [   17     0    12     4     0     2    10    29     0   297]
 [    8     1     0  3698     0     2    36   355     0   633]
 [    3     0     0     4     0     0     2    40     0   551]
 [   54     0     0    15     0   264     7   183     0   894]
 [    6     0     0    80     0     1  1849    92     0  1767]
 [   95     1     0   349     0    59    76  2552     0  4322]
 [    6     0     0    26     0    16     5   135     7   470]
 [  293     0     0   249     0    92   612  1110     0 17556]]

Results of Test Set

--------------------
Accuracy: 0.6178039615902027, F1 Score: 0.31565768201569416, Precision: 0.6372947908320775, Recall: 0.2929622389319836

              precision    recall  f1-score   support

           0       0.55      0.22      0.31      2795
           1       0.80      0.00      0.01      1321
           2       1.00      0.03      0.05       355
           3       0.82      0.79      0.81      4700
           4       0.00      0.00      0.00       585
           5       0.55      0.16      0.25      1504
           6       0.69      0.49      0.57      3669
           7       0.53      0.34      0.42      7506
           8       0.83      0.02      0.03       666
           9       0.60      0.88      0.71     20013

   micro avg       0.62      0.62      0.62     43114
   macro avg       0.64      0.29      0.32     43114
weighted avg       0.62      0.62      0.57     43114
 samples avg       0.62      0.62      0.62     43114


[[  613     0     0     3     0    38     9   154     0  1978]
 [    6     4     0    75     0     1    41   210     0   984]
 [   16     0     9     3     0     3    11    28     0   285]
 [    7     0     0  3712     0     0    32   377     0   572]
 [    1     0     0     4     0     2     8    29     0   541]
 [   66     0     0    19     0   242    14   183     0   980]
 [    3     0     0    79     0     0  1800    92     0  1695]
 [   90     0     0   353     0    58    60  2570     0  4375]
 [    5     0     0    20     0     7     5   141    10   478]
 [  314     1     0   232     0    89   625  1074     2 17676]]

