Title: Fully Connected - Words: 1000, Batch: 128, Epochs: 2, Outputs: 10

Results of Training Set

--------------------
Accuracy: 0.5679052434630669, F1 Score: 0.19671610529563352, Precision: 0.28320159749361173, Recall: 0.20128588901997127

              precision    recall  f1-score   support

           0       0.00      0.00      0.00      8263
           1       0.00      0.00      0.00      3968
           2       0.00      0.00      0.00      1050
           3       0.87      0.72      0.79     14541
           4       0.00      0.00      0.00      1763
           5       0.00      0.00      0.00      4392
           6       0.81      0.26      0.39     11089
           7       0.62      0.06      0.10     22288
           8       0.00      0.00      0.00      1971
           9       0.53      0.98      0.69     60017

   micro avg       0.57      0.57      0.57    129342
   macro avg       0.28      0.20      0.20    129342
weighted avg       0.52      0.57      0.46    129342
 samples avg       0.57      0.57      0.57    129342


[[    0     0     0     6     0     0     2     4     0  8251]
 [    0     0     0   134     0     0    27    73     0  3734]
 [    0     0     0     3     0     0     6     6     0  1035]
 [    0     0     0 10419     0     0    39   391     0  3692]
 [    0     0     0     9     0     0     2     7     0  1745]
 [    0     0     0    43     0     0     3    39     0  4307]
 [    0     0     0   207     0     0  2863    28     0  7991]
 [    0     0     0   694     0     0    45  1261     0 20288]
 [    0     0     0    48     0     0     7    54     0  1862]
 [    0     0     0   417     0     0   522   167     0 58911]]

Results of Validation Set

--------------------
Accuracy: 0.5627870297351208, F1 Score: 0.1954639018669998, Precision: 0.2796708329540839, Recall: 0.20031551852371288

              precision    recall  f1-score   support

           0       0.00      0.00      0.00      2797
           1       0.00      0.00      0.00      1370
           2       0.00      0.00      0.00       371
           3       0.86      0.71      0.78      4733
           4       0.00      0.00      0.00       600
           5       0.00      0.00      0.00      1417
           6       0.80      0.26      0.39      3795
           7       0.61      0.06      0.10      7454
           8       0.00      0.00      0.00       665
           9       0.52      0.98      0.68     19912

   micro avg       0.56      0.56      0.56     43114
   macro avg       0.28      0.20      0.20     43114
weighted avg       0.51      0.56      0.45     43114
 samples avg       0.56      0.56      0.56     43114


[[    0     0     0     3     0     0     0     2     0  2792]
 [    0     0     0    55     0     0    15    34     0  1266]
 [    0     0     0     0     0     0     3     1     0   367]
 [    0     0     0  3354     0     0    18   120     0  1241]
 [    0     0     0     2     0     0     0     1     0   597]
 [    0     0     0     8     0     0     0    16     0  1393]
 [    0     0     0    71     0     0   979    10     0  2735]
 [    0     0     0   226     0     0    13   424     0  6791]
 [    0     0     0    16     0     0     1    22     0   626]
 [    0     0     0   143     0     0   199    63     0 19507]]

Results of Test Set

--------------------
Accuracy: 0.5628334183791808, F1 Score: 0.19346914498988582, Precision: 0.277923897706662, Recall: 0.1990024654265634

              precision    recall  f1-score   support

           0       0.00      0.00      0.00      2795
           1       0.00      0.00      0.00      1321
           2       0.00      0.00      0.00       355
           3       0.86      0.71      0.78      4700
           4       0.00      0.00      0.00       585
           5       0.00      0.00      0.00      1504
           6       0.79      0.25      0.38      3669
           7       0.61      0.05      0.10      7506
           8       0.00      0.00      0.00       666
           9       0.52      0.98      0.68     20013

   micro avg       0.56      0.56      0.56     43114
   macro avg       0.28      0.20      0.19     43114
weighted avg       0.51      0.56      0.45     43114
 samples avg       0.56      0.56      0.56     43114


[[    0     0     0     1     0     0     0     4     0  2790]
 [    0     0     0    39     0     0    14    26     0  1242]
 [    0     0     0     3     0     0     4     2     0   346]
 [    0     0     0  3328     0     0    17   137     0  1218]
 [    0     0     0     3     0     0     3     1     0   578]
 [    0     0     0    13     0     0     4     8     0  1479]
 [    0     0     0    67     0     0   912     5     0  2685]
 [    0     0     0   252     0     0    15   393     0  6846]
 [    0     0     0    17     0     0     3    22     0   624]
 [    0     0     0   145     0     0   184    51     0 19633]]

