Title: Fully Connected - Words: 2000, Batch: 32, Epochs: 2, Outputs: 512

Results of Training Set

--------------------
Accuracy: 0.6837763448841057, F1 Score: 0.41939245233955535, Precision: 0.7525443544995719, Recall: 0.37447767259377274

              precision    recall  f1-score   support

           0       0.74      0.38      0.50      8263
           1       0.82      0.06      0.11      3968
           2       0.96      0.10      0.18      1050
           3       0.86      0.85      0.86     14541
           4       0.50      0.00      0.00      1763
           5       0.73      0.31      0.44      4392
           6       0.81      0.60      0.69     11089
           7       0.60      0.47      0.52     22288
           8       0.85      0.07      0.13      1971
           9       0.65      0.90      0.76     60017

   micro avg       0.68      0.68      0.68    129342
   macro avg       0.75      0.37      0.42    129342
weighted avg       0.70      0.68      0.65    129342
 samples avg       0.68      0.68      0.68    129342


[[ 3151     0     0    10     0    88    16   538     0  4460]
 [   11   231     0   212     0     9    92   682     0  2731]
 [   32     0   107     6     0     6    20   107     0   772]
 [   33    11     0 12362     1     7    47   838     6  1236]
 [    6     3     0    20     1     5     8   101     0  1619]
 [  129     1     1    65     0  1370    17   668     3  2138]
 [    5     7     1   227     0     2  6705   301     0  3841]
 [  229    17     2   787     0   155   176 10384     6 10532]
 [   25     0     0    72     0    25    24   366   139  1320]
 [  619    13     0   541     0   216  1194  3434     9 53991]]

Results of Validation Set

--------------------
Accuracy: 0.6220717168437166, F1 Score: 0.34156122634805597, Precision: 0.5752104080917756, Recall: 0.31303059018645024

              precision    recall  f1-score   support

           0       0.56      0.26      0.36      2797
           1       0.58      0.03      0.06      1370
           2       0.83      0.05      0.10       371
           3       0.81      0.81      0.81      4733
           4       0.00      0.00      0.00       600
           5       0.55      0.22      0.31      1417
           6       0.70      0.48      0.57      3795
           7       0.51      0.39      0.44      7454
           8       0.59      0.03      0.05       665
           9       0.61      0.86      0.71     19912

   micro avg       0.62      0.62      0.62     43114
   macro avg       0.58      0.31      0.34     43114
weighted avg       0.61      0.62      0.58     43114
 samples avg       0.62      0.62      0.62     43114


[[  732     0     0     4     0    47     8   211     1  1794]
 [    4    40     0   105     0     2    43   260     1   915]
 [   17     0    20     9     0     3     7    38     0   277]
 [   12     2     0  3814     0     3    23   333     2   544]
 [    4     1     0     5     0     0     4    50     0   536]
 [   61     0     2    13     0   308    10   236     1   786]
 [   11     4     0    98     0     2  1840   107     0  1733]
 [  110    10     1   346     0    74    68  2919     1  3925]
 [   10     1     0    29     0    13     6   149    17   440]
 [  336    11     1   259     0   105   603  1461     6 17130]]

Results of Test Set

--------------------
Accuracy: 0.6199842278610196, F1 Score: 0.33603368572910874, Precision: 0.5692885590303621, Recall: 0.30882723399161943

              precision    recall  f1-score   support

           0       0.55      0.26      0.36      2795
           1       0.46      0.02      0.04      1321
           2       0.84      0.05      0.09       355
           3       0.81      0.81      0.81      4700
           4       0.00      0.00      0.00       585
           5       0.55      0.19      0.28      1504
           6       0.69      0.48      0.57      3669
           7       0.50      0.38      0.43      7506
           8       0.68      0.04      0.07       666
           9       0.61      0.86      0.71     20013

   micro avg       0.62      0.62      0.62     43114
   macro avg       0.57      0.31      0.34     43114
weighted avg       0.60      0.62      0.58     43114
 samples avg       0.62      0.62      0.62     43114


[[  739     1     0     7     0    46     7   238     0  1757]
 [    8    26     0    81     0     1    43   255     0   907]
 [   15     0    16     5     0     4    10    33     0   272]
 [   12    10     1  3796     0     0    20   364     1   496]
 [    3     0     0     7     0     2    10    34     0   529]
 [   78     0     0    22     0   284     9   239     0   872]
 [    2     2     0    82     0     2  1762   121     0  1698]
 [  103     8     0   376     0    76    57  2882     7  3997]
 [    5     1     0    24     0    12     5   158    26   435]
 [  378     9     2   262     0    93   638  1428     4 17199]]

