Title: Fully Connected - Words: 2000, Batch: 64, Epochs: 2, Outputs: 512

Results of Training Set

--------------------
Accuracy: 0.6743285243772325, F1 Score: 0.39470999140625146, Precision: 0.8098202348404758, Recall: 0.35201105868488913

              precision    recall  f1-score   support

           0       0.73      0.36      0.48      8263
           1       0.82      0.03      0.06      3968
           2       0.93      0.07      0.13      1050
           3       0.90      0.81      0.85     14541
           4       1.00      0.00      0.01      1763
           5       0.73      0.27      0.40      4392
           6       0.80      0.59      0.68     11089
           7       0.62      0.42      0.50     22288
           8       0.94      0.05      0.10      1971
           9       0.63      0.92      0.75     60017

   micro avg       0.67      0.67      0.67    129342
   macro avg       0.81      0.35      0.39    129342
weighted avg       0.70      0.67      0.64    129342
 samples avg       0.67      0.67      0.67    129342


[[ 2974     0     0     6     0    84    19   363     0  4817]
 [   15   120     0   164     0     9   105   657     0  2898]
 [   43     0    74     4     0     8    23    92     0   806]
 [   24    11     0 11803     0     6    61   984     1  1651]
 [   10     1     0    12     7     3    13    74     0  1643]
 [  143     0     0    42     0  1190    18   465     0  2534]
 [    4     0     1   167     0     1  6495   237     0  4184]
 [  214     4     3   573     0   136   165  9322     3 11868]
 [   19     1     0    63     0    17    17   315    99  1440]
 [  624     9     2   353     0   178  1221  2493     2 55135]]

Results of Validation Set

--------------------
Accuracy: 0.6180590991325323, F1 Score: 0.3301247117475046, Precision: 0.6055457207529603, Recall: 0.3000570725825471

              precision    recall  f1-score   support

           0       0.57      0.25      0.35      2797
           1       0.55      0.01      0.02      1370
           2       0.90      0.05      0.10       371
           3       0.84      0.76      0.80      4733
           4       0.00      0.00      0.00       600
           5       0.57      0.18      0.27      1417
           6       0.70      0.49      0.57      3795
           7       0.53      0.34      0.42      7454
           8       0.79      0.03      0.06       665
           9       0.60      0.89      0.71     19912

   micro avg       0.62      0.62      0.62     43114
   macro avg       0.61      0.30      0.33     43114
weighted avg       0.61      0.62      0.57     43114
 samples avg       0.62      0.62      0.62     43114


[[  713     0     1     4     0    29     6   133     0  1911]
 [    2    16     0    86     0     2    46   241     0   977]
 [   19     0    19     2     0     0     9    27     0   295]
 [    9     5     0  3610     0     1    38   382     0   688]
 [    4     0     0     1     0     0     5    38     0   552]
 [   56     0     0    12     0   253     7   173     0   916]
 [   10     2     0    80     0     1  1843    82     0  1777]
 [  105     2     1   269     0    63    69  2551     3  4391]
 [    8     0     0    24     0    11     7   121    19   475]
 [  324     4     0   191     0    85   596  1087     2 17623]]

Results of Test Set

--------------------
Accuracy: 0.6186621515053115, F1 Score: 0.3270447013176818, Precision: 0.5701945801291465, Recall: 0.2985420222853298

              precision    recall  f1-score   support

           0       0.55      0.25      0.34      2795
           1       0.38      0.01      0.02      1321
           2       0.76      0.04      0.07       355
           3       0.85      0.77      0.81      4700
           4       0.00      0.00      0.00       585
           5       0.55      0.17      0.27      1504
           6       0.69      0.48      0.57      3669
           7       0.53      0.35      0.42      7506
           8       0.79      0.03      0.06       666
           9       0.60      0.88      0.71     20013

   micro avg       0.62      0.62      0.62     43114
   macro avg       0.57      0.30      0.33     43114
weighted avg       0.61      0.62      0.57     43114
 samples avg       0.62      0.62      0.62     43114


[[  692     1     0     3     0    38     8   151     0  1902]
 [    9    14     0    63     0     3    44   221     0   967]
 [   16     0    13     4     0     2    10    35     0   275]
 [   12     8     1  3616     0     2    33   392     0   636]
 [    3     0     0     4     0     2     7    26     0   543]
 [   70     1     0    18     0   263     8   159     0   985]
 [    4     2     0    63     0     1  1768   106     0  1725]
 [  100     6     0   269     0    62    65  2617     3  4384]
 [    5     0     0    19     0    11     6   129    22   474]
 [  344     5     3   179     0    91   628  1092     3 17668]]

