Title: Fully Connected - Words: 2000, Batch: 128, Epochs: 2, Outputs: 512

Results of Training Set

--------------------
Accuracy: 0.6632957585316448, F1 Score: 0.37255601807696564, Precision: 0.725247837302847, Recall: 0.33253289186320256

              precision    recall  f1-score   support

           0       0.73      0.34      0.46      8263
           1       0.91      0.02      0.03      3968
           2       0.95      0.06      0.11      1050
           3       0.88      0.82      0.85     14541
           4       0.00      0.00      0.00      1763
           5       0.68      0.28      0.40      4392
           6       0.84      0.49      0.62     11089
           7       0.64      0.35      0.46     22288
           8       1.00      0.03      0.06      1971
           9       0.62      0.94      0.74     60017

   micro avg       0.66      0.66      0.66    129342
   macro avg       0.73      0.33      0.37    129342
weighted avg       0.69      0.66      0.62    129342
 samples avg       0.66      0.66      0.66    129342


[[ 2776     0     0    12     0   112    11   274     0  5078]
 [   13    61     0   199     0    14    68   484     0  3129]
 [   32     0    60     3     0     9    16    65     0   865]
 [   26     3     0 11911     0     8    38   795     0  1760]
 [    9     0     0    17     0     2     6    60     0  1669]
 [  147     0     1    57     0  1242    16   422     0  2507]
 [    2     0     1   195     0     2  5487   199     0  5203]
 [  194     1     1   670     0   176   144  7872     0 13230]
 [   26     0     0    62     0    22    11   334    56  1460]
 [  592     2     0   375     0   244   714  1763     0 56327]]

Results of Validation Set

--------------------
Accuracy: 0.6168761887090041, F1 Score: 0.3175482171033316, Precision: 0.6091262486301693, Recall: 0.28898990643230815

              precision    recall  f1-score   support

           0       0.58      0.24      0.34      2797
           1       0.73      0.01      0.01      1370
           2       0.81      0.04      0.07       371
           3       0.84      0.77      0.81      4733
           4       0.00      0.00      0.00       600
           5       0.54      0.20      0.29      1417
           6       0.75      0.41      0.53      3795
           7       0.56      0.30      0.39      7454
           8       0.70      0.01      0.02       665
           9       0.59      0.91      0.71     19912

   micro avg       0.62      0.62      0.62     43114
   macro avg       0.61      0.29      0.32     43114
weighted avg       0.62      0.62      0.57     43114
 samples avg       0.62      0.62      0.62     43114


[[  682     0     1     3     0    41     4   111     0  1955]
 [    2     8     0    92     0     5    37   174     0  1052]
 [   14     0    13     1     0     4     7    23     0   309]
 [   10     2     0  3652     0     3    25   315     0   726]
 [    2     0     0     3     0     0     2    22     0   571]
 [   55     0     1    14     0   286     6   161     0   894]
 [   10     0     0    77     0     1  1547    58     0  2102]
 [   98     1     1   290     0    70    48  2252     1  4693]
 [    5     0     0    23     0    17     2   125     7   486]
 [  306     0     0   176     0   105   388   786     2 18149]]

Results of Test Set

--------------------
Accuracy: 0.617595212691933, F1 Score: 0.31513292184190905, Precision: 0.6312574855869091, Recall: 0.28740478217140614

              precision    recall  f1-score   support

           0       0.56      0.24      0.33      2795
           1       0.58      0.01      0.01      1321
           2       1.00      0.03      0.06       355
           3       0.85      0.78      0.81      4700
           4       0.00      0.00      0.00       585
           5       0.51      0.18      0.26      1504
           6       0.75      0.42      0.54      3669
           7       0.56      0.30      0.39      7506
           8       0.92      0.02      0.03       666
           9       0.59      0.91      0.71     20013

   micro avg       0.62      0.62      0.62     43114
   macro avg       0.63      0.29      0.32     43114
weighted avg       0.62      0.62      0.57     43114
 samples avg       0.62      0.62      0.62     43114


[[  665     0     0     5     0    45     5   116     0  1959]
 [    5     7     0    69     0     3    23   172     0  1042]
 [   14     0    11     3     0     7     8    24     0   288]
 [   13     1     0  3676     0     1    17   323     0   669]
 [    2     0     0     5     0     2     5    20     0   551]
 [   62     0     0    18     0   265     5   146     0  1008]
 [    2     0     0    68     0     1  1525    75     0  1998]
 [   92     2     0   298     0    85    41  2242     0  4746]
 [    9     0     0    19     0    10     4   118    11   495]
 [  326     2     0   178     0   104   388   789     1 18225]]

