Title: Fully Connected - Words: 2000, Batch: 32, Epochs: 3, Outputs: 10

Results of Training Set

--------------------
Accuracy: 0.6013359929489261, F1 Score: 0.23482090959028268, Precision: 0.28354524407844106, Recall: 0.23276230765497635

              precision    recall  f1-score   support

           0       0.00      0.00      0.00      8263
           1       0.00      0.00      0.00      3968
           2       0.00      0.00      0.00      1050
           3       0.86      0.78      0.82     14541
           4       0.00      0.00      0.00      1763
           5       0.00      0.00      0.00      4392
           6       0.79      0.39      0.52     11089
           7       0.62      0.20      0.30     22288
           8       0.00      0.00      0.00      1971
           9       0.56      0.96      0.71     60017

   micro avg       0.60      0.60      0.60    129342
   macro avg       0.28      0.23      0.23    129342
weighted avg       0.53      0.60      0.52    129342
 samples avg       0.60      0.60      0.60    129342


[[    0     0     0     3     0     0     3    59     0  8198]
 [    0     0     0   203     0     0    55   293     0  3417]
 [    0     0     0     3     0     0    14    37     0   996]
 [    0     0     0 11305     0     0    38   751     0  2447]
 [    0     0     0    14     0     0     6    27     0  1716]
 [    0     0     0    49     0     0     8   307     0  4028]
 [    0     0     0   213     0     0  4295    87     0  6494]
 [    0     0     0   769     0     0    86  4497     0 16936]
 [    0     0     0    55     0     0    11   205     0  1700]
 [    0     0     0   481     0     0   910   945     0 57681]]

Results of Validation Set

--------------------
Accuracy: 0.5871410678665863, F1 Score: 0.22654847702052808, Precision: 0.2724141995224428, Recall: 0.22601711205218827

              precision    recall  f1-score   support

           0       0.00      0.00      0.00      2797
           1       0.00      0.00      0.00      1370
           2       0.00      0.00      0.00       371
           3       0.84      0.76      0.80      4733
           4       0.00      0.00      0.00       600
           5       0.00      0.00      0.00      1417
           6       0.77      0.37      0.50      3795
           7       0.57      0.18      0.27      7454
           8       0.00      0.00      0.00       665
           9       0.55      0.95      0.70     19912

   micro avg       0.59      0.59      0.59     43114
   macro avg       0.27      0.23      0.23     43114
weighted avg       0.51      0.59      0.50     43114
 samples avg       0.59      0.59      0.59     43114


[[    0     0     0     4     0     0     3    22     0  2768]
 [    0     0     0    84     0     0    23   107     0  1156]
 [    0     0     0     1     0     0     6    10     0   354]
 [    0     0     0  3583     0     0    19   271     0   860]
 [    0     0     0     2     0     0     0    14     0   584]
 [    0     0     0    11     0     0     1   113     0  1292]
 [    0     0     0    80     0     0  1403    30     0  2282]
 [    0     0     0   276     0     0    26  1341     0  5811]
 [    0     0     0    19     0     0     1    72     0   573]
 [    0     0     0   190     0     0   347   388     0 18987]]

Results of Test Set

--------------------
Accuracy: 0.5898084149000324, F1 Score: 0.22757843055570887, Precision: 0.2741115125345537, Recall: 0.22713725024655992

              precision    recall  f1-score   support

           0       0.00      0.00      0.00      2795
           1       0.00      0.00      0.00      1321
           2       0.00      0.00      0.00       355
           3       0.85      0.76      0.81      4700
           4       0.00      0.00      0.00       585
           5       0.00      0.00      0.00      1504
           6       0.76      0.37      0.50      3669
           7       0.58      0.18      0.27      7506
           8       0.00      0.00      0.00       666
           9       0.55      0.96      0.70     20013

   micro avg       0.59      0.59      0.59     43114
   macro avg       0.27      0.23      0.23     43114
weighted avg       0.51      0.59      0.50     43114
 samples avg       0.59      0.59      0.59     43114


[[    0     0     0     3     0     0     1    32     0  2759]
 [    0     0     0    62     0     0    21   105     0  1133]
 [    0     0     0     3     0     0     6     9     0   337]
 [    0     0     0  3594     0     0    15   260     0   831]
 [    0     0     0     5     0     0     4    10     0   566]
 [    0     0     0    15     0     0     7    96     0  1386]
 [    0     0     0    66     0     0  1371    33     0  2199]
 [    0     0     0   284     0     0    32  1327     0  5863]
 [    0     0     0    20     0     0     4    57     0   585]
 [    0     0     0   175     0     0   339   362     0 19137]]

