Title: Fully Connected - Words: 2000, Batch: 64, Epochs: 3, Outputs: 10

Results of Training Set

--------------------
Accuracy: 0.593140665831671, F1 Score: 0.21992074380228677, Precision: 0.361411540248759, Recall: 0.21859214434655422

              precision    recall  f1-score   support

           0       0.73      0.00      0.00      8263
           1       0.00      0.00      0.00      3968
           2       0.00      0.00      0.00      1050
           3       0.86      0.77      0.82     14541
           4       0.00      0.00      0.00      1763
           5       0.00      0.00      0.00      4392
           6       0.85      0.21      0.34     11089
           7       0.62      0.23      0.34     22288
           8       0.00      0.00      0.00      1971
           9       0.55      0.97      0.70     60017

   micro avg       0.59      0.59      0.59    129342
   macro avg       0.36      0.22      0.22    129342
weighted avg       0.58      0.59      0.50    129342
 samples avg       0.59      0.59      0.59    129342


[[   16     0     0     4     0     0     0    51     0  8192]
 [    0     0     0   210     0     0    11   318     0  3429]
 [    0     0     0     5     0     0     5    37     0  1003]
 [    2     0     0 11266     0     0    24   821     0  2428]
 [    0     0     0    11     0     0     3    31     0  1718]
 [    0     0     0    55     0     0     1   207     0  4129]
 [    0     0     0   203     0     0  2376   125     0  8385]
 [    1     0     0   819     0     0    29  5114     0 16325]
 [    0     0     0    63     0     0     4   200     0  1704]
 [    3     0     0   419     0     0   340  1309     0 57946]]

Results of Validation Set

--------------------
Accuracy: 0.5811105441387948, F1 Score: 0.21400628656190984, Precision: 0.35662828075077346, Recall: 0.21366475625770742

              precision    recall  f1-score   support

           0       0.79      0.00      0.01      2797
           1       0.00      0.00      0.00      1370
           2       0.00      0.00      0.00       371
           3       0.84      0.75      0.79      4733
           4       0.00      0.00      0.00       600
           5       0.00      0.00      0.00      1417
           6       0.82      0.21      0.34      3795
           7       0.57      0.21      0.31      7454
           8       0.00      0.00      0.00       665
           9       0.54      0.96      0.69     19912

   micro avg       0.58      0.58      0.58     43114
   macro avg       0.36      0.21      0.21     43114
weighted avg       0.57      0.58      0.49     43114
 samples avg       0.58      0.58      0.58     43114


[[   11     0     0     4     0     0     0    29     0  2753]
 [    0     0     0    89     0     0    10   111     0  1160]
 [    0     0     0     1     0     0     2     9     0   359]
 [    0     0     0  3553     0     0    11   298     0   871]
 [    0     0     0     2     0     0     0    20     0   578]
 [    0     0     0    10     0     0     0    92     0  1315]
 [    0     0     0    72     0     0   799    43     0  2881]
 [    1     0     0   300     0     0    12  1577     0  5564]
 [    0     0     0    23     0     0     1    74     0   567]
 [    2     0     0   165     0     0   139   492     0 19114]]

Results of Test Set

--------------------
Accuracy: 0.5842417776128404, F1 Score: 0.21420789239171217, Precision: 0.35371492828628043, Recall: 0.21401908211539192

              precision    recall  f1-score   support

           0       0.71      0.00      0.00      2795
           1       0.00      0.00      0.00      1321
           2       0.00      0.00      0.00       355
           3       0.85      0.76      0.80      4700
           4       0.00      0.00      0.00       585
           5       0.00      0.00      0.00      1504
           6       0.84      0.21      0.33      3669
           7       0.59      0.21      0.31      7506
           8       0.00      0.00      0.00       666
           9       0.55      0.96      0.70     20013

   micro avg       0.58      0.58      0.58     43114
   macro avg       0.35      0.21      0.21     43114
weighted avg       0.57      0.58      0.49     43114
 samples avg       0.58      0.58      0.58     43114


[[    5     0     0     3     0     0     0    35     0  2752]
 [    0     0     0    62     0     0     5   107     0  1147]
 [    0     0     0     2     0     0     3    11     0   339]
 [    0     0     0  3569     0     0     8   287     0   836]
 [    0     0     0     4     0     0     0    11     0   570]
 [    0     0     0    15     0     0     0    71     0  1418]
 [    0     0     0    65     0     0   756    42     0  2806]
 [    0     0     0   306     0     0    11  1570     0  5619]
 [    0     0     0    17     0     0     1    77     0   571]
 [    2     0     0   157     0     0   120   445     0 19289]]

