Title: Fully Connected - Words: 2000, Batch: 128, Epochs: 3, Outputs: 10

Results of Training Set

--------------------
Accuracy: 0.5916562292217532, F1 Score: 0.22298844969577303, Precision: 0.28651721217117326, Recall: 0.22077926424267122

              precision    recall  f1-score   support

           0       0.00      0.00      0.00      8263
           1       0.00      0.00      0.00      3968
           2       0.00      0.00      0.00      1050
           3       0.87      0.76      0.81     14541
           4       0.00      0.00      0.00      1763
           5       0.00      0.00      0.00      4392
           6       0.83      0.30      0.44     11089
           7       0.62      0.18      0.28     22288
           8       0.00      0.00      0.00      1971
           9       0.55      0.97      0.70     60017

   micro avg       0.59      0.59      0.59    129342
   macro avg       0.29      0.22      0.22    129342
weighted avg       0.53      0.59      0.50    129342
 samples avg       0.59      0.59      0.59    129342


[[    0     0     0     3     0     0     1    36     0  8223]
 [    0     0     0   161     0     0    26   265     0  3516]
 [    0     0     0     3     0     0     7    23     0  1017]
 [    0     0     0 11040     0     0    29   893     0  2579]
 [    0     0     0    12     0     0     3    23     0  1725]
 [    0     0     0    54     0     0     4   113     0  4221]
 [    0     0     0   193     0     0  3325    86     0  7485]
 [    0     0     0   715     0     0    50  4006     0 17517]
 [    0     0     0    54     0     0     5   160     0  1752]
 [    0     0     0   435     0     0   578   849     0 58155]]

Results of Validation Set

--------------------
Accuracy: 0.5814584589692443, F1 Score: 0.21729191078151108, Precision: 0.27834018119414144, Recall: 0.21625827770047107

              precision    recall  f1-score   support

           0       0.00      0.00      0.00      2797
           1       0.00      0.00      0.00      1370
           2       0.00      0.00      0.00       371
           3       0.85      0.74      0.79      4733
           4       0.00      0.00      0.00       600
           5       0.00      0.00      0.00      1417
           6       0.80      0.29      0.43      3795
           7       0.59      0.17      0.26      7454
           8       0.00      0.00      0.00       665
           9       0.54      0.96      0.69     19912

   micro avg       0.58      0.58      0.58     43114
   macro avg       0.28      0.22      0.22     43114
weighted avg       0.52      0.58      0.49     43114
 samples avg       0.58      0.58      0.58     43114


[[    0     0     0     3     0     0     1    21     0  2772]
 [    0     0     0    70     0     0    17    86     0  1197]
 [    0     0     0     0     0     0     4     3     0   364]
 [    0     0     0  3503     0     0    12   303     0   915]
 [    0     0     0     2     0     0     0     9     0   589]
 [    0     0     0    10     0     0     0    57     0  1350]
 [    0     0     0    74     0     0  1097    29     0  2595]
 [    0     0     0   262     0     0    15  1256     0  5921]
 [    0     0     0    21     0     0     1    62     0   581]
 [    0     0     0   162     0     0   218   319     0 19213]]

Results of Test Set

--------------------
Accuracy: 0.5826181750707426, F1 Score: 0.217016169366615, Precision: 0.27917480150046303, Recall: 0.21588065859403413

              precision    recall  f1-score   support

           0       0.00      0.00      0.00      2795
           1       0.00      0.00      0.00      1321
           2       0.00      0.00      0.00       355
           3       0.86      0.74      0.80      4700
           4       0.00      0.00      0.00       585
           5       0.00      0.00      0.00      1504
           6       0.80      0.29      0.42      3669
           7       0.58      0.16      0.26      7506
           8       0.00      0.00      0.00       666
           9       0.54      0.97      0.70     20013

   micro avg       0.58      0.58      0.58     43114
   macro avg       0.28      0.22      0.22     43114
weighted avg       0.52      0.58      0.49     43114
 samples avg       0.58      0.58      0.58     43114


[[    0     0     0     2     0     0     0    14     0  2779]
 [    0     0     0    49     0     0    10    96     0  1166]
 [    0     0     0     3     0     0     4     6     0   342]
 [    0     0     0  3485     0     0    11   308     0   896]
 [    0     0     0     5     0     0     2     8     0   570]
 [    0     0     0    15     0     0     3    46     0  1440]
 [    0     0     0    64     0     0  1052    29     0  2524]
 [    0     0     0   266     0     0    16  1227     0  5997]
 [    0     0     0    17     0     0     3    58     0   588]
 [    0     0     0   143     0     0   208   307     0 19355]]

