Title: Fully Connected - Words: 2000, Batch: 32, Epochs: 3, Outputs: 16

Results of Training Set

--------------------
Accuracy: 0.6101962239643736, F1 Score: 0.25670882808988155, Precision: 0.40928810037776886, Recall: 0.24531033339541689

              precision    recall  f1-score   support

           0       0.64      0.07      0.12      8263
           1       0.00      0.00      0.00      3968
           2       0.00      0.00      0.00      1050
           3       0.88      0.77      0.82     14541
           4       0.00      0.00      0.00      1763
           5       0.64      0.01      0.02      4392
           6       0.79      0.38      0.51     11089
           7       0.57      0.29      0.38     22288
           8       0.00      0.00      0.00      1971
           9       0.57      0.94      0.71     60017

   micro avg       0.61      0.61      0.61    129342
   macro avg       0.41      0.25      0.26    129342
weighted avg       0.59      0.61      0.54    129342
 samples avg       0.61      0.61      0.61    129342


[[  552     0     0     4     0     4     1   173     0  7529]
 [    2     0     0   173     0     0    47   483     0  3263]
 [    9     0     0     3     0     0    11    34     0   993]
 [    9     0     0 11148     0     1    57  1240     0  2086]
 [    0     0     0     8     0     0     6    45     0  1704]
 [   78     0     0    46     0    49     4   354     0  3861]
 [    1     0     0   203     0     0  4186   155     0  6544]
 [   45     0     0   652     0     8    80  6434     0 15069]
 [    3     0     0    54     0     3    12   334     0  1565]
 [  159     0     0   416     0    12   867  2008     0 56555]]

Results of Validation Set

--------------------
Accuracy: 0.5949807487127151, F1 Score: 0.2478321719706838, Precision: 0.38316599841592136, Recall: 0.23781749438456531

              precision    recall  f1-score   support

           0       0.62      0.07      0.12      2797
           1       0.00      0.00      0.00      1370
           2       0.00      0.00      0.00       371
           3       0.86      0.74      0.80      4733
           4       0.00      0.00      0.00       600
           5       0.50      0.01      0.02      1417
           6       0.77      0.36      0.49      3795
           7       0.53      0.27      0.36      7454
           8       0.00      0.00      0.00       665
           9       0.56      0.93      0.70     19912

   micro avg       0.59      0.59      0.59     43114
   macro avg       0.38      0.24      0.25     43114
weighted avg       0.57      0.59      0.52     43114
 samples avg       0.59      0.59      0.59     43114


[[  184     0     0     3     0     3     1    69     0  2537]
 [    1     0     0    79     0     0    17   168     0  1105]
 [    1     0     0     1     0     0     3    17     0   349]
 [    3     0     0  3520     0     0    28   431     0   751]
 [    0     0     0     2     0     0     0    23     0   575]
 [   26     0     0     8     0    13     0   128     0  1242]
 [    1     0     0    75     0     0  1363    48     0  2308]
 [   16     0     0   240     0     2    26  1992     0  5178]
 [    1     0     0    18     0     1     1   126     0   518]
 [   66     0     0   165     0     7   330   764     0 18580]]

Results of Test Set

--------------------
Accuracy: 0.5979032332884909, F1 Score: 0.2479203239108326, Precision: 0.37986202891310666, Recall: 0.23820264705246127

              precision    recall  f1-score   support

           0       0.60      0.06      0.11      2795
           1       0.00      0.00      0.00      1321
           2       0.00      0.00      0.00       355
           3       0.86      0.75      0.80      4700
           4       0.00      0.00      0.00       585
           5       0.48      0.01      0.02      1504
           6       0.75      0.35      0.48      3669
           7       0.55      0.27      0.36      7506
           8       0.00      0.00      0.00       666
           9       0.56      0.94      0.70     20013

   micro avg       0.60      0.60      0.60     43114
   macro avg       0.38      0.24      0.25     43114
weighted avg       0.57      0.60      0.53     43114
 samples avg       0.60      0.60      0.60     43114


[[  177     0     0     4     0     4     1    76     0  2533]
 [    0     0     0    58     0     0    16   160     0  1087]
 [    4     0     0     3     0     0     5    13     0   330]
 [    6     0     0  3520     0     0    24   424     0   726]
 [    0     0     0     3     0     0     4    17     0   561]
 [   23     0     0    14     0    14     7   111     0  1335]
 [    0     0     0    63     0     0  1296    58     0  2252]
 [   16     0     0   268     0     5    23  2034     0  5160]
 [    2     0     0    16     0     1     2   123     0   522]
 [   69     0     0   152     0     5   348   702     0 18737]]

