Title: Fully Connected - Words: 2000, Batch: 64, Epochs: 3, Outputs: 16

Results of Training Set

--------------------
Accuracy: 0.6056346739651467, F1 Score: 0.2429310214964313, Precision: 0.42117003167732225, Recall: 0.23761606532776627

              precision    recall  f1-score   support

           0       0.70      0.02      0.04      8263
           1       0.00      0.00      0.00      3968
           2       0.00      0.00      0.00      1050
           3       0.85      0.79      0.82     14541
           4       0.00      0.00      0.00      1763
           5       0.65      0.01      0.02      4392
           6       0.82      0.38      0.52     11089
           7       0.62      0.22      0.32     22288
           8       0.00      0.00      0.00      1971
           9       0.56      0.96      0.71     60017

   micro avg       0.61      0.61      0.61    129342
   macro avg       0.42      0.24      0.24    129342
weighted avg       0.60      0.61      0.52    129342
 samples avg       0.61      0.61      0.61    129342


[[  169     0     0     4     0     4     3    76     0  8007]
 [    0     0     0   210     0     0    44   327     0  3387]
 [    2     0     0     5     0     0    10    30     0  1003]
 [    2     0     0 11508     0     1    24   729     0  2277]
 [    0     0     0    15     0     0     3    24     0  1721]
 [   11     0     0    52     0    45     7   270     0  4007]
 [    0     0     0   216     0     1  4172   108     0  6592]
 [   10     0     0   900     0     8    86  4873     0 16411]
 [    0     0     0    65     0     0     8   207     0  1691]
 [   48     0     0   503     0    10   706  1183     0 57567]]

Results of Validation Set

--------------------
Accuracy: 0.5923597903233289, F1 Score: 0.23502019791284917, Precision: 0.4014501724853131, Recall: 0.23123276804418538

              precision    recall  f1-score   support

           0       0.70      0.02      0.04      2797
           1       0.00      0.00      0.00      1370
           2       0.00      0.00      0.00       371
           3       0.83      0.77      0.80      4733
           4       0.00      0.00      0.00       600
           5       0.57      0.01      0.02      1417
           6       0.78      0.36      0.49      3795
           7       0.58      0.20      0.30      7454
           8       0.00      0.00      0.00       665
           9       0.55      0.95      0.70     19912

   micro avg       0.59      0.59      0.59     43114
   macro avg       0.40      0.23      0.24     43114
weighted avg       0.58      0.59      0.51     43114
 samples avg       0.59      0.59      0.59     43114


[[   62     0     0     3     0     1     2    31     0  2698]
 [    0     0     0    87     0     0    22   123     0  1138]
 [    1     0     0     2     0     1     5     9     0   353]
 [    1     0     0  3634     0     0    17   257     0   824]
 [    0     0     0     2     0     0     0    12     0   586]
 [    6     0     0    13     0    12     0   111     0  1275]
 [    0     0     0    80     0     0  1359    40     0  2316]
 [    4     0     0   337     0     3    25  1521     0  5564]
 [    0     0     0    20     0     1     1    83     0   560]
 [   15     0     0   204     0     3   301   438     0 18951]]

Results of Test Set

--------------------
Accuracy: 0.5932643688824976, F1 Score: 0.23400062688648945, Precision: 0.399125170876518, Recall: 0.23096618468912658

              precision    recall  f1-score   support

           0       0.66      0.02      0.03      2795
           1       0.00      0.00      0.00      1321
           2       0.00      0.00      0.00       355
           3       0.83      0.77      0.80      4700
           4       0.00      0.00      0.00       585
           5       0.58      0.01      0.01      1504
           6       0.78      0.36      0.49      3669
           7       0.59      0.20      0.30      7506
           8       0.00      0.00      0.00       666
           9       0.55      0.95      0.70     20013

   micro avg       0.59      0.59      0.59     43114
   macro avg       0.40      0.23      0.23     43114
weighted avg       0.58      0.59      0.51     43114
 samples avg       0.59      0.59      0.59     43114


[[   49     0     0     3     0     4     2    36     0  2701]
 [    0     0     0    65     0     0    15   113     0  1128]
 [    0     0     0     5     0     0     5     8     0   337]
 [    0     0     0  3637     0     0    12   266     0   785]
 [    0     0     0     5     0     0     2    13     0   565]
 [    3     0     0    19     0    11     8    78     0  1385]
 [    1     0     0    70     0     0  1319    36     0  2243]
 [    4     0     0   350     0     0    29  1490     0  5633]
 [    0     0     0    18     0     2     1    81     0   564]
 [   17     0     0   193     0     2   303   426     0 19072]]

