Title: Fully Connected - Words: 2000, Batch: 128, Epochs: 3, Outputs: 16

Results of Training Set

--------------------
Accuracy: 0.604931112863571, F1 Score: 0.2409474349381684, Precision: 0.4444608983663777, Recall: 0.23871470749514928

              precision    recall  f1-score   support

           0       0.70      0.01      0.02      8263
           1       0.00      0.00      0.00      3968
           2       0.00      0.00      0.00      1050
           3       0.85      0.79      0.82     14541
           4       0.00      0.00      0.00      1763
           5       0.93      0.00      0.01      4392
           6       0.80      0.42      0.55     11089
           7       0.62      0.21      0.31     22288
           8       0.00      0.00      0.00      1971
           9       0.56      0.96      0.71     60017

   micro avg       0.60      0.60      0.60    129342
   macro avg       0.44      0.24      0.24    129342
weighted avg       0.61      0.60      0.52    129342
 samples avg       0.60      0.60      0.60    129342


[[   80     0     0     3     0     1     6    74     0  8099]
 [    0     0     0   225     0     0    52   264     0  3427]
 [    0     0     0     6     0     0    16    27     0  1001]
 [    2     0     0 11546     0     0    35   764     0  2194]
 [    0     0     0    19     0     0     4    28     0  1712]
 [    2     0     0    57     0    13    10   240     0  4070]
 [    0     0     0   217     0     0  4630   101     0  6141]
 [    3     0     0   969     0     0   102  4621     0 16593]
 [    0     0     0    66     0     0     8   218     0  1679]
 [   28     0     0   527     0     0   953  1156     0 57353]]

Results of Validation Set

--------------------
Accuracy: 0.5926381221876884, F1 Score: 0.23322550712541287, Precision: 0.4411147302197277, Recall: 0.23218042023377752

              precision    recall  f1-score   support

           0       0.68      0.01      0.02      2797
           1       0.00      0.00      0.00      1370
           2       0.00      0.00      0.00       371
           3       0.82      0.77      0.80      4733
           4       0.00      0.00      0.00       600
           5       1.00      0.00      0.00      1417
           6       0.77      0.39      0.52      3795
           7       0.59      0.20      0.29      7454
           8       0.00      0.00      0.00       665
           9       0.55      0.95      0.70     19912

   micro avg       0.59      0.59      0.59     43114
   macro avg       0.44      0.23      0.23     43114
weighted avg       0.59      0.59      0.51     43114
 samples avg       0.59      0.59      0.59     43114


[[   32     0     0     3     0     0     2    25     0  2735]
 [    0     0     0    92     0     0    25    95     0  1158]
 [    1     0     0     2     0     0     8     6     0   354]
 [    0     0     0  3662     0     0    19   277     0   775]
 [    0     0     0     3     0     0     0    14     0   583]
 [    1     0     0    14     0     2     1    86     0  1313]
 [    0     0     0    85     0     0  1479    37     0  2194]
 [    2     0     0   347     0     0    32  1456     0  5617]
 [    0     0     0    21     0     0     1    85     0   558]
 [   11     0     0   219     0     0   360   402     0 18920]]

Results of Test Set

--------------------
Accuracy: 0.5932643688824976, F1 Score: 0.23270264897466159, Precision: 0.4174917998092125, Recall: 0.23232935841710717

              precision    recall  f1-score   support

           0       0.71      0.01      0.02      2795
           1       0.00      0.00      0.00      1321
           2       0.00      0.00      0.00       355
           3       0.83      0.78      0.80      4700
           4       0.00      0.00      0.00       585
           5       0.75      0.00      0.00      1504
           6       0.75      0.39      0.52      3669
           7       0.59      0.19      0.29      7506
           8       0.00      0.00      0.00       666
           9       0.55      0.95      0.70     20013

   micro avg       0.59      0.59      0.59     43114
   macro avg       0.42      0.23      0.23     43114
weighted avg       0.59      0.59      0.51     43114
 samples avg       0.59      0.59      0.59     43114


[[   24     0     0     4     0     0     2    32     0  2733]
 [    0     0     0    74     0     0    23   100     0  1124]
 [    0     0     0     4     0     0     5     8     0   338]
 [    0     0     0  3658     0     0    16   265     0   761]
 [    0     0     0     5     0     0     6    13     0   561]
 [    1     0     0    20     0     3     7    69     0  1404]
 [    0     0     0    75     0     0  1444    34     0  2116]
 [    1     0     0   368     0     0    35  1430     0  5672]
 [    0     0     0    21     0     1     1    79     0   564]
 [    8     0     0   198     0     0   386   402     0 19019]]

