Title: Fully Connected - Words: 2000, Batch: 32, Epochs: 3, Outputs: 32

Results of Training Set

--------------------
Accuracy: 0.6212289898099612, F1 Score: 0.28321581265933576, Precision: 0.4225184979104223, Recall: 0.2635700839936434

              precision    recall  f1-score   support

           0       0.67      0.13      0.22      8263
           1       0.00      0.00      0.00      3968
           2       0.00      0.00      0.00      1050
           3       0.87      0.79      0.83     14541
           4       0.00      0.00      0.00      1763
           5       0.69      0.07      0.13      4392
           6       0.81      0.42      0.56     11089
           7       0.60      0.28      0.38     22288
           8       0.00      0.00      0.00      1971
           9       0.58      0.94      0.72     60017

   micro avg       0.62      0.62      0.62    129342
   macro avg       0.42      0.26      0.28    129342
weighted avg       0.61      0.62      0.56    129342
 samples avg       0.62      0.62      0.62    129342


[[ 1104     0     0     5     0    23     3   143     0  6985]
 [    2     0     0   184     0     2    41   421     0  3318]
 [   16     0     0     3     0     1    12    54     0   964]
 [   10     0     0 11417     0     6    39   928     0  2141]
 [    1     0     0    12     0     0     5    35     0  1710]
 [   61     0     0    47     0   310     6   363     0  3605]
 [    2     0     0   198     0     1  4705   164     0  6019]
 [   74     0     0   729     0    42   107  6220     0 15116]
 [    8     0     0    62     0     6     8   271     0  1616]
 [  365     0     0   412     0    58   902  1685     0 56595]]

Results of Validation Set

--------------------
Accuracy: 0.6018926566776454, F1 Score: 0.26695885804687114, Precision: 0.39654856811751044, Recall: 0.25082530187946767

              precision    recall  f1-score   support

           0       0.63      0.11      0.19      2797
           1       0.00      0.00      0.00      1370
           2       0.00      0.00      0.00       371
           3       0.85      0.76      0.80      4733
           4       0.00      0.00      0.00       600
           5       0.60      0.06      0.11      1417
           6       0.76      0.39      0.52      3795
           7       0.56      0.25      0.35      7454
           8       0.00      0.00      0.00       665
           9       0.56      0.93      0.70     19912

   micro avg       0.60      0.60      0.60     43114
   macro avg       0.40      0.25      0.27     43114
weighted avg       0.58      0.60      0.53     43114
 samples avg       0.60      0.60      0.60     43114


[[  318     0     0     3     0    11     2    61     0  2402]
 [    1     0     0    81     0     0    27   154     0  1107]
 [    3     0     0     2     0     0     7    19     0   340]
 [    4     0     0  3576     0     0    24   327     0   802]
 [    2     0     0     3     0     0     1    20     0   574]
 [   22     0     0     9     0    83     1   123     0  1179]
 [    1     0     0    77     0     0  1490    50     0  2177]
 [   28     0     0   280     0    15    38  1896     0  5197]
 [    1     0     0    24     0     5     2    92     0   541]
 [  124     0     0   171     0    24   364   642     0 18587]]

Results of Test Set

--------------------
Accuracy: 0.6032843159994433, F1 Score: 0.26607910312005967, Precision: 0.3914660758645623, Recall: 0.25087800820101736

              precision    recall  f1-score   support

           0       0.61      0.11      0.19      2795
           1       0.00      0.00      0.00      1321
           2       0.00      0.00      0.00       355
           3       0.85      0.76      0.80      4700
           4       0.00      0.00      0.00       585
           5       0.58      0.05      0.09      1504
           6       0.75      0.40      0.52      3669
           7       0.56      0.25      0.34      7506
           8       0.00      0.00      0.00       666
           9       0.57      0.93      0.71     20013

   micro avg       0.60      0.60      0.60     43114
   macro avg       0.39      0.25      0.27     43114
weighted avg       0.58      0.60      0.54     43114
 samples avg       0.60      0.60      0.60     43114


[[  315     0     0     4     0     8     2    70     0  2396]
 [    1     0     0    61     0     0    18   155     0  1086]
 [    4     0     0     3     0     1     6    16     0   325]
 [    6     0     0  3576     0     1    21   342     0   754]
 [    1     0     0     3     0     0     5    18     0   558]
 [   26     0     0    19     0    77     9   113     0  1260]
 [    0     0     0    64     0     0  1470    61     0  2074]
 [   33     0     0   285     0    19    40  1867     0  5262]
 [    2     0     0    21     0     2     3    94     0   544]
 [  132     0     0   168     0    25   378   605     0 18705]]

