Title: Fully Connected - Words: 1000, Batch: 32, Epochs: 2, Outputs: 16

Results of Training Set

--------------------
Accuracy: 0.5930478885435512, F1 Score: 0.2274617398289509, Precision: 0.41488360847899736, Recall: 0.22512764645665279

              precision    recall  f1-score   support

           0       0.56      0.00      0.01      8263
           1       0.00      0.00      0.00      3968
           2       0.00      0.00      0.00      1050
           3       0.84      0.77      0.81     14541
           4       0.00      0.00      0.00      1763
           5       0.83      0.00      0.00      4392
           6       0.80      0.27      0.41     11089
           7       0.56      0.26      0.35     22288
           8       0.00      0.00      0.00      1971
           9       0.56      0.94      0.70     60017

   micro avg       0.59      0.59      0.59    129342
   macro avg       0.41      0.23      0.23    129342
weighted avg       0.58      0.59      0.51    129342
 samples avg       0.59      0.59      0.59    129342


[[   32     0     0     8     0     0     3   160     0  8060]
 [    0     0     0   207     0     0    27   398     0  3336]
 [    1     0     0     9     0     0     6    50     0   984]
 [    1     0     0 11212     0     0    30   989     0  2309]
 [    0     0     0    17     0     0     5    51     0  1690]
 [    0     0     0    56     0     5     3   352     0  3976]
 [    0     0     0   221     0     0  3046   164     0  7658]
 [    7     0     0   935     0     0    57  5695     0 15594]
 [    0     0     0    64     0     0     9   291     0  1607]
 [   16     0     0   580     0     1   630  2074     0 56716]]

Results of Validation Set

--------------------
Accuracy: 0.5841490003247205, F1 Score: 0.22296402041488234, Precision: 0.4457318941278733, Recall: 0.2214341337605822

              precision    recall  f1-score   support

           0       0.76      0.00      0.01      2797
           1       0.00      0.00      0.00      1370
           2       0.00      0.00      0.00       371
           3       0.83      0.76      0.79      4733
           4       0.00      0.00      0.00       600
           5       1.00      0.00      0.00      1417
           6       0.78      0.26      0.39      3795
           7       0.54      0.25      0.34      7454
           8       0.00      0.00      0.00       665
           9       0.55      0.94      0.69     19912

   micro avg       0.58      0.58      0.58     43114
   macro avg       0.45      0.22      0.22     43114
weighted avg       0.59      0.58      0.50     43114
 samples avg       0.58      0.58      0.58     43114


[[   13     0     0     4     0     0     0    54     0  2726]
 [    0     0     0    92     0     0    14   144     0  1120]
 [    0     0     0     3     0     0     4    17     0   347]
 [    1     0     0  3575     0     0    13   335     0   809]
 [    0     0     0     3     0     0     0    34     0   563]
 [    0     0     0    12     0     3     0   122     0  1280]
 [    0     0     0    86     0     0  1001    57     0  2651]
 [    1     0     0   322     0     0    23  1838     0  5270]
 [    0     0     0    20     0     0     1   104     0   540]
 [    2     0     0   211     0     0   230   714     0 18755]]

Results of Test Set

--------------------
Accuracy: 0.5850303845618593, F1 Score: 0.22204717381674205, Precision: 0.3314819968612615, Recall: 0.22084272537004992

              precision    recall  f1-score   support

           0       0.62      0.00      0.01      2795
           1       0.00      0.00      0.00      1321
           2       0.00      0.00      0.00       355
           3       0.83      0.76      0.80      4700
           4       0.00      0.00      0.00       585
           5       0.00      0.00      0.00      1504
           6       0.77      0.26      0.39      3669
           7       0.54      0.24      0.33      7506
           8       0.00      0.00      0.00       666
           9       0.55      0.94      0.70     20013

   micro avg       0.59      0.59      0.59     43114
   macro avg       0.33      0.22      0.22     43114
weighted avg       0.55      0.59      0.50     43114
 samples avg       0.59      0.59      0.59     43114


[[   13     0     0     2     0     0     1    56     0  2723]
 [    0     0     0    58     0     0    17   136     0  1110]
 [    0     0     0     4     0     0     4    17     0   330]
 [    0     0     0  3584     0     0    12   329     0   775]
 [    0     0     0     5     0     0     4    19     0   557]
 [    0     0     0    15     0     0     2   116     0  1371]
 [    0     0     0    70     0     0   942    50     0  2607]
 [    1     0     0   339     0     0    17  1813     0  5336]
 [    0     0     0    18     0     0     1   117     0   530]
 [    7     0     0   208     0     0   221   706     0 18871]]

