Title: Fully Connected - Words: 2000, Batch: 64, Epochs: 3, Outputs: 32

Results of Training Set

--------------------
Accuracy: 0.6217701906573271, F1 Score: 0.28081803211393586, Precision: 0.4231968699534369, Recall: 0.265821165382521

              precision    recall  f1-score   support

           0       0.70      0.15      0.24      8263
           1       0.00      0.00      0.00      3968
           2       0.00      0.00      0.00      1050
           3       0.86      0.79      0.83     14541
           4       0.00      0.00      0.00      1763
           5       0.70      0.04      0.07      4392
           6       0.77      0.49      0.60     11089
           7       0.62      0.25      0.36     22288
           8       0.00      0.00      0.00      1971
           9       0.58      0.94      0.72     60017

   micro avg       0.62      0.62      0.62    129342
   macro avg       0.42      0.27      0.28    129342
weighted avg       0.61      0.62      0.56    129342
 samples avg       0.62      0.62      0.62    129342


[[ 1205     0     0     5     0    11     7    85     0  6950]
 [    6     0     0   215     0     0    80   361     0  3306]
 [   15     0     0     5     0     2    23    37     0   968]
 [   16     0     0 11539     0     1    65   840     0  2080]
 [    2     0     0    16     0     0     8    31     0  1706]
 [   55     0     0    52     0   155    17   292     0  3821]
 [    2     0     0   206     0     0  5431   128     0  5322]
 [   78     0     0   771     0    18   142  5645     0 15634]
 [    8     0     0    64     0     3    15   269     0  1612]
 [  331     0     0   472     0    30  1308  1430     0 56446]]

Results of Validation Set

--------------------
Accuracy: 0.6036090365078629, F1 Score: 0.2643748066662413, Precision: 0.3930814949970566, Recall: 0.2528678366357744

              precision    recall  f1-score   support

           0       0.63      0.12      0.20      2797
           1       0.00      0.00      0.00      1370
           2       0.00      0.00      0.00       371
           3       0.84      0.77      0.80      4733
           4       0.00      0.00      0.00       600
           5       0.59      0.02      0.04      1417
           6       0.73      0.45      0.56      3795
           7       0.58      0.23      0.33      7454
           8       0.00      0.00      0.00       665
           9       0.57      0.93      0.70     19912

   micro avg       0.60      0.60      0.60     43114
   macro avg       0.39      0.25      0.26     43114
weighted avg       0.58      0.60      0.53     43114
 samples avg       0.60      0.60      0.60     43114


[[  342     0     0     4     0     5     4    42     0  2400]
 [    1     0     0    86     0     0    34   130     0  1119]
 [    4     0     0     2     0     0     9    12     0   344]
 [    5     0     0  3631     0     0    31   296     0   770]
 [    2     0     0     3     0     0     1    18     0   576]
 [   19     0     0    11     0    32     4   128     0  1223]
 [    6     0     0    77     0     0  1708    42     0  1962]
 [   41     0     0   296     0     7    43  1746     0  5321]
 [    3     0     0    21     0     2     2    92     0   545]
 [  122     0     0   185     0     8   517   515     0 18565]]

Results of Test Set

--------------------
Accuracy: 0.604258477524702, F1 Score: 0.2644429912960219, Precision: 0.39560135735082447, Recall: 0.2533969851765235

              precision    recall  f1-score   support

           0       0.63      0.12      0.20      2795
           1       0.00      0.00      0.00      1321
           2       0.00      0.00      0.00       355
           3       0.85      0.77      0.81      4700
           4       0.00      0.00      0.00       585
           5       0.62      0.02      0.05      1504
           6       0.72      0.46      0.56      3669
           7       0.58      0.23      0.33      7506
           8       0.00      0.00      0.00       666
           9       0.57      0.93      0.70     20013

   micro avg       0.60      0.60      0.60     43114
   macro avg       0.40      0.25      0.26     43114
weighted avg       0.58      0.60      0.53     43114
 samples avg       0.60      0.60      0.60     43114


[[  333     0     0     4     0     4     5    38     0  2411]
 [    3     0     0    64     0     0    31   140     0  1083]
 [    8     0     0     4     0     0     6    11     0   326]
 [    3     0     0  3638     0     0    19   302     0   738]
 [    0     0     0     5     0     0     9    15     0   556]
 [   18     0     0    16     0    36    10    86     0  1338]
 [    1     0     0    66     0     0  1674    50     0  1878]
 [   32     0     0   305     0     5    43  1714     0  5407]
 [    4     0     0    18     0     3     5    96     0   540]
 [  130     0     0   185     0    10   534   497     0 18657]]

