Title: Fully Connected - Words: 2000, Batch: 128, Epochs: 3, Outputs: 32

Results of Training Set

--------------------
Accuracy: 0.6234633761655147, F1 Score: 0.28330686118615483, Precision: 0.5229898328929632, Recall: 0.2660528332580892

              precision    recall  f1-score   support

           0       0.68      0.11      0.19      8263
           1       0.00      0.00      0.00      3968
           2       1.00      0.00      0.00      1050
           3       0.86      0.80      0.83     14541
           4       0.00      0.00      0.00      1763
           5       0.72      0.07      0.12      4392
           6       0.80      0.43      0.56     11089
           7       0.59      0.32      0.41     22288
           8       0.00      0.00      0.00      1971
           9       0.58      0.93      0.72     60017

   micro avg       0.62      0.62      0.62    129342
   macro avg       0.52      0.27      0.28    129342
weighted avg       0.61      0.62      0.56    129342
 samples avg       0.62      0.62      0.62    129342


[[  900     0     0     6     0    22     4   224     0  7107]
 [    4     0     0   220     0     2    57   470     0  3215]
 [   11     0     2     4     0     1    13    48     0   971]
 [   10     0     0 11647     0     3    29  1022     0  1830]
 [    0     0     0    14     0     0     6    50     0  1693]
 [   46     0     0    55     0   292     8   385     0  3606]
 [    0     0     0   225     0     0  4815   166     0  5883]
 [   55     0     0   777     0    31    99  7041     0 14285]
 [    5     0     0    64     0     7    12   354     0  1529]
 [  290     0     0   517     0    47  1002  2218     0 55943]]

Results of Validation Set

--------------------
Accuracy: 0.6040265343044022, F1 Score: 0.2672911597320583, Precision: 0.3950401296849062, Recall: 0.2533654958119441

              precision    recall  f1-score   support

           0       0.63      0.09      0.16      2797
           1       0.00      0.00      0.00      1370
           2       0.00      0.00      0.00       371
           3       0.83      0.77      0.80      4733
           4       0.00      0.00      0.00       600
           5       0.61      0.06      0.11      1417
           6       0.76      0.40      0.52      3795
           7       0.55      0.29      0.38      7454
           8       0.00      0.00      0.00       665
           9       0.57      0.92      0.70     19912

   micro avg       0.60      0.60      0.60     43114
   macro avg       0.40      0.25      0.27     43114
weighted avg       0.58      0.60      0.54     43114
 samples avg       0.60      0.60      0.60     43114


[[  259     0     0     4     0     5     2    85     0  2442]
 [    1     0     0    98     0     0    25   162     0  1084]
 [    1     0     0     3     0     0     4    16     0   347]
 [    3     0     0  3655     0     0    22   367     0   686]
 [    0     0     0     2     0     0     0    26     0   572]
 [   16     0     0    10     0    82     3   140     0  1166]
 [    2     0     0    89     0     0  1510    56     0  2138]
 [   23     0     0   315     0    21    29  2165     0  4901]
 [    3     0     0    25     0     6     1   121     0   509]
 [  100     0     0   209     0    20   400   812     0 18371]]

Results of Test Set

--------------------
Accuracy: 0.6054181936262003, F1 Score: 0.26626637622092625, Precision: 0.3921928501250753, Recall: 0.25334910222906754

              precision    recall  f1-score   support

           0       0.63      0.09      0.16      2795
           1       0.00      0.00      0.00      1321
           2       0.00      0.00      0.00       355
           3       0.84      0.78      0.81      4700
           4       0.00      0.00      0.00       585
           5       0.59      0.05      0.09      1504
           6       0.75      0.40      0.52      3669
           7       0.54      0.29      0.38      7506
           8       0.00      0.00      0.00       666
           9       0.57      0.92      0.71     20013

   micro avg       0.61      0.61      0.61     43114
   macro avg       0.39      0.25      0.27     43114
weighted avg       0.58      0.61      0.54     43114
 samples avg       0.61      0.61      0.61     43114


[[  256     0     0     5     0     5     3    90     0  2436]
 [    0     0     0    61     0     0    25   170     0  1065]
 [    3     0     0     2     0     0     8    13     0   329]
 [    5     0     0  3681     0     0    15   366     0   633]
 [    1     0     0     5     0     0     3    18     0   558]
 [   17     0     0    17     0    71     8   119     0  1272]
 [    0     0     0    71     0     0  1477    68     0  2053]
 [   24     0     0   318     0    22    30  2147     0  4965]
 [    1     0     0    20     0     5     3   131     0   506]
 [  102     0     0   200     0    17   405   819     0 18470]]

