Title: Fully Connected - Words: 2000, Batch: 32, Epochs: 3, Outputs: 64

Results of Training Set

--------------------
Accuracy: 0.6401787509084442, F1 Score: 0.32453048428298586, Precision: 0.6007935138122427, Recall: 0.2955776877143177

              precision    recall  f1-score   support

           0       0.71      0.19      0.30      8263
           1       0.77      0.00      0.01      3968
           2       0.96      0.02      0.04      1050
           3       0.88      0.79      0.83     14541
           4       0.00      0.00      0.00      1763
           5       0.70      0.18      0.28      4392
           6       0.80      0.48      0.60     11089
           7       0.58      0.36      0.45     22288
           8       0.00      0.00      0.00      1971
           9       0.60      0.92      0.73     60017

   micro avg       0.64      0.64      0.64    129342
   macro avg       0.60      0.30      0.32    129342
weighted avg       0.65      0.64      0.59    129342
 samples avg       0.64      0.64      0.64    129342


[[ 1592     0     0     4     0    56     6   311     0  6294]
 [    5    10     0   195     0     7    81   570     0  3100]
 [   16     0    23     3     0     6    23    57     0   922]
 [   12     1     0 11496     0     4    51  1162     0  1815]
 [    1     0     0    12     0     3     5    58     0  1684]
 [  105     0     0    49     0   775    17   482     0  2964]
 [    2     1     0   196     0     1  5373   207     0  5309]
 [   93     1     1   617     0    95   142  8102     0 13237]
 [    9     0     0    52     0     9    12   402     0  1487]
 [  392     0     0   432     0   145  1008  2609     0 55431]]

Results of Validation Set

--------------------
Accuracy: 0.609848309133924, F1 Score: 0.2933301989547396, Precision: 0.5875464946927406, Recall: 0.27150654228036253

              precision    recall  f1-score   support

           0       0.59      0.15      0.24      2797
           1       1.00      0.00      0.00      1370
           2       1.00      0.01      0.02       371
           3       0.84      0.76      0.80      4733
           4       0.00      0.00      0.00       600
           5       0.60      0.13      0.22      1417
           6       0.74      0.43      0.54      3795
           7       0.52      0.32      0.40      7454
           8       0.00      0.00      0.00       665
           9       0.58      0.91      0.71     19912

   micro avg       0.61      0.61      0.61     43114
   macro avg       0.59      0.27      0.29     43114
weighted avg       0.62      0.61      0.55     43114
 samples avg       0.61      0.61      0.61     43114


[[  420     0     0     3     0    22     5   116     0  2231]
 [    1     1     0    88     0     2    26   211     0  1041]
 [    6     0     4     3     0     2     8    23     0   325]
 [    5     0     0  3591     0     1    36   412     0   688]
 [    3     0     0     2     0     0     3    26     0   566]
 [   39     0     0    10     0   191     2   177     0   998]
 [    8     0     0    79     0     1  1634    77     0  1996]
 [   58     0     0   272     0    40    47  2409     0  4628]
 [    2     0     0    19     0    10     3   141     0   490]
 [  174     0     0   196     0    49   444  1006     0 18043]]

Results of Test Set

--------------------
Accuracy: 0.611958992438651, F1 Score: 0.2920215538893733, Precision: 0.4855068612813912, Recall: 0.27086076394105485

              precision    recall  f1-score   support

           0       0.59      0.15      0.23      2795
           1       0.00      0.00      0.00      1321
           2       1.00      0.01      0.02       355
           3       0.86      0.76      0.81      4700
           4       0.00      0.00      0.00       585
           5       0.56      0.12      0.20      1504
           6       0.73      0.43      0.54      3669
           7       0.53      0.33      0.40      7506
           8       0.00      0.00      0.00       666
           9       0.58      0.91      0.71     20013

   micro avg       0.61      0.61      0.61     43114
   macro avg       0.49      0.27      0.29     43114
weighted avg       0.58      0.61      0.56     43114
 samples avg       0.61      0.61      0.61     43114


[[  407     0     0     3     0    24     5   135     0  2221]
 [    1     0     0    63     0     2    30   210     0  1015]
 [    7     0     4     3     0     2     8    21     0   310]
 [    6     0     0  3592     0     1    30   428     0   643]
 [    2     0     0     4     0     0     6    24     0   549]
 [   42     0     0    15     0   182     7   151     0  1107]
 [    1     0     0    60     0     0  1584    85     0  1939]
 [   45     0     0   262     0    44    44  2458     0  4653]
 [    3     0     0    19     0     6     4   144     0   490]
 [  171     0     0   177     0    62   456   990     0 18157]]

