Title: Fully Connected - Words: 2000, Batch: 64, Epochs: 3, Outputs: 64

Results of Training Set

--------------------
Accuracy: 0.640364305484684, F1 Score: 0.32044171626046103, Precision: 0.5879990582926623, Recall: 0.2943089348316891

              precision    recall  f1-score   support

           0       0.63      0.25      0.36      8263
           1       0.67      0.00      0.00      3968
           2       1.00      0.01      0.02      1050
           3       0.87      0.80      0.84     14541
           4       0.00      0.00      0.00      1763
           5       0.70      0.14      0.23      4392
           6       0.81      0.47      0.60     11089
           7       0.60      0.34      0.43     22288
           8       0.00      0.00      0.00      1971
           9       0.60      0.93      0.73     60017

   micro avg       0.64      0.64      0.64    129342
   macro avg       0.59      0.29      0.32    129342
weighted avg       0.64      0.64      0.59    129342
 samples avg       0.64      0.64      0.64    129342


[[ 2091     0     0     7     0    44    12   226     0  5883]
 [   13     2     0   205     0     5    66   563     0  3114]
 [   37     0     8     4     0     5    21    69     0   906]
 [   19     0     0 11683     0     4    51  1003     0  1781]
 [    6     0     0    17     0     0     7    57     0  1676]
 [  195     0     0    59     0   615    13   376     0  3134]
 [    8     0     0   199     0     0  5262   199     0  5421]
 [  235     1     0   710     0    80   130  7497     0 13635]
 [   17     0     0    61     0     9    12   344     0  1528]
 [  707     0     0   492     0   112   929  2109     0 55668]]

Results of Validation Set

--------------------
Accuracy: 0.6129099596418797, F1 Score: 0.2953521907694977, Precision: 0.5884158363932337, Recall: 0.2739705043063666

              precision    recall  f1-score   support

           0       0.55      0.22      0.31      2797
           1       1.00      0.00      0.00      1370
           2       1.00      0.01      0.01       371
           3       0.84      0.77      0.80      4733
           4       0.00      0.00      0.00       600
           5       0.61      0.11      0.19      1417
           6       0.75      0.42      0.53      3795
           7       0.56      0.30      0.39      7454
           8       0.00      0.00      0.00       665
           9       0.58      0.91      0.71     19912

   micro avg       0.61      0.61      0.61     43114
   macro avg       0.59      0.27      0.30     43114
weighted avg       0.62      0.61      0.56     43114
 samples avg       0.61      0.61      0.61     43114


[[  605     0     0     3     0    19     4    70     0  2096]
 [    3     1     0    89     0     1    33   191     0  1052]
 [   13     0     2     2     0     0     6    25     0   323]
 [    6     0     0  3667     0     0    27   361     0   672]
 [    6     0     0     3     0     0     3    24     0   564]
 [   58     0     0    12     0   158     5   149     0  1035]
 [    8     0     0    82     0     1  1577    64     0  2063]
 [   87     0     0   289     0    33    45  2266     0  4734]
 [   10     0     0    23     0     5     2   120     0   505]
 [  298     0     0   212     0    42   414   797     0 18149]]

Results of Test Set

--------------------
Accuracy: 0.6122141299809807, F1 Score: 0.2908145026704989, Precision: 0.38490474835656846, Recall: 0.27115387695262044

              precision    recall  f1-score   support

           0       0.55      0.21      0.30      2795
           1       0.00      0.00      0.00      1321
           2       0.00      0.00      0.00       355
           3       0.84      0.78      0.81      4700
           4       0.00      0.00      0.00       585
           5       0.59      0.10      0.16      1504
           6       0.74      0.42      0.54      3669
           7       0.54      0.29      0.38      7506
           8       0.00      0.00      0.00       666
           9       0.58      0.91      0.71     20013

   micro avg       0.61      0.61      0.61     43114
   macro avg       0.38      0.27      0.29     43114
weighted avg       0.58      0.61      0.56     43114
 samples avg       0.61      0.61      0.61     43114


[[  586     0     0     3     0    13     9    91     0  2093]
 [    5     0     0    64     0     1    27   202     0  1022]
 [   13     0     0     3     0     1     6    19     0   313]
 [   10     0     0  3659     0     0    20   386     0   625]
 [    2     0     0     5     0     0     7    20     0   551]
 [   70     0     0    19     0   144     8   119     0  1144]
 [    2     0     0    70     0     1  1546    80     0  1970]
 [   90     0     0   311     0    35    36  2209     0  4825]
 [    6     0     0    19     0     3     4   125     0   509]
 [  281     0     0   192     0    47   414   828     0 18251]]

