Title: Fully Connected - Words: 2000, Batch: 128, Epochs: 3, Outputs: 64

Results of Training Set

--------------------
Accuracy: 0.6366300196378594, F1 Score: 0.3109978591769512, Precision: 0.6131834072431993, Recall: 0.28795576659937316

              precision    recall  f1-score   support

           0       0.68      0.18      0.29      8263
           1       0.90      0.00      0.00      3968
           2       1.00      0.01      0.02      1050
           3       0.86      0.81      0.83     14541
           4       0.00      0.00      0.00      1763
           5       0.71      0.13      0.21      4392
           6       0.78      0.50      0.61     11089
           7       0.61      0.32      0.42     22288
           8       0.00      0.00      0.00      1971
           9       0.59      0.93      0.73     60017

   micro avg       0.64      0.64      0.64    129342
   macro avg       0.61      0.29      0.31    129342
weighted avg       0.65      0.64      0.58    129342
 samples avg       0.64      0.64      0.64    129342


[[ 1513     0     0     7     0    33     7   217     0  6486]
 [    8     9     0   247     0     7    89   468     0  3140]
 [   30     0     9     5     0     5    24    85     0   892]
 [   15     0     0 11843     0     4    47   832     0  1800]
 [    5     0     0    19     0     1    11    59     0  1668]
 [   68     0     0    61     0   550    12   348     0  3353]
 [    1     0     0   217     0     1  5535   205     0  5130]
 [   98     1     0   893     0    73   156  7056     0 14011]
 [    7     0     0    61     0     6    17   314     0  1566]
 [  479     0     0   485     0    99  1163  1963     0 55828]]

Results of Validation Set

--------------------
Accuracy: 0.6095931715915944, F1 Score: 0.2849254580652103, Precision: 0.48844563636120314, Recall: 0.26730875759117667

              precision    recall  f1-score   support

           0       0.59      0.14      0.23      2797
           1       0.00      0.00      0.00      1370
           2       1.00      0.01      0.02       371
           3       0.83      0.78      0.80      4733
           4       0.00      0.00      0.00       600
           5       0.60      0.10      0.16      1417
           6       0.73      0.45      0.56      3795
           7       0.56      0.28      0.38      7454
           8       0.00      0.00      0.00       665
           9       0.58      0.92      0.71     19912

   micro avg       0.61      0.61      0.61     43114
   macro avg       0.49      0.27      0.28     43114
weighted avg       0.58      0.61      0.55     43114
 samples avg       0.61      0.61      0.61     43114


[[  392     0     0     5     0    14     6    78     0  2302]
 [    1     0     0    93     0     3    31   172     0  1070]
 [    6     0     3     4     0     1     6    27     0   324]
 [    4     0     0  3705     0     0    29   305     0   690]
 [    2     0     0     4     0     1     3    31     0   559]
 [   19     0     0    11     0   135     3   137     0  1112]
 [    3     0     0    85     0     0  1699    74     0  1934]
 [   37     1     0   344     0    29    58  2111     0  4874]
 [    2     0     0    26     0     4     3   115     0   515]
 [  196     0     0   212     0    37   486   744     0 18237]]

Results of Test Set

--------------------
Accuracy: 0.6106601104049728, F1 Score: 0.28466713483311856, Precision: 0.58843423236, Recall: 0.26751077960030545

              precision    recall  f1-score   support

           0       0.60      0.15      0.24      2795
           1       1.00      0.00      0.00      1321
           2       1.00      0.01      0.01       355
           3       0.83      0.79      0.81      4700
           4       0.00      0.00      0.00       585
           5       0.60      0.09      0.16      1504
           6       0.72      0.45      0.55      3669
           7       0.55      0.27      0.37      7506
           8       0.00      0.00      0.00       666
           9       0.58      0.92      0.71     20013

   micro avg       0.61      0.61      0.61     43114
   macro avg       0.59      0.27      0.28     43114
weighted avg       0.62      0.61      0.55     43114
 samples avg       0.61      0.61      0.61     43114


[[  409     0     0     5     0    13     5    91     0  2272]
 [    3     3     0    74     0     0    36   165     0  1040]
 [    7     0     2     3     0     0     6    26     0   311]
 [    8     0     0  3708     0     1    24   319     0   640]
 [    2     0     0     6     0     0     7    20     0   550]
 [   24     0     0    21     0   136     8   120     0  1195]
 [    1     0     0    70     0     0  1649    81     0  1868]
 [   44     0     0   367     0    34    55  2062     0  4944]
 [    2     0     0    22     0     4     4   114     0   520]
 [  183     0     0   215     0    37   484   735     0 18359]]

