Title: Fully Connected - Words: 2000, Batch: 32, Epochs: 3, Outputs: 128

Results of Training Set

--------------------
Accuracy: 0.6492322679408081, F1 Score: 0.35162222743855825, Precision: 0.7114487146926827, Recall: 0.3138742142831211

              precision    recall  f1-score   support

           0       0.73      0.23      0.35      8263
           1       0.88      0.02      0.04      3968
           2       0.91      0.06      0.11      1050
           3       0.87      0.82      0.85     14541
           4       0.00      0.00      0.00      1763
           5       0.69      0.24      0.35      4392
           6       0.83      0.51      0.63     11089
           7       0.66      0.28      0.39     22288
           8       0.93      0.03      0.06      1971
           9       0.60      0.95      0.73     60017

   micro avg       0.65      0.65      0.65    129342
   macro avg       0.71      0.31      0.35    129342
weighted avg       0.68      0.65      0.60    129342
 samples avg       0.65      0.65      0.65    129342


[[ 1928     0     0     5     0   104     9   135     0  6082]
 [    5    76     0   191     0     8    66   388     0  3234]
 [   29     0    61     7     0     6    22    33     0   892]
 [   19     3     0 11990     0     4    29   710     1  1785]
 [    4     0     0    19     0     1     4    31     0  1704]
 [   91     0     0    56     0  1041    19   283     1  2901]
 [    2     0     1   205     0     1  5637   115     0  5128]
 [  119     2     3   825     0   138   152  6260     0 14789]
 [    8     1     0    61     0    13    11   274    57  1546]
 [  438     4     2   432     0   189   823  1204     2 56923]]

Results of Validation Set

--------------------
Accuracy: 0.6104977501507631, F1 Score: 0.30484931988027597, Precision: 0.6301694276803032, Recall: 0.27812902327302197

              precision    recall  f1-score   support

           0       0.60      0.18      0.27      2797
           1       0.57      0.01      0.02      1370
           2       0.94      0.04      0.08       371
           3       0.83      0.78      0.81      4733
           4       0.00      0.00      0.00       600
           5       0.58      0.17      0.26      1417
           6       0.75      0.42      0.54      3795
           7       0.58      0.24      0.34      7454
           8       0.89      0.01      0.02       665
           9       0.57      0.93      0.71     19912

   micro avg       0.61      0.61      0.61     43114
   macro avg       0.63      0.28      0.30     43114
weighted avg       0.62      0.61      0.55     43114
 samples avg       0.61      0.61      0.61     43114


[[  497     0     0     5     0    33     7    51     0  2204]
 [    2    12     0    91     0     4    32   144     0  1085]
 [   15     0    15     3     0     1     7    14     0   316]
 [    6     2     0  3712     0     0    19   266     0   728]
 [    2     0     0     4     0     0     4    10     0   580]
 [   31     0     0    11     0   241     6   112     0  1016]
 [    6     0     0    84     0     2  1607    39     0  2057]
 [   63     4     1   323     0    54    54  1771     0  5184]
 [    3     0     0    24     0     9     3   101     8   517]
 [  208     3     0   210     0    75   414   543     1 18458]]

Results of Test Set

--------------------
Accuracy: 0.6117502435403813, F1 Score: 0.3018086272547758, Precision: 0.5711641307810228, Recall: 0.27683446840811504

              precision    recall  f1-score   support

           0       0.60      0.18      0.28      2795
           1       0.33      0.01      0.01      1321
           2       0.77      0.03      0.05       355
           3       0.83      0.79      0.81      4700
           4       0.00      0.00      0.00       585
           5       0.55      0.16      0.25      1504
           6       0.73      0.43      0.54      3669
           7       0.58      0.24      0.34      7506
           8       0.73      0.02      0.03       666
           9       0.58      0.93      0.71     20013

   micro avg       0.61      0.61      0.61     43114
   macro avg       0.57      0.28      0.30     43114
weighted avg       0.61      0.61      0.55     43114
 samples avg       0.61      0.61      0.61     43114


[[  503     0     0     7     0    46     7    67     0  2165]
 [    3     7     0    74     0     2    35   137     0  1063]
 [    9     0    10     4     0     3    10    19     0   300]
 [    8     2     0  3708     0     1    13   275     0   693]
 [    3     0     0     7     0     1     3    13     0   558]
 [   35     0     0    19     0   239     9    95     0  1107]
 [    2     2     1    76     0     1  1567    48     0  1972]
 [   60     6     1   334     0    59    46  1773     0  5227]
 [    2     0     0    21     0     7     4   109    11   512]
 [  212     4     1   201     0    75   445   514     4 18557]]

