Title: Fully Connected - Words: 2000, Batch: 64, Epochs: 3, Outputs: 128

Results of Training Set

--------------------
Accuracy: 0.6563451933633313, F1 Score: 0.3644125480669285, Precision: 0.6962254535321257, Recall: 0.3273710134601341

              precision    recall  f1-score   support

           0       0.68      0.33      0.45      8263
           1       0.87      0.02      0.03      3968
           2       0.85      0.07      0.12      1050
           3       0.87      0.82      0.85     14541
           4       0.00      0.00      0.00      1763
           5       0.68      0.24      0.35      4392
           6       0.82      0.52      0.63     11089
           7       0.63      0.33      0.44     22288
           8       0.94      0.02      0.03      1971
           9       0.61      0.93      0.74     60017

   micro avg       0.66      0.66      0.66    129342
   macro avg       0.70      0.33      0.36    129342
weighted avg       0.68      0.66      0.61    129342
 samples avg       0.66      0.66      0.66    129342


[[ 2761     0     0     8     0    77    10   229     0  5178]
 [   12    67     0   219     0     8    61   461     0  3140]
 [   39     0    70     6     0     9    17    72     0   837]
 [   31     4     0 11955     0     5    43   812     0  1691]
 [    9     0     0    16     0     4     7    43     0  1684]
 [  180     0     1    66     0  1041    13   404     0  2687]
 [    4     1     1   203     0     2  5721   165     0  4992]
 [  241     3     6   769     0   144   147  7442     0 13536]
 [   28     0     0    66     0    26    16   334    34  1467]
 [  754     2     4   446     0   209   955  1843     2 55802]]

Results of Validation Set

--------------------
Accuracy: 0.6152061975228464, F1 Score: 0.3167167870039701, Precision: 0.5849985402240083, Recall: 0.2894713770989424

              precision    recall  f1-score   support

           0       0.56      0.25      0.35      2797
           1       0.50      0.01      0.01      1370
           2       0.84      0.04      0.08       371
           3       0.83      0.78      0.80      4733
           4       0.00      0.00      0.00       600
           5       0.58      0.18      0.28      1417
           6       0.74      0.43      0.55      3795
           7       0.55      0.29      0.38      7454
           8       0.67      0.01      0.01       665
           9       0.59      0.91      0.71     19912

   micro avg       0.62      0.62      0.62     43114
   macro avg       0.58      0.29      0.32     43114
weighted avg       0.61      0.62      0.56     43114
 samples avg       0.62      0.62      0.62     43114


[[  706     0     1     4     0    30     6    83     0  1967]
 [    3     8     0    93     0     2    33   173     0  1058]
 [   20     0    16     3     0     2     7    23     0   300]
 [   10     2     0  3688     0     2    34   315     0   682]
 [    6     0     0     5     0     0     3    26     0   560]
 [   61     0     0    14     0   256     4   159     0   923]
 [    9     0     0    77     0     1  1649    57     0  2002]
 [  104     4     2   331     0    52    49  2128     1  4783]
 [    4     0     0    26     0    12     1   122     4   496]
 [  345     2     0   208     0    86   452   749     1 18069]]

Results of Test Set

--------------------
Accuracy: 0.6166442454887043, F1 Score: 0.3149486295857417, Precision: 0.6234823446762529, Recall: 0.288735648775686

              precision    recall  f1-score   support

           0       0.54      0.25      0.35      2795
           1       0.62      0.01      0.01      1321
           2       1.00      0.03      0.07       355
           3       0.84      0.79      0.81      4700
           4       0.00      0.00      0.00       585
           5       0.52      0.16      0.24      1504
           6       0.73      0.44      0.55      3669
           7       0.55      0.28      0.38      7506
           8       0.85      0.02      0.03       666
           9       0.59      0.91      0.71     20013

   micro avg       0.62      0.62      0.62     43114
   macro avg       0.62      0.29      0.31     43114
weighted avg       0.62      0.62      0.56     43114
 samples avg       0.62      0.62      0.62     43114


[[  712     0     0     6     0    38    10   100     0  1929]
 [    8     8     0    71     0     1    33   170     0  1030]
 [   19     0    12     4     0     4     9    28     0   279]
 [   13     0     0  3703     0     1    20   335     0   628]
 [    3     0     0     3     0     1     7    20     0   551]
 [   76     0     0    19     0   239    10   141     0  1019]
 [    2     0     0    70     0     4  1604    65     0  1924]
 [  112     2     0   334     0    70    40  2139     0  4809]
 [    8     0     0    21     0     9     6   122    11   489]
 [  358     3     0   184     0    91   464   753     2 18158]]

