Title: Fully Connected - Words: 2000, Batch: 128, Epochs: 3, Outputs: 128

Results of Training Set

--------------------
Accuracy: 0.6573348177699433, F1 Score: 0.3576632255447187, Precision: 0.6856289589643146, Recall: 0.3278912403713661

              precision    recall  f1-score   support

           0       0.67      0.31      0.42      8263
           1       0.74      0.01      0.02      3968
           2       0.95      0.03      0.06      1050
           3       0.86      0.83      0.84     14541
           4       0.00      0.00      0.00      1763
           5       0.63      0.27      0.38      4392
           6       0.79      0.54      0.64     11089
           7       0.60      0.37      0.46     22288
           8       1.00      0.01      0.01      1971
           9       0.62      0.91      0.74     60017

   micro avg       0.66      0.66      0.66    129342
   macro avg       0.69      0.33      0.36    129342
weighted avg       0.67      0.66      0.61    129342
 samples avg       0.66      0.66      0.66    129342


[[ 2521     0     0    14     0   148    11   348     0  5221]
 [   18    39     0   242     0    13   112   560     0  2984]
 [   36     0    35     4     0    11    34    74     0   856]
 [   25     4     0 12098     0     7    47   894     0  1466]
 [    6     0     0    21     0     4    10    70     0  1652]
 [  150     0     0    72     0  1189    13   456     0  2512]
 [    2     1     1   223     0     3  5944   209     0  4706]
 [  255     5     1   815     0   215   176  8281     0 12540]
 [   21     0     0    66     0    30    19   416    11  1408]
 [  712     4     0   591     0   274  1139  2394     0 54903]]

Results of Validation Set

--------------------
Accuracy: 0.6169921603191538, F1 Score: 0.31651386879314725, Precision: 0.6286172150296016, Recall: 0.2942409408975909

              precision    recall  f1-score   support

           0       0.56      0.24      0.34      2797
           1       0.67      0.00      0.01      1370
           2       0.88      0.02      0.04       371
           3       0.81      0.80      0.80      4733
           4       0.00      0.00      0.00       600
           5       0.52      0.21      0.30      1417
           6       0.72      0.46      0.56      3795
           7       0.54      0.32      0.40      7454
           8       1.00      0.00      0.00       665
           9       0.59      0.89      0.71     19912

   micro avg       0.62      0.62      0.62     43114
   macro avg       0.63      0.29      0.32     43114
weighted avg       0.62      0.62      0.57     43114
 samples avg       0.62      0.62      0.62     43114


[[  674     0     0     7     0    60     8   134     0  1914]
 [    2     6     0   102     0     4    42   193     0  1021]
 [   11     0     7     4     0     5     8    25     0   311]
 [    7     1     0  3763     0     0    22   330     0   610]
 [    5     0     0     6     0     1     3    29     0   556]
 [   52     0     0    16     0   294     5   176     0   874]
 [    8     0     0    93     0     1  1757    60     0  1876]
 [  101     2     1   341     0    82    67  2404     0  4456]
 [    7     0     0    24     0    14     1   140     1   478]
 [  330     0     0   263     0   107   535   982     0 17695]]

Results of Test Set

--------------------
Accuracy: 0.6198450619288398, F1 Score: 0.3166217727436189, Precision: 0.6130040472699598, Recall: 0.2944353425991448

              precision    recall  f1-score   support

           0       0.56      0.24      0.34      2795
           1       0.38      0.00      0.01      1321
           2       1.00      0.02      0.04       355
           3       0.82      0.80      0.81      4700
           4       0.00      0.00      0.00       585
           5       0.51      0.20      0.28      1504
           6       0.72      0.46      0.56      3669
           7       0.54      0.32      0.40      7506
           8       1.00      0.00      0.00       666
           9       0.60      0.89      0.72     20013

   micro avg       0.62      0.62      0.62     43114
   macro avg       0.61      0.29      0.32     43114
weighted avg       0.61      0.62      0.57     43114
 samples avg       0.62      0.62      0.62     43114


[[  678     0     0     7     0    64    10   139     0  1897]
 [    4     5     0    77     0     4    36   201     0   994]
 [   15     0     7     4     0     5     9    29     0   286]
 [    9     0     0  3766     0     1    22   356     0   546]
 [    1     0     0     6     0     1     5    27     0   545]
 [   68     0     0    20     0   295    10   159     0   952]
 [    1     2     0    77     0     2  1700    81     0  1806]
 [   92     3     0   361     0    79    55  2439     0  4477]
 [    8     1     0    21     0    11     4   143     1   477]
 [  328     2     0   250     0   119   515   966     0 17833]]

