Title: Fully Connected - Words: 2000, Batch: 32, Epochs: 3, Outputs: 256

Results of Training Set

--------------------
Accuracy: 0.6848355522568075, F1 Score: 0.41611498694368676, Precision: 0.8215095177714067, Recall: 0.3692583675727413

              precision    recall  f1-score   support

           0       0.73      0.44      0.55      8263
           1       0.86      0.03      0.07      3968
           2       0.88      0.12      0.21      1050
           3       0.92      0.80      0.86     14541
           4       1.00      0.00      0.01      1763
           5       0.74      0.33      0.45      4392
           6       0.83      0.57      0.68     11089
           7       0.62      0.44      0.51     22288
           8       0.99      0.04      0.07      1971
           9       0.64      0.92      0.76     60017

   micro avg       0.68      0.68      0.68    129342
   macro avg       0.82      0.37      0.42    129342
weighted avg       0.71      0.68      0.65    129342
 samples avg       0.68      0.68      0.68    129342


[[ 3609     0     0     5     0    72     8   407     0  4162]
 [   13   134     0   152     0    11    97   599     0  2962]
 [   38     0   125     2     0    10    24    81     0   770]
 [   31     7     0 11693     0     5    45  1144     0  1616]
 [    5     1     0    12     7     2     7    63     0  1666]
 [  189     0     0    40     0  1429    20   524     0  2190]
 [    6     3     2   153     0     4  6322   244     0  4355]
 [  262     8    10   370     0   157   162  9742     0 11577]
 [   32     0     0    43     0    23    19   390    76  1388]
 [  767     2     5   251     0   224   918  2408     1 55441]]

Results of Validation Set

--------------------
Accuracy: 0.6172472978614835, F1 Score: 0.33377601511623534, Precision: 0.6030756715331398, Recall: 0.3025622008596567

              precision    recall  f1-score   support

           0       0.54      0.29      0.38      2797
           1       0.69      0.02      0.03      1370
           2       0.65      0.05      0.10       371
           3       0.86      0.74      0.80      4733
           4       0.00      0.00      0.00       600
           5       0.60      0.22      0.33      1417
           6       0.71      0.46      0.55      3795
           7       0.52      0.35      0.42      7454
           8       0.88      0.01      0.02       665
           9       0.60      0.88      0.71     19912

   micro avg       0.62      0.62      0.62     43114
   macro avg       0.60      0.30      0.33     43114
weighted avg       0.62      0.62      0.58     43114
 samples avg       0.62      0.62      0.62     43114


[[  814     0     1     5     0    34     8   167     0  1768]
 [    3    22     0    76     0     2    41   206     0  1020]
 [   18     0    20     1     0     1    10    30     0   291]
 [   11     3     0  3502     0     1    37   458     0   721]
 [    9     0     0     2     0     0     6    31     0   552]
 [   78     0     2    10     0   318     7   202     0   800]
 [   13     1     2    69     0     1  1732    86     0  1891]
 [  119     3     3   216     0    68    76  2610     1  4358]
 [   11     0     0    20     0    13     2   151     7   461]
 [  431     3     3   157     0    92   537  1102     0 17587]]

Results of Test Set

--------------------
Accuracy: 0.6202393654033492, F1 Score: 0.3310531002125991, Precision: 0.5929695859919489, Recall: 0.3014056547741116

              precision    recall  f1-score   support

           0       0.52      0.30      0.38      2795
           1       0.62      0.01      0.01      1321
           2       0.59      0.05      0.08       355
           3       0.87      0.75      0.80      4700
           4       0.00      0.00      0.00       585
           5       0.55      0.20      0.29      1504
           6       0.70      0.46      0.55      3669
           7       0.53      0.36      0.42      7506
           8       0.94      0.02      0.04       666
           9       0.60      0.89      0.72     20013

   micro avg       0.62      0.62      0.62     43114
   macro avg       0.59      0.30      0.33     43114
weighted avg       0.62      0.62      0.58     43114
 samples avg       0.62      0.62      0.62     43114


[[  831     0     2     3     0    43     7   177     0  1732]
 [   11    10     1    63     0     3    37   213     0   983]
 [   19     0    16     3     0     5     9    35     0   268]
 [   19     1     2  3516     0     3    29   453     0   677]
 [    3     0     0     5     0     2     5    26     0   544]
 [   98     0     0    17     0   296    10   182     0   901]
 [    3     0     0    58     0     3  1672   111     0  1822]
 [  143     4     1   211     0    77    57  2671     0  4342]
 [   13     0     0    18     0     8     6   149    15   457]
 [  444     1     5   142     0    99   552  1055     1 17714]]

