Title: Fully Connected - Words: 2000, Batch: 64, Epochs: 3, Outputs: 256

Results of Training Set

--------------------
Accuracy: 0.6798565044610413, F1 Score: 0.4087047594212071, Precision: 0.825759941359849, Recall: 0.36143643682601884

              precision    recall  f1-score   support

           0       0.74      0.34      0.47      8263
           1       0.89      0.05      0.09      3968
           2       0.92      0.12      0.21      1050
           3       0.88      0.85      0.86     14541
           4       1.00      0.00      0.00      1763
           5       0.74      0.33      0.46      4392
           6       0.84      0.56      0.68     11089
           7       0.66      0.39      0.49     22288
           8       0.96      0.04      0.08      1971
           9       0.63      0.93      0.75     60017

   micro avg       0.68      0.68      0.68    129342
   macro avg       0.83      0.36      0.41    129342
weighted avg       0.71      0.68      0.64    129342
 samples avg       0.68      0.68      0.68    129342


[[ 2843     0     0     7     0    98     9   262     0  5044]
 [   11   197     0   193     0    10    76   516     0  2965]
 [   42     1   124     5     0     9    24    88     0   757]
 [   19     7     0 12302     0     6    34   672     0  1501]
 [    8     0     0    22     1     1     8    73     0  1650]
 [  139     0     0    56     0  1455    19   412     0  2311]
 [    6     5     2   201     0     2  6256   208     0  4409]
 [  193     4     5   706     0   165   133  8643     1 12438]
 [   18     2     0    65     0    20    15   279    77  1495]
 [  582     6     4   421     0   211   853  1902     2 56036]]

Results of Validation Set

--------------------
Accuracy: 0.6201697824372594, F1 Score: 0.33111483114719065, Precision: 0.6177970181547199, Recall: 0.30085372474054173

              precision    recall  f1-score   support

           0       0.57      0.24      0.34      2797
           1       0.68      0.02      0.04      1370
           2       0.75      0.06      0.11       371
           3       0.82      0.79      0.81      4733
           4       0.00      0.00      0.00       600
           5       0.58      0.23      0.32      1417
           6       0.73      0.45      0.56      3795
           7       0.55      0.31      0.40      7454
           8       0.91      0.02      0.03       665
           9       0.59      0.90      0.71     19912

   micro avg       0.62      0.62      0.62     43114
   macro avg       0.62      0.30      0.33     43114
weighted avg       0.62      0.62      0.57     43114
 samples avg       0.62      0.62      0.62     43114


[[  676     0     2     6     0    40     4   112     0  1957]
 [    2    27     0    96     0     5    38   190     0  1012]
 [   27     0    21     4     0     0     8    28     0   283]
 [    8     2     0  3741     0     4    29   291     0   658]
 [    2     0     0     5     0     0     5    34     0   554]
 [   54     0     0    14     0   319     4   171     0   855]
 [   11     1     2    83     0     1  1706    77     0  1914]
 [   87     6     2   343     0    66    64  2312     1  4573]
 [    4     0     0    25     0    11     4   111    10   500]
 [  324     4     1   223     0   103   490   841     0 17926]]

Results of Test Set

--------------------
Accuracy: 0.618337430996892, F1 Score: 0.32610135278906943, Precision: 0.591567451478143, Recall: 0.29699919652614926

              precision    recall  f1-score   support

           0       0.55      0.24      0.33      2795
           1       0.56      0.02      0.03      1321
           2       0.62      0.05      0.08       355
           3       0.83      0.80      0.82      4700
           4       0.00      0.00      0.00       585
           5       0.54      0.19      0.29      1504
           6       0.71      0.45      0.55      3669
           7       0.55      0.30      0.39      7506
           8       0.95      0.03      0.06       666
           9       0.59      0.90      0.71     20013

   micro avg       0.62      0.62      0.62     43114
   macro avg       0.59      0.30      0.33     43114
weighted avg       0.61      0.62      0.57     43114
 samples avg       0.62      0.62      0.62     43114


[[  665     0     2     4     0    45     5   114     0  1960]
 [    6    22     1    72     0     6    35   188     0   991]
 [   16     0    16     3     0     4    10    29     0   277]
 [    8     3     1  3752     0     1    22   294     0   619]
 [    3     1     0     5     0     2     6    26     0   542]
 [   62     1     1    19     0   291     8   153     0   969]
 [    4     1     0    69     0     2  1649    87     0  1857]
 [   89     3     1   354     0    70    47  2270     0  4672]
 [    5     0     0    21     0     9     3   111    19   498]
 [  341     8     4   206     0   108   522   848     1 17975]]

