Title: Fully Connected - Words: 1000, Batch: 64, Epochs: 2, Outputs: 16

Results of Training Set

--------------------
Accuracy: 0.5803915201558658, F1 Score: 0.2115556368625592, Precision: 0.3320503313170985, Recall: 0.21300396138350633

              precision    recall  f1-score   support

           0       0.50      0.00      0.00      8263
           1       0.00      0.00      0.00      3968
           2       0.00      0.00      0.00      1050
           3       0.85      0.75      0.80     14541
           4       0.00      0.00      0.00      1763
           5       0.00      0.00      0.00      4392
           6       0.82      0.29      0.43     11089
           7       0.61      0.12      0.19     22288
           8       0.00      0.00      0.00      1971
           9       0.54      0.97      0.69     60017

   micro avg       0.58      0.58      0.58    129342
   macro avg       0.33      0.21      0.21    129342
weighted avg       0.55      0.58      0.48    129342
 samples avg       0.58      0.58      0.58    129342


[[    5     0     0     4     0     0     4    26     0  8224]
 [    0     0     0   161     0     0    30   165     0  3612]
 [    0     0     0     6     0     0    10    29     0  1005]
 [    0     0     0 10926     0     0    23   462     0  3130]
 [    0     0     0    14     0     0     4    22     0  1723]
 [    3     0     0    50     0     0     7   137     0  4195]
 [    0     0     0   211     0     0  3223    67     0  7588]
 [    0     0     0   900     0     0    66  2568     0 18754]
 [    0     0     0    57     0     0     8   113     0  1793]
 [    2     0     0   497     0     0   564   607     0 58347]]

Results of Validation Set

--------------------
Accuracy: 0.573201280326576, F1 Score: 0.2082074925401854, Precision: 0.2769700060548656, Recall: 0.2104391309139809

              precision    recall  f1-score   support

           0       0.00      0.00      0.00      2797
           1       0.00      0.00      0.00      1370
           2       0.00      0.00      0.00       371
           3       0.84      0.74      0.79      4733
           4       0.00      0.00      0.00       600
           5       0.00      0.00      0.00      1417
           6       0.79      0.28      0.41      3795
           7       0.61      0.12      0.19      7454
           8       0.00      0.00      0.00       665
           9       0.53      0.97      0.69     19912

   micro avg       0.57      0.57      0.57     43114
   macro avg       0.28      0.21      0.21     43114
weighted avg       0.51      0.57      0.47     43114
 samples avg       0.57      0.57      0.57     43114


[[    0     0     0     4     0     0     3    10     0  2780]
 [    0     0     0    69     0     0    16    53     0  1232]
 [    0     0     0     0     0     0     4     6     0   361]
 [    0     0     0  3498     0     0    14   149     0  1072]
 [    0     0     0     2     0     0     0    12     0   586]
 [    0     0     0    12     0     0     2    51     0  1352]
 [    0     0     0    76     0     0  1068    21     0  2630]
 [    0     0     0   304     0     0    19   859     0  6272]
 [    0     0     0    20     0     0     1    40     0   604]
 [    0     0     0   188     0     0   225   211     0 19288]]

Results of Test Set

--------------------
Accuracy: 0.5741290532077747, F1 Score: 0.20792450642578303, Precision: 0.3434659777720198, Recall: 0.21039291687790945

              precision    recall  f1-score   support

           0       0.67      0.00      0.00      2795
           1       0.00      0.00      0.00      1321
           2       0.00      0.00      0.00       355
           3       0.85      0.74      0.79      4700
           4       0.00      0.00      0.00       585
           5       0.00      0.00      0.00      1504
           6       0.79      0.28      0.41      3669
           7       0.60      0.11      0.18      7506
           8       0.00      0.00      0.00       666
           9       0.53      0.97      0.69     20013

   micro avg       0.57      0.57      0.57     43114
   macro avg       0.34      0.21      0.21     43114
weighted avg       0.55      0.57      0.47     43114
 samples avg       0.57      0.57      0.57     43114


[[    2     0     0     1     0     0     2    15     0  2775]
 [    0     0     0    48     0     0    12    51     0  1210]
 [    0     0     0     3     0     0     4     7     0   341]
 [    0     0     0  3501     0     0     8   158     0  1033]
 [    0     0     0     3     0     0     2     8     0   572]
 [    1     0     0    15     0     0     2    45     0  1441]
 [    0     0     0    68     0     0  1031    19     0  2551]
 [    0     0     0   310     0     0    22   805     0  6369]
 [    0     0     0    18     0     0     2    34     0   612]
 [    0     0     0   174     0     0   218   207     0 19414]]

