Title: Fully Connected - Words: 2000, Batch: 128, Epochs: 3, Outputs: 256

Results of Training Set

--------------------
Accuracy: 0.6805755284439703, F1 Score: 0.4057424753543448, Precision: 0.792269307129762, Recall: 0.36412734824872617

              precision    recall  f1-score   support

           0       0.68      0.43      0.52      8263
           1       0.80      0.02      0.04      3968
           2       0.83      0.10      0.18      1050
           3       0.89      0.83      0.86     14541
           4       1.00      0.00      0.00      1763
           5       0.72      0.29      0.42      4392
           6       0.81      0.57      0.67     11089
           7       0.62      0.44      0.51     22288
           8       0.92      0.05      0.10      1971
           9       0.65      0.91      0.76     60017

   micro avg       0.68      0.68      0.68    129342
   macro avg       0.79      0.36      0.41    129342
weighted avg       0.70      0.68      0.64    129342
 samples avg       0.68      0.68      0.68    129342


[[ 3519     0     1     6     0    86    21   443     1  4186]
 [   18    89     0   178     0    10    94   610     0  2969]
 [   52     0   105     5     0    11    23    86     0   768]
 [   38    10     0 11998     0     8    49   954     0  1484]
 [   11     1     1    12     1     2     6    86     0  1643]
 [  225     0     0    59     0  1286    17   598     0  2207]
 [    8     2     2   203     0     2  6340   245     1  4286]
 [  324     4     8   606     0   157   173  9762     1 11253]
 [   37     0     0    60     0    22    19   378   101  1354]
 [  932     5     9   390     0   197  1048  2604     6 54826]]

Results of Validation Set

--------------------
Accuracy: 0.6215614417590574, F1 Score: 0.33878083801129594, Precision: 0.5665762393381053, Recall: 0.30995516821375996

              precision    recall  f1-score   support

           0       0.53      0.31      0.39      2797
           1       0.53      0.01      0.02      1370
           2       0.66      0.06      0.10       371
           3       0.84      0.78      0.81      4733
           4       0.00      0.00      0.00       600
           5       0.57      0.21      0.30      1417
           6       0.71      0.47      0.57      3795
           7       0.53      0.37      0.43      7454
           8       0.70      0.02      0.04       665
           9       0.60      0.87      0.71     19912

   micro avg       0.62      0.62      0.62     43114
   macro avg       0.57      0.31      0.34     43114
weighted avg       0.61      0.62      0.58     43114
 samples avg       0.62      0.62      0.62     43114


[[  871     0     1     3     0    35     6   152     0  1729]
 [    3    17     0    89     0     4    45   228     0   984]
 [   25     0    21     3     0     2     8    33     0   279]
 [   15     2     0  3681     0     2    30   376     0   627]
 [    5     0     0     3     0     1     3    35     0   553]
 [   87     0     2    12     0   295     6   205     0   810]
 [   10     1     3    82     0     1  1798    76     0  1824]
 [  139     8     2   280     0    69    65  2727     5  4159]
 [    6     0     0    24     0    16     4   145    14   456]
 [  469     4     3   209     0    97   578  1177     1 17374]]

Results of Test Set

--------------------
Accuracy: 0.6213758871828177, F1 Score: 0.3334893493571268, Precision: 0.5510948591291449, Recall: 0.30621317809719023

              precision    recall  f1-score   support

           0       0.52      0.31      0.39      2795
           1       0.37      0.01      0.02      1321
           2       0.62      0.05      0.08       355
           3       0.84      0.78      0.81      4700
           4       0.00      0.00      0.00       585
           5       0.53      0.18      0.27      1504
           6       0.71      0.47      0.57      3669
           7       0.52      0.36      0.43      7506
           8       0.80      0.03      0.06       666
           9       0.61      0.87      0.72     20013

   micro avg       0.62      0.62      0.62     43114
   macro avg       0.55      0.31      0.33     43114
weighted avg       0.61      0.62      0.58     43114
 samples avg       0.62      0.62      0.62     43114


[[  873     1     1     6     0    47    11   178     0  1678]
 [   13    11     0    72     0     2    38   213     0   972]
 [   24     0    16     3     0     3    10    31     0   268]
 [   15     7     1  3676     0     2    26   378     1   594]
 [    2     0     0     4     0     2     6    32     0   539]
 [   98     0     1    20     0   267     9   201     1   907]
 [    3     1     1    73     0     4  1732    96     0  1759]
 [  143     6     2   300     0    71    54  2709     1  4220]
 [    8     0     0    18     0    12     3   149    20   456]
 [  493     4     4   187     0    96   566  1175     2 17486]]

