Title: Fully Connected - Words: 2000, Batch: 32, Epochs: 3, Outputs: 512

Results of Training Set

--------------------
Accuracy: 0.7199208300474711, F1 Score: 0.4962112802536085, Precision: 0.8348673465123053, Recall: 0.43717481008640496

              precision    recall  f1-score   support

           0       0.69      0.62      0.65      8263
           1       0.87      0.15      0.26      3968
           2       0.93      0.18      0.31      1050
           3       0.90      0.86      0.88     14541
           4       0.97      0.04      0.08      1763
           5       0.78      0.42      0.55      4392
           6       0.89      0.60      0.72     11089
           7       0.68      0.47      0.56     22288
           8       0.95      0.10      0.17      1971
           9       0.68      0.92      0.78     60017

   micro avg       0.72      0.72      0.72    129342
   macro avg       0.83      0.44      0.50    129342
weighted avg       0.74      0.72      0.69    129342
 samples avg       0.72      0.72      0.72    129342


[[ 5145     0     0     5     0    63     5   293     0  2752]
 [   25   610     0   153     1    17    61   573     0  2528]
 [   71     1   192     6     0     7    13    88     1   671]
 [   51    15     1 12449     0     8    27   752     0  1238]
 [   18     2     0    19    75     6     8    78     0  1557]
 [  304     0     1    47     0  1849     6   488     1  1696]
 [   15    11     1   175     0     3  6670   242     0  3972]
 [  438    26     6   540     0   149   102 10506     3 10518]
 [   59     0     0    59     0    30    12   347   190  1274]
 [ 1342    35     5   334     1   230   584  2050     6 55430]]

Results of Validation Set

--------------------
Accuracy: 0.6213294985387577, F1 Score: 0.3558431554935707, Precision: 0.6199829906549222, Recall: 0.3240785889065924

              precision    recall  f1-score   support

           0       0.49      0.41      0.45      2797
           1       0.51      0.05      0.10      1370
           2       0.71      0.08      0.14       371
           3       0.83      0.79      0.81      4733
           4       0.67      0.00      0.01       600
           5       0.58      0.25      0.35      1417
           6       0.74      0.43      0.54      3795
           7       0.52      0.34      0.41      7454
           8       0.54      0.02      0.04       665
           9       0.61      0.87      0.71     19912

   micro avg       0.62      0.62      0.62     43114
   macro avg       0.62      0.32      0.36     43114
weighted avg       0.62      0.62      0.58     43114
 samples avg       0.62      0.62      0.62     43114


[[ 1147     0     2     4     0    39     3   134     0  1468]
 [    7    74     1    94     0     3    28   231     0   932]
 [   37     0    29     3     0     3     5    32     0   262]
 [   23     8     0  3746     0     5    24   332     0   595]
 [    9     0     0     4     2     0     5    37     0   543]
 [  127     3     0    16     0   353     4   203     1   710]
 [   15     5     1    82     0     1  1629    84     0  1978]
 [  226    29     1   309     0    74    54  2522     5  4234]
 [   16     1     0    26     0    18     4   138    13   449]
 [  726    25     7   215     1   111   458  1091     5 17273]]

Results of Test Set

--------------------
Accuracy: 0.6243447604026534, F1 Score: 0.35322746370440644, Precision: 0.6513159720333292, Recall: 0.32304836181765434

              precision    recall  f1-score   support

           0       0.48      0.41      0.44      2795
           1       0.48      0.04      0.08      1321
           2       0.65      0.06      0.11       355
           3       0.84      0.80      0.82      4700
           4       1.00      0.00      0.00       585
           5       0.57      0.23      0.33      1504
           6       0.72      0.44      0.54      3669
           7       0.53      0.35      0.42      7506
           8       0.63      0.04      0.07       666
           9       0.61      0.87      0.72     20013

   micro avg       0.62      0.62      0.62     43114
   macro avg       0.65      0.32      0.35     43114
weighted avg       0.62      0.62      0.59     43114
 samples avg       0.62      0.62      0.62     43114


[[ 1135     2     2     6     0    50     5   166     1  1428]
 [   17    54     0    72     0     4    39   224     0   911]
 [   33     0    22     5     0     4    12    34     0   245]
 [   22    10     1  3747     0     4    19   341     1   555]
 [    9     0     0     5     1     1     5    33     0   531]
 [  132     3     0    19     0   351     7   210     1   781]
 [    8     8     0    70     0     2  1603   103     0  1875]
 [  238    17     1   307     0    83    41  2617     4  4198]
 [   15     3     0    21     0    10     3   148    24   442]
 [  771    15     8   196     0   110   484  1058     7 17364]]

