Title: Fully Connected - Words: 2000, Batch: 64, Epochs: 3, Outputs: 512

Results of Training Set

--------------------
Accuracy: 0.7143851185229856, F1 Score: 0.4625793376652315, Precision: 0.8518852742506253, Recall: 0.4016034845834118

              precision    recall  f1-score   support

           0       0.82      0.40      0.54      8263
           1       0.91      0.11      0.19      3968
           2       0.93      0.14      0.25      1050
           3       0.90      0.87      0.88     14541
           4       0.98      0.03      0.05      1763
           5       0.78      0.36      0.49      4392
           6       0.90      0.59      0.71     11089
           7       0.68      0.50      0.58     22288
           8       0.95      0.08      0.15      1971
           9       0.67      0.94      0.78     60017

   micro avg       0.71      0.71      0.71    129342
   macro avg       0.85      0.40      0.46    129342
weighted avg       0.75      0.71      0.68    129342
 samples avg       0.71      0.71      0.71    129342


[[ 3326     0     0     7     0    76     8   415     0  4431]
 [   13   424     0   178     0     9    53   634     0  2657]
 [   29     0   151     6     0     7    14    99     0   744]
 [   20     5     0 12582     0     7    19   692     0  1216]
 [    5     3     0    22    45     4     4    76     0  1604]
 [  111     0     0    57     0  1578    13   553     4  2076]
 [    2     8     1   190     1     3  6527   237     0  4120]
 [  146    16     9   572     0   115   131 11135     4 10160]
 [   22     1     0    71     0    33     9   355   165  1315]
 [  377     8     1   352     0   187   447  2177     1 56467]]

Results of Validation Set

--------------------
Accuracy: 0.6229067124367955, F1 Score: 0.3411658611157975, Precision: 0.6513856726963645, Recall: 0.30676924740921263

              precision    recall  f1-score   support

           0       0.60      0.25      0.35      2797
           1       0.60      0.04      0.07      1370
           2       0.74      0.06      0.11       371
           3       0.83      0.79      0.81      4733
           4       0.67      0.00      0.01       600
           5       0.59      0.22      0.32      1417
           6       0.74      0.42      0.54      3795
           7       0.53      0.37      0.43      7454
           8       0.62      0.02      0.05       665
           9       0.60      0.89      0.72     19912

   micro avg       0.62      0.62      0.62     43114
   macro avg       0.65      0.31      0.34     43114
weighted avg       0.63      0.62      0.58     43114
 samples avg       0.62      0.62      0.62     43114


[[  696     1     1     7     0    41     3   184     1  1863]
 [    4    51     1    94     0     1    32   247     0   940]
 [   13     0    23     2     0     1     8    37     0   287]
 [    6     8     0  3750     0     4    17   330     0   618]
 [    5     0     0     2     2     0     1    43     0   547]
 [   52     0     0    13     0   313     3   208     1   827]
 [    8     3     1    83     0     2  1602    82     0  2014]
 [   87    11     1   307     0    59    63  2767     3  4156]
 [    5     0     0    28     0    17     2   140    16   457]
 [  286    11     4   217     1    92   430  1230     5 17636]]

Results of Test Set

--------------------
Accuracy: 0.6251565616737023, F1 Score: 0.33795368436999296, Precision: 0.5817474071942937, Recall: 0.30508660390756714

              precision    recall  f1-score   support

           0       0.58      0.25      0.35      2795
           1       0.54      0.03      0.05      1321
           2       0.72      0.06      0.11       355
           3       0.84      0.81      0.82      4700
           4       0.00      0.00      0.00       585
           5       0.54      0.19      0.28      1504
           6       0.74      0.42      0.54      3669
           7       0.53      0.37      0.44      7506
           8       0.72      0.04      0.07       666
           9       0.60      0.89      0.72     20013

   micro avg       0.63      0.63      0.63     43114
   macro avg       0.58      0.31      0.34     43114
weighted avg       0.62      0.63      0.58     43114
 samples avg       0.63      0.63      0.63     43114


[[  696     1     0     7     0    45     8   176     0  1862]
 [    9    36     0    88     0     3    28   223     0   934]
 [   11     0    21     3     0     3     9    42     0   266]
 [   16     7     2  3786     0     2    14   330     0   543]
 [    2     1     0     6     0     2     3    29     0   542]
 [   66     1     1    22     0   285     7   206     3   913]
 [    0     4     0    72     0     3  1557   106     0  1927]
 [   97     7     1   321     0    71    43  2767     3  4196]
 [    6     1     0    21     0    11     3   146    26   452]
 [  299     9     4   191     2   100   436  1189     4 17779]]

