Title: Fully Connected - Words: 2000, Batch: 128, Epochs: 3, Outputs: 512

Results of Training Set

--------------------
Accuracy: 0.7061820599650539, F1 Score: 0.45857277235916954, Precision: 0.8206941260918192, Recall: 0.40378629011464956

              precision    recall  f1-score   support

           0       0.77      0.44      0.56      8263
           1       0.88      0.09      0.16      3968
           2       0.87      0.16      0.27      1050
           3       0.88      0.87      0.87     14541
           4       1.00      0.01      0.02      1763
           5       0.71      0.40      0.51      4392
           6       0.86      0.59      0.70     11089
           7       0.67      0.47      0.55     22288
           8       0.91      0.09      0.17      1971
           9       0.66      0.93      0.77     60017

   micro avg       0.71      0.71      0.71    129342
   macro avg       0.82      0.40      0.46    129342
weighted avg       0.73      0.71      0.68    129342
 samples avg       0.71      0.71      0.71    129342


[[ 3639     0     3    13     0   118     7   382     0  4101]
 [   17   343     0   222     0    14    74   530     0  2768]
 [   38     1   170     4     0    10    12    91     0   724]
 [   22     9     1 12610     0    13    27   671     2  1186]
 [    7     4     0    23    22     7     7    79     1  1613]
 [  158     1     2    64     0  1740    16   488     1  1922]
 [    9     6     2   219     0     4  6489   259     0  4101]
 [  257    15    11   749     0   213   152 10429     7 10455]
 [   25     0     0    72     0    33    15   337   181  1308]
 [  579    13     7   402     0   287   707  2299     7 55716]]

Results of Validation Set

--------------------
Accuracy: 0.6250173957415225, F1 Score: 0.3489456712346231, Precision: 0.5632213210581728, Recall: 0.3175488700391622

              precision    recall  f1-score   support

           0       0.56      0.28      0.37      2797
           1       0.54      0.03      0.06      1370
           2       0.63      0.07      0.13       371
           3       0.81      0.80      0.81      4733
           4       0.00      0.00      0.00       600
           5       0.55      0.27      0.36      1417
           6       0.73      0.45      0.56      3795
           7       0.54      0.36      0.43      7454
           8       0.67      0.03      0.05       665
           9       0.61      0.88      0.72     19912

   micro avg       0.63      0.63      0.63     43114
   macro avg       0.56      0.32      0.35     43114
weighted avg       0.61      0.63      0.58     43114
 samples avg       0.63      0.63      0.63     43114


[[  787     0     3     8     0    55     8   163     0  1773]
 [    3    43     0   107     0     5    40   206     0   966]
 [   18     0    26     4     0     2    10    35     0   276]
 [   11     6     0  3805     0     5    20   295     0   591]
 [    7     0     0     3     0     3     2    36     0   549]
 [   62     1     2    20     0   382     5   193     1   751]
 [   11     3     2   101     0     2  1721    92     0  1863]
 [  118    16     4   356     0    88    57  2691     4  4120]
 [    6     0     0    28     0    17     3   137    18   456]
 [  383    11     4   271     0   138   488  1139     4 17474]]

Results of Test Set

--------------------
Accuracy: 0.6246230922670131, F1 Score: 0.3437957438363822, Precision: 0.5406660278851492, Recall: 0.31358764800347677

              precision    recall  f1-score   support

           0       0.55      0.28      0.37      2795
           1       0.49      0.03      0.05      1321
           2       0.56      0.06      0.12       355
           3       0.81      0.81      0.81      4700
           4       0.00      0.00      0.00       585
           5       0.49      0.23      0.31      1504
           6       0.73      0.45      0.56      3669
           7       0.54      0.36      0.43      7506
           8       0.62      0.03      0.07       666
           9       0.61      0.88      0.72     20013

   micro avg       0.62      0.62      0.62     43114
   macro avg       0.54      0.31      0.34     43114
weighted avg       0.61      0.62      0.58     43114
 samples avg       0.62      0.62      0.62     43114


[[  780     1     3    11     0    67     6   180     0  1747]
 [    7    38     0    89     0     4    32   206     0   945]
 [   15     1    23     5     0     8     8    36     0   259]
 [   13    10     1  3817     0     4    17   304     1   533]
 [    4     0     0    11     0     3     7    30     0   530]
 [   66     1     1    24     0   346     7   190     2   867]
 [    4     3     0    83     0     5  1655   103     0  1816]
 [  128    13     3   381     0    93    53  2687     5  4143]
 [    6     0     0    27     0    13     4   134    23   459]
 [  397    10    10   245     0   156   482  1146     6 17561]]

