Title: Fully Connected - Words: 2000, Batch: 32, Epochs: 4, Outputs: 10

Results of Training Set

--------------------
Accuracy: 0.5998438248983315, F1 Score: 0.23438553114133862, Precision: 0.43403343158167457, Recall: 0.23236145923016022

              precision    recall  f1-score   support

           0       0.69      0.00      0.01      8263
           1       0.00      0.00      0.00      3968
           2       0.00      0.00      0.00      1050
           3       0.85      0.80      0.82     14541
           4       0.00      0.00      0.00      1763
           5       0.78      0.01      0.02      4392
           6       0.82      0.37      0.52     11089
           7       0.64      0.17      0.27     22288
           8       0.00      0.00      0.00      1971
           9       0.55      0.97      0.70     60017

   micro avg       0.60      0.60      0.60    129342
   macro avg       0.43      0.23      0.23    129342
weighted avg       0.60      0.60      0.51    129342
 samples avg       0.60      0.60      0.60    129342


[[   34     0     0     3     0     1     1    88     0  8136]
 [    0     0     0   220     0     0    39   227     0  3482]
 [    0     0     0     4     0     1    12    23     0  1010]
 [    0     0     0 11563     0     1    29   460     0  2488]
 [    0     0     0    15     0     0     5    20     0  1723]
 [    2     0     0    51     0    53     6   307     0  3973]
 [    0     0     0   215     0     0  4158    72     0  6644]
 [    0     0     0   938     0     2    72  3827     0 17449]
 [    0     0     0    66     0     2     2   164     0  1737]
 [   13     0     0   522     0     8   728   796     0 57950]]

Results of Validation Set

--------------------
Accuracy: 0.5853087164262188, F1 Score: 0.2247712931490041, Precision: 0.40114639441631095, Recall: 0.224930577574964

              precision    recall  f1-score   support

           0       0.66      0.01      0.01      2797
           1       0.00      0.00      0.00      1370
           2       0.00      0.00      0.00       371
           3       0.82      0.77      0.80      4733
           4       0.00      0.00      0.00       600
           5       0.62      0.01      0.01      1417
           6       0.78      0.36      0.49      3795
           7       0.58      0.15      0.24      7454
           8       0.00      0.00      0.00       665
           9       0.55      0.96      0.70     19912

   micro avg       0.59      0.59      0.59     43114
   macro avg       0.40      0.22      0.22     43114
weighted avg       0.57      0.59      0.49     43114
 samples avg       0.59      0.59      0.59     43114


[[   19     0     0     3     0     1     2    31     0  2741]
 [    0     0     0    98     0     0    19    84     0  1169]
 [    0     0     0     0     0     0     4     7     0   360]
 [    0     0     0  3641     0     0    19   174     0   899]
 [    0     0     0     3     0     0     1     9     0   587]
 [    0     0     0    11     0    10     2   118     0  1276]
 [    0     0     0    87     0     0  1351    26     0  2331]
 [    1     0     0   343     0     1    28  1132     0  5949]
 [    0     0     0    23     0     1     1    63     0   577]
 [    9     0     0   215     0     3   307   296     0 19082]]

Results of Test Set

--------------------
Accuracy: 0.5870019019344065, F1 Score: 0.22531156428416424, Precision: 0.4101455069006386, Recall: 0.22574229113822225

              precision    recall  f1-score   support

           0       0.71      0.00      0.01      2795
           1       0.00      0.00      0.00      1321
           2       0.00      0.00      0.00       355
           3       0.83      0.78      0.80      4700
           4       0.00      0.00      0.00       585
           5       0.65      0.01      0.02      1504
           6       0.77      0.35      0.49      3669
           7       0.59      0.15      0.24      7506
           8       0.00      0.00      0.00       666
           9       0.55      0.96      0.70     20013

   micro avg       0.59      0.59      0.59     43114
   macro avg       0.41      0.23      0.23     43114
weighted avg       0.58      0.59      0.50     43114
 samples avg       0.59      0.59      0.59     43114


[[   10     0     0     1     0     1     2    38     0  2743]
 [    0     0     0    70     0     0    18    81     0  1152]
 [    0     0     0     3     0     0     4     9     0   339]
 [    0     0     0  3666     0     1    17   173     0   843]
 [    0     0     0     4     0     0     6    10     0   565]
 [    1     0     0    19     0    15     5    92     0  1372]
 [    0     0     0    75     0     0  1302    28     0  2264]
 [    0     0     0   357     0     1    23  1128     0  5997]
 [    0     0     0    20     0     0     2    58     0   586]
 [    3     0     0   203     0     5   310   305     0 19187]]

