Title: Fully Connected - Words: 2000, Batch: 64, Epochs: 4, Outputs: 10

Results of Training Set

--------------------
Accuracy: 0.593480849221444, F1 Score: 0.2272508994649649, Precision: 0.435474915898867, Recall: 0.2241694586217661

              precision    recall  f1-score   support

           0       0.68      0.02      0.03      8263
           1       0.00      0.00      0.00      3968
           2       0.00      0.00      0.00      1050
           3       0.86      0.77      0.81     14541
           4       0.00      0.00      0.00      1763
           5       0.83      0.00      0.00      4392
           6       0.82      0.32      0.46     11089
           7       0.61      0.17      0.27     22288
           8       0.00      0.00      0.00      1971
           9       0.55      0.97      0.70     60017

   micro avg       0.59      0.59      0.59    129342
   macro avg       0.44      0.22      0.23    129342
weighted avg       0.60      0.59      0.50    129342
 samples avg       0.59      0.59      0.59    129342


[[  128     0     0     3     0     1     1    25     0  8105]
 [    1     0     0   188     0     0    28   248     0  3503]
 [    1     0     0     1     0     0    10    22     0  1016]
 [    0     0     0 11139     0     0    37   926     0  2439]
 [    0     0     0    12     0     0     4    26     0  1721]
 [   21     0     0    43     0     5     4   178     0  4141]
 [    0     0     0   215     0     0  3547    81     0  7246]
 [    4     0     0   803     0     0    55  3796     0 17630]
 [    0     0     0    54     0     0     7   131     0  1779]
 [   34     0     0   436     0     0   654   746     0 58147]]

Results of Validation Set

--------------------
Accuracy: 0.5825022034605929, F1 Score: 0.2200705898026732, Precision: 0.42421367821191136, Recall: 0.21838927967583682

              precision    recall  f1-score   support

           0       0.73      0.02      0.03      2797
           1       0.00      0.00      0.00      1370
           2       0.00      0.00      0.00       371
           3       0.84      0.74      0.79      4733
           4       0.00      0.00      0.00       600
           5       0.75      0.00      0.00      1417
           6       0.79      0.30      0.43      3795
           7       0.59      0.16      0.25      7454
           8       0.00      0.00      0.00       665
           9       0.54      0.97      0.70     19912

   micro avg       0.58      0.58      0.58     43114
   macro avg       0.42      0.22      0.22     43114
weighted avg       0.59      0.58      0.49     43114
 samples avg       0.58      0.58      0.58     43114


[[   43     0     0     3     0     0     1    12     0  2738]
 [    1     0     0    83     0     0    17    81     0  1188]
 [    0     0     0     1     0     0     3     4     0   363]
 [    0     0     0  3522     0     0    19   319     0   873]
 [    0     0     0     2     0     0     0     9     0   589]
 [    6     0     0     9     0     3     1    63     0  1335]
 [    0     0     0    82     0     0  1137    32     0  2544]
 [    1     0     0   287     0     0    21  1164     0  5981]
 [    1     0     0    20     0     0     2    54     0   588]
 [    7     0     0   180     0     1   233   246     0 19245]]

Results of Test Set

--------------------
Accuracy: 0.5837315025281811, F1 Score: 0.22077639246534592, Precision: 0.4131786461882446, Recall: 0.21917599967620777

              precision    recall  f1-score   support

           0       0.62      0.02      0.03      2795
           1       0.00      0.00      0.00      1321
           2       0.00      0.00      0.00       355
           3       0.84      0.75      0.79      4700
           4       0.00      0.00      0.00       585
           5       0.75      0.00      0.00      1504
           6       0.79      0.31      0.44      3669
           7       0.58      0.15      0.24      7506
           8       0.00      0.00      0.00       666
           9       0.54      0.97      0.70     20013

   micro avg       0.58      0.58      0.58     43114
   macro avg       0.41      0.22      0.22     43114
weighted avg       0.58      0.58      0.49     43114
 samples avg       0.58      0.58      0.58     43114


[[   45     0     0     1     0     1     1    14     0  2733]
 [    0     0     0    58     0     0    13    99     0  1151]
 [    2     0     0     3     0     0     4     8     0   338]
 [    0     0     0  3523     0     0    17   313     0   847]
 [    0     0     0     4     0     0     3    10     0   568]
 [    8     0     0    14     0     3     4    60     0  1415]
 [    0     0     0    70     0     0  1125    25     0  2449]
 [    5     0     0   299     0     0    19  1136     0  6047]
 [    1     0     0    19     0     0     3    43     0   600]
 [   11     0     0   179     0     0   244   244     0 19335]]

