Title: Fully Connected - Words: 2000, Batch: 128, Epochs: 4, Outputs: 10

Results of Training Set

--------------------
Accuracy: 0.5897929520186792, F1 Score: 0.22010386708299118, Precision: 0.3648218750574071, Recall: 0.218953569863843

              precision    recall  f1-score   support

           0       0.75      0.01      0.01      8263
           1       0.00      0.00      0.00      3968
           2       0.00      0.00      0.00      1050
           3       0.87      0.77      0.82     14541
           4       0.00      0.00      0.00      1763
           5       0.00      0.00      0.00      4392
           6       0.84      0.28      0.42     11089
           7       0.65      0.16      0.25     22288
           8       0.00      0.00      0.00      1971
           9       0.54      0.97      0.70     60017

   micro avg       0.59      0.59      0.59    129342
   macro avg       0.36      0.22      0.22    129342
weighted avg       0.58      0.59      0.50    129342
 samples avg       0.59      0.59      0.59    129342


[[   53     0     0     4     0     0     0    21     0  8185]
 [    0     0     0   181     0     0    16   214     0  3557]
 [    0     0     0     3     0     0     6    28     0  1013]
 [    3     0     0 11264     0     0    25   584     0  2665]
 [    0     0     0    15     0     0     2    19     0  1727]
 [    1     0     0    42     0     0     2   170     0  4177]
 [    0     0     0   214     0     0  3101    77     0  7697]
 [    1     0     0   746     0     0    38  3475     0 18028]
 [    0     0     0    55     0     0     4   106     0  1806]
 [   13     0     0   441     0     0   488   683     0 58392]]

Results of Validation Set

--------------------
Accuracy: 0.578883889223918, F1 Score: 0.21353797224686458, Precision: 0.34929313187783445, Recall: 0.21386336876962425

              precision    recall  f1-score   support

           0       0.68      0.01      0.01      2797
           1       0.00      0.00      0.00      1370
           2       0.00      0.00      0.00       371
           3       0.85      0.75      0.80      4733
           4       0.00      0.00      0.00       600
           5       0.00      0.00      0.00      1417
           6       0.82      0.27      0.40      3795
           7       0.61      0.14      0.23      7454
           8       0.00      0.00      0.00       665
           9       0.54      0.97      0.69     19912

   micro avg       0.58      0.58      0.58     43114
   macro avg       0.35      0.21      0.21     43114
weighted avg       0.56      0.58      0.48     43114
 samples avg       0.58      0.58      0.58     43114


[[   19     0     0     3     0     0     1     9     0  2765]
 [    0     0     0    79     0     0    10    77     0  1204]
 [    0     0     0     2     0     0     2     8     0   359]
 [    0     0     0  3566     0     0    13   195     0   959]
 [    0     0     0     2     0     0     0    10     0   588]
 [    2     0     0    10     0     0     0    66     0  1339]
 [    0     0     0    73     0     0  1015    26     0  2681]
 [    1     0     0   279     0     0    13  1055     0  6106]
 [    0     0     0    19     0     0     1    39     0   606]
 [    6     0     0   179     0     0   186   238     0 19303]]

Results of Test Set

--------------------
Accuracy: 0.580252354223686, F1 Score: 0.21387836996725698, Precision: 0.36154046195187567, Recall: 0.21420726766652534

              precision    recall  f1-score   support

           0       0.80      0.01      0.01      2795
           1       0.00      0.00      0.00      1321
           2       0.00      0.00      0.00       355
           3       0.85      0.76      0.80      4700
           4       0.00      0.00      0.00       585
           5       0.00      0.00      0.00      1504
           6       0.82      0.27      0.41      3669
           7       0.61      0.14      0.23      7506
           8       0.00      0.00      0.00       666
           9       0.54      0.97      0.69     20013

   micro avg       0.58      0.58      0.58     43114
   macro avg       0.36      0.21      0.21     43114
weighted avg       0.57      0.58      0.48     43114
 samples avg       0.58      0.58      0.58     43114


[[   16     0     0     2     0     0     1    10     0  2766]
 [    0     0     0    58     0     0     8    75     0  1180]
 [    0     0     0     4     0     0     3     7     0   341]
 [    0     0     0  3556     0     0    13   192     0   939]
 [    0     0     0     5     0     0     1    10     0   569]
 [    0     0     0    15     0     0     3    52     0  1434]
 [    0     0     0    72     0     0   990    26     0  2581]
 [    0     0     0   284     0     0    16  1055     0  6151]
 [    0     0     0    18     0     0     1    41     0   606]
 [    4     0     0   173     0     0   178   258     0 19400]]

