Title: Fully Connected - Words: 2000, Batch: 32, Epochs: 4, Outputs: 16

Results of Training Set

--------------------
Accuracy: 0.6116574662522615, F1 Score: 0.2533577281578856, Precision: 0.4523358540745675, Recall: 0.24436412841267155

              precision    recall  f1-score   support

           0       0.65      0.06      0.11      8263
           1       0.00      0.00      0.00      3968
           2       0.00      0.00      0.00      1050
           3       0.86      0.79      0.83     14541
           4       0.00      0.00      0.00      1763
           5       1.00      0.00      0.00      4392
           6       0.83      0.38      0.52     11089
           7       0.62      0.26      0.36     22288
           8       0.00      0.00      0.00      1971
           9       0.57      0.95      0.71     60017

   micro avg       0.61      0.61      0.61    129342
   macro avg       0.45      0.24      0.25    129342
weighted avg       0.61      0.61      0.54    129342
 samples avg       0.61      0.61      0.61    129342


[[  495     0     0     5     0     0     1   117     0  7645]
 [    1     0     0   191     0     0    34   404     0  3338]
 [    7     0     0     5     0     0     8    25     0  1005]
 [    6     0     0 11514     0     0    29   828     0  2164]
 [    0     0     0    12     0     0     2    32     0  1717]
 [   40     0     0    52     0     1     8   270     0  4021]
 [    1     0     0   206     0     0  4235   120     0  6527]
 [   37     0     0   801     0     0    69  5753     0 15628]
 [    5     0     0    68     0     0     7   250     0  1641]
 [  171     0     0   457     0     0   724  1550     0 57115]]

Results of Validation Set

--------------------
Accuracy: 0.5962332421023333, F1 Score: 0.24322112187853726, Precision: 0.33969333199151613, Recall: 0.23615973918472188

              precision    recall  f1-score   support

           0       0.66      0.06      0.11      2797
           1       0.00      0.00      0.00      1370
           2       0.00      0.00      0.00       371
           3       0.84      0.77      0.80      4733
           4       0.00      0.00      0.00       600
           5       0.00      0.00      0.00      1417
           6       0.78      0.36      0.49      3795
           7       0.56      0.24      0.33      7454
           8       0.00      0.00      0.00       665
           9       0.56      0.94      0.70     19912

   micro avg       0.60      0.60      0.60     43114
   macro avg       0.34      0.24      0.24     43114
weighted avg       0.56      0.60      0.52     43114
 samples avg       0.60      0.60      0.60     43114


[[  166     0     0     4     0     0     1    50     0  2576]
 [    1     0     0    92     0     0    23   138     0  1116]
 [    2     0     0     1     0     0     6    12     0   350]
 [    2     0     0  3624     0     0    16   314     0   777]
 [    0     0     0     3     0     0     0    19     0   578]
 [    8     0     0    11     0     0     1   120     0  1277]
 [    2     0     0    78     0     0  1352    47     0  2316]
 [   18     0     0   309     0     0    29  1758     0  5340]
 [    1     0     0    25     0     0     1    96     0   542]
 [   53     0     0   188     0     0   297   568     0 18806]]

Results of Test Set

--------------------
Accuracy: 0.5973001809157118, F1 Score: 0.24253398419269373, Precision: 0.3362064185165484, Recall: 0.2358383556677456

              precision    recall  f1-score   support

           0       0.61      0.05      0.10      2795
           1       0.00      0.00      0.00      1321
           2       0.00      0.00      0.00       355
           3       0.84      0.77      0.80      4700
           4       0.00      0.00      0.00       585
           5       0.00      0.00      0.00      1504
           6       0.78      0.36      0.49      3669
           7       0.57      0.24      0.34      7506
           8       0.00      0.00      0.00       666
           9       0.56      0.94      0.70     20013

   micro avg       0.60      0.60      0.60     43114
   macro avg       0.34      0.24      0.24     43114
weighted avg       0.56      0.60      0.52     43114
 samples avg       0.60      0.60      0.60     43114


[[  145     0     0     4     0     0     0    61     0  2585]
 [    0     0     0    65     0     0    14   134     0  1108]
 [    1     0     0     3     0     0     6     9     0   336]
 [    1     0     0  3611     0     0    15   322     0   751]
 [    1     0     0     5     0     0     3    14     0   562]
 [   12     0     0    16     0     0     6    98     0  1372]
 [    0     0     0    66     0     0  1307    48     0  2248]
 [   15     0     0   318     0     0    27  1780     0  5366]
 [    0     0     0    18     0     0     2    90     0   556]
 [   62     0     0   189     0     0   302   551     0 18909]]

