Title: Fully Connected - Words: 2000, Batch: 64, Epochs: 4, Outputs: 16

Results of Training Set

--------------------
Accuracy: 0.6084102611680661, F1 Score: 0.24498846706320165, Precision: 0.4189153231547792, Recall: 0.23869016912077634

              precision    recall  f1-score   support

           0       0.65      0.03      0.05      8263
           1       0.00      0.00      0.00      3968
           2       0.00      0.00      0.00      1050
           3       0.86      0.79      0.82     14541
           4       0.00      0.00      0.00      1763
           5       0.67      0.00      0.00      4392
           6       0.83      0.37      0.51     11089
           7       0.61      0.25      0.36     22288
           8       0.00      0.00      0.00      1971
           9       0.56      0.96      0.71     60017

   micro avg       0.61      0.61      0.61    129342
   macro avg       0.42      0.24      0.24    129342
weighted avg       0.60      0.61      0.53    129342
 samples avg       0.61      0.61      0.61    129342


[[  212     0     0     3     0     1     2    87     0  7958]
 [    0     0     0   193     0     0    32   385     0  3358]
 [    7     0     0     4     0     0     7    33     0   999]
 [    8     0     0 11423     0     0    25   921     0  2164]
 [    0     0     0    16     0     0     4    30     0  1713]
 [    2     0     0    41     0     4     5   264     0  4076]
 [    0     0     0   203     0     0  4054   137     0  6695]
 [   11     0     0   808     0     0    73  5654     0 15742]
 [    0     0     0    56     0     0     6   271     0  1638]
 [   85     0     0   462     0     1   688  1435     0 57346]]

Results of Validation Set

--------------------
Accuracy: 0.5929164540520481, F1 Score: 0.2354973742943704, Precision: 0.4075264845387109, Recall: 0.23056394586923465

              precision    recall  f1-score   support

           0       0.65      0.03      0.05      2797
           1       0.00      0.00      0.00      1370
           2       0.00      0.00      0.00       371
           3       0.83      0.76      0.79      4733
           4       0.00      0.00      0.00       600
           5       0.67      0.00      0.00      1417
           6       0.80      0.34      0.48      3795
           7       0.57      0.23      0.33      7454
           8       0.00      0.00      0.00       665
           9       0.55      0.95      0.70     19912

   micro avg       0.59      0.59      0.59     43114
   macro avg       0.41      0.23      0.24     43114
weighted avg       0.58      0.59      0.51     43114
 samples avg       0.59      0.59      0.59     43114


[[   75     0     0     3     0     0     1    38     0  2680]
 [    0     0     0    89     0     0    20   137     0  1124]
 [    1     0     0     1     0     0     3    13     0   353]
 [    3     0     0  3578     0     0    13   333     0   806]
 [    0     0     0     4     0     0     0    13     0   583]
 [    1     0     0    12     0     2     1   103     0  1298]
 [    2     0     0    84     0     0  1296    44     0  2369]
 [    5     0     0   301     0     0    22  1725     0  5401]
 [    0     0     0    20     0     0     1    89     0   555]
 [   28     0     0   195     0     1   268   533     0 18887]]

Results of Test Set

--------------------
Accuracy: 0.5948879714245953, F1 Score: 0.23567759587378437, Precision: 0.3788945405930288, Recall: 0.2313504334300029

              precision    recall  f1-score   support

           0       0.71      0.03      0.05      2795
           1       0.00      0.00      0.00      1321
           2       0.00      0.00      0.00       355
           3       0.84      0.76      0.80      4700
           4       0.00      0.00      0.00       585
           5       0.33      0.00      0.00      1504
           6       0.78      0.35      0.48      3669
           7       0.57      0.23      0.32      7506
           8       0.00      0.00      0.00       666
           9       0.56      0.95      0.70     20013

   micro avg       0.59      0.59      0.59     43114
   macro avg       0.38      0.23      0.24     43114
weighted avg       0.57      0.59      0.51     43114
 samples avg       0.59      0.59      0.59     43114


[[   71     0     0     3     0     1     1    48     0  2671]
 [    0     0     0    63     0     0    20   132     0  1106]
 [    0     0     0     2     0     0     4    10     0   339]
 [    1     0     0  3593     0     0    12   319     0   775]
 [    0     0     0     4     0     0     3    11     0   567]
 [    1     0     0    17     0     1     6    83     0  1396]
 [    0     0     0    70     0     0  1274    56     0  2269]
 [    5     0     0   334     0     0    29  1693     0  5445]
 [    0     0     0    19     0     1     2   104     0   540]
 [   22     0     0   173     0     0   284   518     0 19016]]

