Title: Fully Connected - Words: 2000, Batch: 128, Epochs: 4, Outputs: 16

Results of Training Set

--------------------
Accuracy: 0.608255632354533, F1 Score: 0.24488723939524099, Precision: 0.4278994877222785, Recall: 0.24012965275791878

              precision    recall  f1-score   support

           0       0.75      0.00      0.01      8263
           1       0.00      0.00      0.00      3968
           2       0.00      0.00      0.00      1050
           3       0.85      0.80      0.82     14541
           4       0.00      0.00      0.00      1763
           5       0.66      0.02      0.04      4392
           6       0.83      0.39      0.53     11089
           7       0.63      0.23      0.33     22288
           8       0.00      0.00      0.00      1971
           9       0.56      0.96      0.71     60017

   micro avg       0.61      0.61      0.61    129342
   macro avg       0.43      0.24      0.24    129342
weighted avg       0.61      0.61      0.53    129342
 samples avg       0.61      0.61      0.61    129342


[[   30     0     0     6     0     6     5    65     0  8151]
 [    0     0     0   213     0     0    27   326     0  3402]
 [    0     0     0     6     0     2    14    38     0   990]
 [    2     0     0 11563     0     0    19   774     0  2183]
 [    0     0     0    21     0     0     5    30     0  1707]
 [    0     0     0    65     0    95     7   235     0  3990]
 [    0     0     0   198     0     0  4374   126     0  6391]
 [    0     0     0   958     0    15    90  5076     0 16149]
 [    0     0     0    69     0     3     5   215     0  1679]
 [    8     0     0   512     0    23   724  1215     0 57535]]

Results of Validation Set

--------------------
Accuracy: 0.5924293732894188, F1 Score: 0.2336603229717479, Precision: 0.4006619680672758, Recall: 0.2311895837470618

              precision    recall  f1-score   support

           0       0.60      0.00      0.01      2797
           1       0.00      0.00      0.00      1370
           2       0.00      0.00      0.00       371
           3       0.83      0.77      0.80      4733
           4       0.00      0.00      0.00       600
           5       0.66      0.02      0.03      1417
           6       0.79      0.36      0.50      3795
           7       0.58      0.20      0.30      7454
           8       0.00      0.00      0.00       665
           9       0.55      0.95      0.70     19912

   micro avg       0.59      0.59      0.59     43114
   macro avg       0.40      0.23      0.23     43114
weighted avg       0.58      0.59      0.51     43114
 samples avg       0.59      0.59      0.59     43114


[[    9     0     0     3     0     5     2    29     0  2749]
 [    0     0     0    86     0     0    19   109     0  1156]
 [    0     0     0     2     0     0     6    11     0   352]
 [    0     0     0  3655     0     0     9   264     0   805]
 [    0     0     0     4     0     0     0    14     0   582]
 [    1     0     0    11     0    23     1    99     0  1282]
 [    0     0     0    73     0     0  1381    44     0  2297]
 [    0     0     0   360     0     3    30  1526     0  5535]
 [    0     0     0    25     0     1     1    79     0   559]
 [    5     0     0   207     0     3   302   447     0 18948]]

Results of Test Set

--------------------
Accuracy: 0.5949343600686552, F1 Score: 0.23506016823566198, Precision: 0.4258304850574858, Recall: 0.23280918762830435

              precision    recall  f1-score   support

           0       0.82      0.00      0.01      2795
           1       0.00      0.00      0.00      1321
           2       0.00      0.00      0.00       355
           3       0.83      0.78      0.81      4700
           4       0.00      0.00      0.00       585
           5       0.69      0.01      0.03      1504
           6       0.78      0.37      0.51      3669
           7       0.58      0.20      0.30      7506
           8       0.00      0.00      0.00       666
           9       0.56      0.95      0.70     20013

   micro avg       0.59      0.59      0.59     43114
   macro avg       0.43      0.23      0.24     43114
weighted avg       0.59      0.59      0.51     43114
 samples avg       0.59      0.59      0.59     43114


[[    9     0     0     5     0     2     3    28     0  2748]
 [    0     0     0    64     0     0    18   116     0  1123]
 [    0     0     0     4     0     0     6    11     0   334]
 [    0     0     0  3665     0     0    10   275     0   750]
 [    0     0     0     7     0     0     4    12     0   562]
 [    0     0     0    18     0    22     6    73     0  1385]
 [    0     0     0    70     0     0  1374    45     0  2180]
 [    0     0     0   356     0     2    28  1533     0  5587]
 [    0     0     0    19     0     1     3    74     0   569]
 [    2     0     0   195     0     5   310   454     0 19047]]

