Title: Fully Connected - Words: 1000, Batch: 128, Epochs: 2, Outputs: 16

Results of Training Set

--------------------
Accuracy: 0.5876668058325989, F1 Score: 0.22208439409753494, Precision: 0.3487040483301119, Recall: 0.2189523131413575

              precision    recall  f1-score   support

           0       0.69      0.01      0.02      8263
           1       0.00      0.00      0.00      3968
           2       0.00      0.00      0.00      1050
           3       0.87      0.75      0.80     14541
           4       0.00      0.00      0.00      1763
           5       0.00      0.00      0.00      4392
           6       0.80      0.29      0.42     11089
           7       0.58      0.18      0.27     22288
           8       0.00      0.00      0.00      1971
           9       0.55      0.96      0.70     60017

   micro avg       0.59      0.59      0.59    129342
   macro avg       0.35      0.22      0.22    129342
weighted avg       0.56      0.59      0.50    129342
 samples avg       0.59      0.59      0.59    129342


[[  105     0     0     5     0     0     1    56     0  8096]
 [    1     0     0   160     0     0    24   274     0  3509]
 [    4     0     0     6     0     0    10    38     0   992]
 [    0     0     0 10850     0     0    39   942     0  2710]
 [    0     0     0    13     0     0     4    36     0  1710]
 [   15     0     0    44     0     0     4   202     0  4127]
 [    0     0     0   212     0     0  3204   103     0  7570]
 [    9     0     0   736     0     0    58  3941     0 17544]
 [    0     0     0    53     0     0    11   188     0  1719]
 [   18     0     0   443     0     0   639  1007     0 57910]]

Results of Validation Set

--------------------
Accuracy: 0.5790462494781278, F1 Score: 0.21729984705088326, Precision: 0.33564523098010624, Recall: 0.21523774499318576

              precision    recall  f1-score   support

           0       0.62      0.01      0.02      2797
           1       0.00      0.00      0.00      1370
           2       0.00      0.00      0.00       371
           3       0.85      0.73      0.79      4733
           4       0.00      0.00      0.00       600
           5       0.00      0.00      0.00      1417
           6       0.78      0.28      0.41      3795
           7       0.56      0.17      0.26      7454
           8       0.00      0.00      0.00       665
           9       0.54      0.96      0.69     19912

   micro avg       0.58      0.58      0.58     43114
   macro avg       0.34      0.22      0.22     43114
weighted avg       0.55      0.58      0.49     43114
 samples avg       0.58      0.58      0.58     43114


[[   31     0     0     3     0     0     0    20     0  2743]
 [    0     0     0    69     0     0    16   100     0  1185]
 [    1     0     0     0     0     0     2     8     0   360]
 [    0     0     0  3462     0     0    13   313     0   945]
 [    0     0     0     2     0     0     0    16     0   582]
 [    2     0     0    10     0     0     0    89     0  1316]
 [    0     0     0    76     0     0  1056    34     0  2629]
 [    1     0     0   252     0     0    19  1266     0  5916]
 [    0     0     0    20     0     0     2    72     0   571]
 [   15     0     0   164     0     0   243   340     0 19150]]

Results of Test Set

--------------------
Accuracy: 0.5792318040543675, F1 Score: 0.21564856610891833, Precision: 0.3399156883047471, Recall: 0.21438726016227835

              precision    recall  f1-score   support

           0       0.68      0.01      0.02      2795
           1       0.00      0.00      0.00      1321
           2       0.00      0.00      0.00       355
           3       0.86      0.74      0.79      4700
           4       0.00      0.00      0.00       585
           5       0.00      0.00      0.00      1504
           6       0.77      0.27      0.40      3669
           7       0.56      0.16      0.25      7506
           8       0.00      0.00      0.00       666
           9       0.54      0.96      0.69     20013

   micro avg       0.58      0.58      0.58     43114
   macro avg       0.34      0.21      0.22     43114
weighted avg       0.55      0.58      0.49     43114
 samples avg       0.58      0.58      0.58     43114


[[   25     0     0     1     0     0     1    23     0  2745]
 [    0     0     0    49     0     0    13    99     0  1160]
 [    0     0     0     3     0     0     4     9     0   339]
 [    0     0     0  3467     0     0    14   323     0   896]
 [    0     0     0     3     0     0     4    13     0   565]
 [    3     0     0    14     0     0     3    62     0  1422]
 [    0     0     0    67     0     0  1006    32     0  2564]
 [    4     0     0   273     0     0    18  1201     0  6010]
 [    1     0     0    17     0     0     3    63     0   582]
 [    4     0     0   158     0     0   240   337     0 19274]]

