Title: Fully Connected - Words: 2000, Batch: 32, Epochs: 4, Outputs: 32

Results of Training Set

--------------------
Accuracy: 0.6278934916732384, F1 Score: 0.2966354428283477, Precision: 0.42955469400417307, Recall: 0.27323431683698834

              precision    recall  f1-score   support

           0       0.67      0.12      0.20      8263
           1       0.00      0.00      0.00      3968
           2       0.00      0.00      0.00      1050
           3       0.87      0.79      0.83     14541
           4       0.00      0.00      0.00      1763
           5       0.76      0.15      0.25      4392
           6       0.82      0.42      0.55     11089
           7       0.60      0.32      0.41     22288
           8       0.00      0.00      0.00      1971
           9       0.59      0.94      0.72     60017

   micro avg       0.63      0.63      0.63    129342
   macro avg       0.43      0.27      0.30    129342
weighted avg       0.61      0.63      0.57    129342
 samples avg       0.63      0.63      0.63    129342


[[  986     0     0     5     0    45     4   215     0  7008]
 [    4     0     0   202     0     6    40   502     0  3214]
 [   20     0     0     3     0     3    13    63     0   948]
 [   11     0     0 11549     0     2    39  1003     0  1937]
 [    1     0     0    22     0     0     4    49     0  1687]
 [   55     0     0    49     0   649     9   429     0  3201]
 [    0     0     0   207     0     0  4612   158     0  6112]
 [   80     0     0   728     0    62   102  7036     0 14280]
 [    8     0     0    60     0     4     5   342     0  1552]
 [  317     0     0   468     0    88   771  1992     0 56381]]

Results of Validation Set

--------------------
Accuracy: 0.6041657002365821, F1 Score: 0.27386797481520964, Precision: 0.39603737676630996, Recall: 0.2557417049931165

              precision    recall  f1-score   support

           0       0.60      0.10      0.17      2797
           1       0.00      0.00      0.00      1370
           2       0.00      0.00      0.00       371
           3       0.84      0.76      0.80      4733
           4       0.00      0.00      0.00       600
           5       0.64      0.11      0.19      1417
           6       0.77      0.38      0.50      3795
           7       0.55      0.28      0.37      7454
           8       0.00      0.00      0.00       665
           9       0.57      0.93      0.71     19912

   micro avg       0.60      0.60      0.60     43114
   macro avg       0.40      0.26      0.27     43114
weighted avg       0.58      0.60      0.54     43114
 samples avg       0.60      0.60      0.60     43114


[[  274     0     0     3     0    22     2    73     0  2423]
 [    1     0     0    93     0     2    22   171     0  1081]
 [    5     0     0     1     0     0     5    19     0   341]
 [    3     0     0  3613     0     0    22   336     0   759]
 [    1     0     0     3     0     0     2    24     0   570]
 [   19     0     0    12     0   157     2   140     0  1087]
 [    4     0     0    85     0     1  1424    58     0  2223]
 [   33     0     0   299     0    24    36  2103     0  4959]
 [    3     0     0    19     0     6     1   119     0   517]
 [  115     0     0   196     0    35   342   747     0 18477]]

Results of Test Set

--------------------
Accuracy: 0.6054877765922902, F1 Score: 0.2723698787597176, Precision: 0.39211329927227373, Recall: 0.2550927985508463

              precision    recall  f1-score   support

           0       0.61      0.10      0.17      2795
           1       0.00      0.00      0.00      1321
           2       0.00      0.00      0.00       355
           3       0.84      0.77      0.80      4700
           4       0.00      0.00      0.00       585
           5       0.59      0.09      0.16      1504
           6       0.76      0.38      0.51      3669
           7       0.54      0.28      0.37      7506
           8       0.00      0.00      0.00       666
           9       0.57      0.93      0.71     20013

   micro avg       0.61      0.61      0.61     43114
   macro avg       0.39      0.26      0.27     43114
weighted avg       0.58      0.61      0.54     43114
 samples avg       0.61      0.61      0.61     43114


[[  277     0     0     2     0    17     5    88     0  2406]
 [    0     0     0    64     0     1    23   165     0  1068]
 [    4     0     0     4     0     1     6    19     0   321]
 [    3     0     0  3604     0     1    19   376     0   697]
 [    0     0     0     6     0     0     4    18     0   557]
 [   20     0     0    19     0   142     8   148     0  1167]
 [    1     0     0    68     0     0  1403    63     0  2134]
 [   35     0     0   306     0    39    32  2101     0  4993]
 [    1     0     0    18     0     3     3   118     0   523]
 [  116     0     0   188     0    36   334   761     0 18578]]

