Title: Fully Connected - Words: 2000, Batch: 64, Epochs: 4, Outputs: 32

Results of Training Set

--------------------
Accuracy: 0.6340631813332096, F1 Score: 0.31500646196732973, Precision: 0.5173422082993304, Recall: 0.2898933573134209

              precision    recall  f1-score   support

           0       0.63      0.19      0.29      8263
           1       0.00      0.00      0.00      3968
           2       1.00      0.01      0.02      1050
           3       0.86      0.80      0.83     14541
           4       0.00      0.00      0.00      1763
           5       0.71      0.17      0.27      4392
           6       0.78      0.48      0.59     11089
           7       0.59      0.33      0.42     22288
           8       0.00      0.00      0.00      1971
           9       0.60      0.92      0.72     60017

   micro avg       0.63      0.63      0.63    129342
   macro avg       0.52      0.29      0.32    129342
weighted avg       0.61      0.63      0.58    129342
 samples avg       0.63      0.63      0.63    129342


[[ 1570     0     0     5     0    56    10   275     0  6347]
 [    5     0     0   211     0     6    70   517     0  3159]
 [   44     0     8     5     0     3    22    49     0   919]
 [   18     0     0 11644     0     2    46  1008     0  1823]
 [    2     0     0    18     0     2     9    49     0  1683]
 [  136     0     0    56     0   737     9   434     0  3020]
 [    4     0     0   205     0     2  5324   178     0  5376]
 [  132     0     0   803     0    91   131  7355     0 13776]
 [   12     0     0    57     0    11    13   363     0  1515]
 [  550     0     0   527     0   123  1195  2249     0 55373]]

Results of Validation Set

--------------------
Accuracy: 0.609848309133924, F1 Score: 0.2917393576626228, Precision: 0.3870247525516394, Recall: 0.27169514534958006

              precision    recall  f1-score   support

           0       0.57      0.16      0.25      2797
           1       0.00      0.00      0.00      1370
           2       0.00      0.00      0.00       371
           3       0.83      0.77      0.80      4733
           4       0.00      0.00      0.00       600
           5       0.61      0.13      0.22      1417
           6       0.73      0.44      0.55      3795
           7       0.55      0.30      0.39      7454
           8       0.00      0.00      0.00       665
           9       0.58      0.91      0.71     19912

   micro avg       0.61      0.61      0.61     43114
   macro avg       0.39      0.27      0.29     43114
weighted avg       0.57      0.61      0.55     43114
 samples avg       0.61      0.61      0.61     43114


[[  456     0     0     4     0    20     4   105     0  2208]
 [    2     0     0    94     0     1    30   188     0  1055]
 [   16     0     0     2     0     1    10    23     0   319]
 [    4     0     0  3651     0     0    27   344     0   707]
 [    0     0     0     3     0     0     3    20     0   574]
 [   41     0     0    12     0   191     3   158     0  1012]
 [    9     0     0    89     0     1  1663    56     0  1977]
 [   64     0     0   303     0    38    39  2245     0  4765]
 [    5     0     0    20     0     7     2   125     0   506]
 [  198     0     0   216     0    52   508   851     0 18087]]

Results of Test Set

--------------------
Accuracy: 0.6100570580321937, F1 Score: 0.28857782087931244, Precision: 0.48225101106930274, Recall: 0.2696190254953771

              precision    recall  f1-score   support

           0       0.57      0.16      0.25      2795
           1       0.00      0.00      0.00      1321
           2       1.00      0.00      0.01       355
           3       0.83      0.78      0.81      4700
           4       0.00      0.00      0.00       585
           5       0.58      0.12      0.19      1504
           6       0.72      0.43      0.54      3669
           7       0.54      0.30      0.39      7506
           8       0.00      0.00      0.00       666
           9       0.58      0.91      0.71     20013

   micro avg       0.61      0.61      0.61     43114
   macro avg       0.48      0.27      0.29     43114
weighted avg       0.58      0.61      0.55     43114
 samples avg       0.61      0.61      0.61     43114


[[  441     0     0     2     0    25     4   119     0  2204]
 [    2     0     0    68     0     0    28   187     0  1036]
 [   18     0     1     3     0     1     9    17     0   306]
 [    6     0     0  3663     0     0    22   366     0   643]
 [    0     0     0     6     0     0     8    19     0   552]
 [   49     0     0    18     0   174     9   140     0  1114]
 [    1     0     0    72     0     1  1583    63     0  1949]
 [   52     0     0   325     0    39    43  2255     0  4792]
 [    4     0     0    22     0     6     4   130     0   500]
 [  204     0     0   211     0    54   499   860     0 18185]]

