Title: Fully Connected - Words: 2000, Batch: 128, Epochs: 4, Outputs: 32

Results of Training Set

--------------------
Accuracy: 0.6292464937916531, F1 Score: 0.295646813855542, Precision: 0.420512124862478, Recall: 0.27577572353166796

              precision    recall  f1-score   support

           0       0.69      0.11      0.19      8263
           1       0.00      0.00      0.00      3968
           2       0.00      0.00      0.00      1050
           3       0.86      0.79      0.83     14541
           4       0.00      0.00      0.00      1763
           5       0.69      0.12      0.20      4392
           6       0.79      0.47      0.59     11089
           7       0.58      0.34      0.43     22288
           8       0.00      0.00      0.00      1971
           9       0.59      0.93      0.72     60017

   micro avg       0.63      0.63      0.63    129342
   macro avg       0.42      0.28      0.30    129342
weighted avg       0.61      0.63      0.57    129342
 samples avg       0.63      0.63      0.63    129342


[[  910     0     0     8     0    33     8   214     0  7090]
 [    2     0     0   197     0     2    62   591     0  3114]
 [    8     0     0     5     0     8    20    69     0   940]
 [   11     0     0 11511     0     2    53  1118     0  1846]
 [    0     0     0    15     0     2     8    58     0  1680]
 [   76     0     0    54     0   516    15   448     0  3283]
 [    1     0     0   206     0     1  5247   205     0  5429]
 [   48     0     0   766     0    85   138  7525     0 13726]
 [    3     0     0    67     0     5    19   342     0  1535]
 [  252     0     0   487     0    94  1103  2402     0 55679]]

Results of Validation Set

--------------------
Accuracy: 0.606322772185369, F1 Score: 0.27663884253185034, Precision: 0.39032773768912576, Recall: 0.26048804318168706

              precision    recall  f1-score   support

           0       0.62      0.09      0.16      2797
           1       0.00      0.00      0.00      1370
           2       0.00      0.00      0.00       371
           3       0.83      0.77      0.80      4733
           4       0.00      0.00      0.00       600
           5       0.60      0.10      0.17      1417
           6       0.74      0.43      0.54      3795
           7       0.53      0.31      0.39      7454
           8       0.00      0.00      0.00       665
           9       0.58      0.91      0.71     19912

   micro avg       0.61      0.61      0.61     43114
   macro avg       0.39      0.26      0.28     43114
weighted avg       0.57      0.61      0.55     43114
 samples avg       0.61      0.61      0.61     43114


[[  262     0     0     3     0    23     3    96     0  2410]
 [    1     0     0    90     0     4    32   213     0  1030]
 [    2     0     0     2     0     2     7    25     0   333]
 [    2     0     0  3622     0     0    25   389     0   695]
 [    1     0     0     2     0     0     2    34     0   561]
 [   25     0     0    12     0   140     2   155     0  1083]
 [    3     0     0    85     0     1  1613    71     0  2022]
 [   22     0     0   300     0    28    40  2292     0  4772]
 [    0     0     0    20     0     5     2   131     0   507]
 [  102     0     0   204     0    30   467   897     0 18212]]

Results of Test Set

--------------------
Accuracy: 0.6080855406596465, F1 Score: 0.2744307136384476, Precision: 0.38688013168145163, Recall: 0.2595036423445468

              precision    recall  f1-score   support

           0       0.62      0.09      0.16      2795
           1       0.00      0.00      0.00      1321
           2       0.00      0.00      0.00       355
           3       0.84      0.77      0.81      4700
           4       0.00      0.00      0.00       585
           5       0.56      0.08      0.14      1504
           6       0.73      0.43      0.54      3669
           7       0.54      0.31      0.39      7506
           8       0.00      0.00      0.00       666
           9       0.58      0.92      0.71     20013

   micro avg       0.61      0.61      0.61     43114
   macro avg       0.39      0.26      0.27     43114
weighted avg       0.58      0.61      0.55     43114
 samples avg       0.61      0.61      0.61     43114


[[  260     0     0     5     0    13     5   103     0  2409]
 [    0     0     0    65     0     1    27   210     0  1018]
 [    2     0     0     3     0     0     8    21     0   321]
 [    3     0     0  3642     0     0    26   378     0   651]
 [    1     0     0     5     0     0     6    19     0   554]
 [   30     0     0    16     0   117     6   139     0  1196]
 [    0     0     0    69     0     0  1563    86     0  1951]
 [   26     0     0   305     0    33    42  2309     0  4791]
 [    2     0     0    20     0     4     5   129     0   506]
 [   96     0     0   185     0    41   444   921     0 18326]]

