Title: Fully Connected - Words: 2000, Batch: 32, Epochs: 4, Outputs: 64

Results of Training Set

--------------------
Accuracy: 0.6431244298062501, F1 Score: 0.3283109434642304, Precision: 0.7128302999164472, Recall: 0.2994529565450236

              precision    recall  f1-score   support

           0       0.70      0.19      0.30      8263
           1       0.93      0.00      0.01      3968
           2       0.91      0.04      0.07      1050
           3       0.88      0.81      0.84     14541
           4       0.00      0.00      0.00      1763
           5       0.71      0.16      0.27      4392
           6       0.79      0.53      0.63     11089
           7       0.61      0.32      0.42     22288
           8       1.00      0.00      0.01      1971
           9       0.60      0.93      0.73     60017

   micro avg       0.64      0.64      0.64    129342
   macro avg       0.71      0.30      0.33    129342
weighted avg       0.67      0.64      0.59    129342
 samples avg       0.64      0.64      0.64    129342


[[ 1582     0     0     5     0    54    10   202     0  6410]
 [    7    13     0   195     0     6    93   515     0  3139]
 [   21     0    41     3     0     4    29    66     0   886]
 [   16     1     0 11749     0     2    47   990     0  1736]
 [    1     0     0    13     0     0    10    59     0  1680]
 [  126     0     0    63     0   724    16   396     0  3067]
 [    2     0     2   202     0     0  5843   167     0  4873]
 [  108     0     2   661     0    92   168  7233     0 14024]
 [   13     0     0    55     0     5    15   338     7  1538]
 [  386     0     0   463     0   126  1198  1853     0 55991]]

Results of Validation Set

--------------------
Accuracy: 0.610590527438883, F1 Score: 0.2936768775766537, Precision: 0.6375651467679541, Recall: 0.27275319443051804

              precision    recall  f1-score   support

           0       0.60      0.16      0.25      2797
           1       0.50      0.00      0.00      1370
           2       1.00      0.02      0.03       371
           3       0.84      0.77      0.80      4733
           4       0.00      0.00      0.00       600
           5       0.59      0.12      0.20      1417
           6       0.71      0.46      0.56      3795
           7       0.55      0.29      0.38      7454
           8       1.00      0.00      0.00       665
           9       0.58      0.91      0.71     19912

   micro avg       0.61      0.61      0.61     43114
   macro avg       0.64      0.27      0.29     43114
weighted avg       0.62      0.61      0.55     43114
 samples avg       0.61      0.61      0.61     43114


[[  451     0     0     5     0    19     6    75     0  2241]
 [    1     1     0    89     0     3    39   178     0  1059]
 [   10     0     6     2     0     2     9    22     0   320]
 [    5     0     0  3638     0     0    33   359     0   698]
 [    1     0     0     4     0     0     6    28     0   561]
 [   33     0     0    13     0   172     3   155     0  1041]
 [    7     0     0    83     0     0  1737    60     0  1908]
 [   53     0     0   286     0    36    59  2141     0  4879]
 [    3     0     0    23     0     6     3   126     1   503]
 [  182     1     0   211     0    52   541   747     0 18178]]

Results of Test Set

--------------------
Accuracy: 0.6111008025235423, F1 Score: 0.2924774541366341, Precision: 0.6445176439690451, Recall: 0.27216646419071283

              precision    recall  f1-score   support

           0       0.60      0.15      0.25      2795
           1       0.75      0.00      0.00      1321
           2       0.88      0.02      0.04       355
           3       0.84      0.78      0.81      4700
           4       0.00      0.00      0.00       585
           5       0.55      0.11      0.18      1504
           6       0.70      0.46      0.56      3669
           7       0.55      0.28      0.37      7506
           8       1.00      0.00      0.01       666
           9       0.58      0.91      0.71     20013

   micro avg       0.61      0.61      0.61     43114
   macro avg       0.64      0.27      0.29     43114
weighted avg       0.62      0.61      0.55     43114
 samples avg       0.61      0.61      0.61     43114


[[  432     0     0     4     0    21     7    91     0  2240]
 [    2     3     0    72     0     1    35   160     0  1048]
 [   11     0     7     3     0     3    10    23     0   298]
 [    7     0     0  3650     0     1    26   365     0   651]
 [    1     0     0     4     0     0     5    17     0   558]
 [   47     0     0    19     0   165    12   145     0  1116]
 [    1     0     1    69     0     0  1689    75     0  1834]
 [   58     1     0   294     0    43    52  2116     0  4942]
 [    3     0     0    19     0     6     4   123     2   509]
 [  164     0     0   196     0    60   559   751     0 18283]]

