Title: Fully Connected - Words: 2000, Batch: 64, Epochs: 4, Outputs: 64

Results of Training Set

--------------------
Accuracy: 0.6490312504832151, F1 Score: 0.33803835646049335, Precision: 0.6198507494857823, Recall: 0.31023413048354137

              precision    recall  f1-score   support

           0       0.64      0.29      0.40      8263
           1       1.00      0.00      0.00      3968
           2       0.97      0.04      0.07      1050
           3       0.85      0.83      0.84     14541
           4       0.00      0.00      0.00      1763
           5       0.70      0.17      0.27      4392
           6       0.79      0.52      0.63     11089
           7       0.63      0.33      0.43     22288
           8       0.00      0.00      0.00      1971
           9       0.61      0.93      0.73     60017

   micro avg       0.65      0.65      0.65    129342
   macro avg       0.62      0.31      0.34    129342
weighted avg       0.66      0.65      0.60    129342
 samples avg       0.65      0.65      0.65    129342


[[ 2424     0     0     9     0    60    14   247     0  5509]
 [   15     2     0   245     0     8    69   469     0  3160]
 [   35     0    37     5     0     3    28    69     0   873]
 [   31     0     0 12061     0     4    42   733     0  1670]
 [    7     0     0    17     0     2     7    40     0  1690]
 [  207     0     0    65     0   744    13   434     0  2929]
 [    9     0     1   223     0     0  5734   169     0  4953]
 [  270     0     0   874     0    98   153  7393     0 13500]
 [   30     0     0    71     0     8    12   337     0  1513]
 [  740     0     0   539     0   138  1170  1878     0 55552]]

Results of Validation Set

--------------------
Accuracy: 0.6154149464211162, F1 Score: 0.3045982414929575, Precision: 0.4734907919609296, Recall: 0.2832383599799228

              precision    recall  f1-score   support

           0       0.54      0.24      0.33      2797
           1       0.00      0.00      0.00      1370
           2       0.90      0.02      0.05       371
           3       0.82      0.79      0.81      4733
           4       0.00      0.00      0.00       600
           5       0.60      0.13      0.21      1417
           6       0.72      0.46      0.56      3795
           7       0.56      0.29      0.38      7454
           8       0.00      0.00      0.00       665
           9       0.59      0.91      0.71     19912

   micro avg       0.62      0.62      0.62     43114
   macro avg       0.47      0.28      0.30     43114
weighted avg       0.58      0.62      0.56     43114
 samples avg       0.62      0.62      0.62     43114


[[  665     0     0     4     0    24     7    93     0  2004]
 [    1     0     0    99     0     2    41   166     0  1061]
 [   19     0     9     2     0     1     9    19     0   312]
 [   10     0     0  3755     0     0    26   268     0   674]
 [    4     0     0     3     0     0     5    24     0   564]
 [   74     0     0    15     0   180     5   150     0   993]
 [    9     0     0    86     0     1  1728    59     0  1912]
 [  114     1     1   356     0    35    62  2149     0  4736]
 [    8     0     0    24     0     7     4   125     0   497]
 [  323     0     0   233     0    50   507   752     0 18047]]

Results of Test Set

--------------------
Accuracy: 0.6151134202347266, F1 Score: 0.3026051109848157, Precision: 0.5789274425346723, Recall: 0.2825277978908634

              precision    recall  f1-score   support

           0       0.53      0.24      0.33      2795
           1       1.00      0.00      0.00      1321
           2       1.00      0.02      0.04       355
           3       0.82      0.80      0.81      4700
           4       0.00      0.00      0.00       585
           5       0.58      0.12      0.21      1504
           6       0.71      0.45      0.55      3669
           7       0.56      0.29      0.38      7506
           8       0.00      0.00      0.00       666
           9       0.59      0.90      0.71     20013

   micro avg       0.62      0.62      0.62     43114
   macro avg       0.58      0.28      0.30     43114
weighted avg       0.61      0.62      0.56     43114
 samples avg       0.62      0.62      0.62     43114


[[  661     0     0     7     0    26    12   103     0  1986]
 [    4     2     0    84     0     2    39   169     0  1021]
 [   16     0     7     4     0     2     8    25     0   293]
 [   12     0     0  3774     0     0    14   283     0   617]
 [    2     0     0     5     0     0     5    21     0   552]
 [   79     0     0    22     0   187    10   131     0  1075]
 [    2     0     0    74     0     0  1654    69     0  1870]
 [  116     0     0   378     0    44    58  2142     0  4768]
 [    6     0     0    20     0     6     4   130     0   500]
 [  348     0     0   237     0    53   541   741     0 18093]]

