Title: Fully Connected - Words: 2000, Batch: 128, Epochs: 4, Outputs: 64

Results of Training Set

--------------------
Accuracy: 0.6456603423481931, F1 Score: 0.3312849122992323, Precision: 0.6247047849132502, Recall: 0.3037350379579888

              precision    recall  f1-score   support

           0       0.67      0.25      0.36      8263
           1       1.00      0.00      0.00      3968
           2       1.00      0.02      0.04      1050
           3       0.86      0.82      0.84     14541
           4       0.00      0.00      0.00      1763
           5       0.72      0.18      0.28      4392
           6       0.80      0.50      0.61     11089
           7       0.59      0.36      0.45     22288
           8       0.00      0.00      0.00      1971
           9       0.61      0.92      0.73     60017

   micro avg       0.65      0.65      0.65    129342
   macro avg       0.62      0.30      0.33    129342
weighted avg       0.66      0.65      0.60    129342
 samples avg       0.65      0.65      0.65    129342


[[ 2039     0     0     9     0    59    10   310     0  5836]
 [   12     1     0   234     0     8    72   564     0  3077]
 [   22     0    20     5     0     3    21    81     0   898]
 [   21     0     0 11851     0     3    45   967     0  1654]
 [    6     0     0    14     0     0     6    61     0  1676]
 [  127     0     0    54     0   774    15   498     0  2924]
 [    2     0     0   211     0     0  5534   211     0  5131]
 [  181     0     0   810     0    84   151  8028     0 13034]
 [   16     0     0    63     0    12    13   428     0  1439]
 [  618     0     0   521     0   133  1073  2408     0 55264]]

Results of Validation Set

--------------------
Accuracy: 0.6129563482859396, F1 Score: 0.301652171117198, Precision: 0.4867390922760005, Recall: 0.2798143455533458

              precision    recall  f1-score   support

           0       0.56      0.20      0.30      2797
           1       0.00      0.00      0.00      1370
           2       1.00      0.01      0.02       371
           3       0.83      0.78      0.80      4733
           4       0.00      0.00      0.00       600
           5       0.64      0.15      0.24      1417
           6       0.72      0.44      0.54      3795
           7       0.53      0.32      0.40      7454
           8       0.00      0.00      0.00       665
           9       0.59      0.90      0.71     19912

   micro avg       0.61      0.61      0.61     43114
   macro avg       0.49      0.28      0.30     43114
weighted avg       0.58      0.61      0.56     43114
 samples avg       0.61      0.61      0.61     43114


[[  570     0     0     5     0    18     5   107     0  2092]
 [    1     0     0   101     0     3    39   201     0  1025]
 [   12     0     4     1     0     1     6    34     0   313]
 [    8     0     0  3691     0     1    28   349     0   656]
 [    6     0     0     3     0     0     2    31     0   558]
 [   43     0     0    13     0   209     7   186     0   959]
 [    6     0     0    84     0     1  1660    82     0  1962]
 [   83     0     0   323     0    35    53  2379     0  4581]
 [    4     0     0    26     0    11     4   138     0   482]
 [  276     0     0   223     0    50   497   952     0 17914]]

Results of Test Set

--------------------
Accuracy: 0.6149510599805168, F1 Score: 0.30117740646855345, Precision: 0.48355408911090886, Recall: 0.2796709766955761

              precision    recall  f1-score   support

           0       0.57      0.20      0.30      2795
           1       0.00      0.00      0.00      1321
           2       1.00      0.02      0.03       355
           3       0.83      0.79      0.81      4700
           4       0.00      0.00      0.00       585
           5       0.58      0.13      0.21      1504
           6       0.73      0.44      0.55      3669
           7       0.53      0.31      0.40      7506
           8       0.00      0.00      0.00       666
           9       0.59      0.90      0.71     20013

   micro avg       0.61      0.61      0.61     43114
   macro avg       0.48      0.28      0.30     43114
weighted avg       0.58      0.61      0.56     43114
 samples avg       0.61      0.61      0.61     43114


[[  567     0     0     6     0    24     5   118     0  2075]
 [    3     0     0    71     0     1    36   209     0  1001]
 [    9     0     6     3     0     2     8    23     0   304]
 [    9     0     0  3707     0     0    21   350     0   613]
 [    2     0     0     6     0     0     5    26     0   546]
 [   52     0     0    18     0   194     9   173     0  1058]
 [    1     0     0    75     0     0  1623    85     0  1885]
 [   79     0     0   341     0    44    41  2363     0  4638]
 [    3     0     0    20     0     9     5   151     0   478]
 [  262     0     0   223     0    60   470   945     0 18053]]

