Title: Fully Connected - Words: 2000, Batch: 32, Epochs: 4, Outputs: 128

Results of Training Set

--------------------
Accuracy: 0.6679964744630514, F1 Score: 0.37697715892976347, Precision: 0.8227652338963619, Recall: 0.3352007069051742

              precision    recall  f1-score   support

           0       0.76      0.32      0.45      8263
           1       0.82      0.02      0.05      3968
           2       0.91      0.07      0.13      1050
           3       0.87      0.84      0.86     14541
           4       1.00      0.00      0.00      1763
           5       0.74      0.25      0.37      4392
           6       0.85      0.53      0.65     11089
           7       0.66      0.35      0.46     22288
           8       0.98      0.03      0.06      1971
           9       0.62      0.94      0.75     60017

   micro avg       0.67      0.67      0.67    129342
   macro avg       0.82      0.34      0.38    129342
weighted avg       0.71      0.67      0.62    129342
 samples avg       0.67      0.67      0.67    129342


[[ 2609     0     0     9     0    66     7   193     0  5379]
 [   10    98     0   217     0     8    70   540     0  3025]
 [   20     0    75     5     0     5    19    64     0   862]
 [   21     6     0 12274     0     2    42   668     0  1528]
 [    2     0     0    23     1     1     5    50     0  1681]
 [  127     1     0    63     0  1091    17   350     0  2743]
 [    6     5     1   203     0     2  5826   170     0  4876]
 [  143     6     3   809     0   120   124  7774     1 13308]
 [   17     0     0    80     0    17     7   244    59  1547]
 [  464     4     3   455     0   153   705  1640     0 56593]]

Results of Validation Set

--------------------
Accuracy: 0.6156468896414158, F1 Score: 0.3143531061965785, Precision: 0.6113727177527482, Recall: 0.2862431848216449

              precision    recall  f1-score   support

           0       0.59      0.21      0.31      2797
           1       0.62      0.01      0.02      1370
           2       0.81      0.05      0.09       371
           3       0.82      0.79      0.80      4733
           4       0.00      0.00      0.00       600
           5       0.61      0.18      0.27      1417
           6       0.74      0.42      0.54      3795
           7       0.57      0.28      0.38      7454
           8       0.78      0.01      0.02       665
           9       0.58      0.92      0.71     19912

   micro avg       0.62      0.62      0.62     43114
   macro avg       0.61      0.29      0.31     43114
weighted avg       0.62      0.62      0.56     43114
 samples avg       0.62      0.62      0.62     43114


[[  591     0     1     5     0    30     5    88     0  2077]
 [    2    16     1    97     0     1    33   183     0  1037]
 [   11     0    17     5     0     0     9    20     0   309]
 [    9     2     0  3747     0     0    31   285     0   659]
 [    7     0     0     4     0     0     4    24     0   561]
 [   41     0     0    16     0   248     4   127     0   981]
 [    9     2     1    85     0     1  1590    60     0  2047]
 [   82     4     1   355     0    46    41  2104     1  4820]
 [    5     0     0    30     0     9     2   101     7   511]
 [  248     2     0   242     0    72   418   706     1 18223]]

Results of Test Set

--------------------
Accuracy: 0.6158788328617154, F1 Score: 0.31206439986619106, Precision: 0.6142035544147576, Recall: 0.2851423959456652

              precision    recall  f1-score   support

           0       0.59      0.22      0.32      2795
           1       0.58      0.01      0.02      1321
           2       0.87      0.04      0.07       355
           3       0.82      0.80      0.81      4700
           4       0.00      0.00      0.00       585
           5       0.54      0.15      0.23      1504
           6       0.74      0.43      0.54      3669
           7       0.56      0.28      0.37      7506
           8       0.87      0.02      0.04       666
           9       0.59      0.91      0.71     20013

   micro avg       0.62      0.62      0.62     43114
   macro avg       0.61      0.29      0.31     43114
weighted avg       0.62      0.62      0.56     43114
 samples avg       0.62      0.62      0.62     43114


[[  614     0     0     4     0    30     5    92     0  2050]
 [    3    15     0    78     0     3    32   175     0  1015]
 [   10     0    13     3     0     3     8    25     0   293]
 [   14     3     0  3739     0     1    19   304     0   620]
 [    3     0     0     7     0     0     7    17     0   551]
 [   49     0     0    22     0   223    11   138     0  1061]
 [    1     1     0    79     0     1  1571    77     0  1939]
 [   75     3     1   370     0    63    43  2098     1  4852]
 [    4     0     0    22     0    10     2   100    13   515]
 [  270     4     1   219     0    81   424   746     1 18267]]

