Title: Fully Connected - Words: 2000, Batch: 64, Epochs: 4, Outputs: 128

Results of Training Set

--------------------
Accuracy: 0.6703854896321381, F1 Score: 0.3809234206048731, Precision: 0.7226202348870026, Recall: 0.33972104717244916

              precision    recall  f1-score   support

           0       0.71      0.34      0.45      8263
           1       0.88      0.03      0.05      3968
           2       0.96      0.07      0.13      1050
           3       0.89      0.83      0.86     14541
           4       0.00      0.00      0.00      1763
           5       0.75      0.23      0.35      4392
           6       0.83      0.54      0.66     11089
           7       0.62      0.40      0.49     22288
           8       0.96      0.04      0.07      1971
           9       0.63      0.93      0.75     60017

   micro avg       0.67      0.67      0.67    129342
   macro avg       0.72      0.34      0.38    129342
weighted avg       0.69      0.67      0.63    129342
 samples avg       0.67      0.67      0.67    129342


[[ 2771     0     0     6     0    70     8   304     0  5104]
 [   14   110     0   198     0     7    80   633     0  2926]
 [   31     0    76     2     0     5    23    82     0   831]
 [   19     5     0 12062     0     4    47   938     0  1466]
 [    5     0     0    12     0     1     8    70     0  1667]
 [  205     0     1    54     0   995    15   500     0  2622]
 [    8     1     1   196     0     0  6022   233     0  4628]
 [  227     5     0   624     0    91   134  8906     2 12299]
 [   14     1     0    53     0    13    14   353    69  1454]
 [  633     3     1   400     0   143   873  2265     1 55698]]

Results of Validation Set

--------------------
Accuracy: 0.6192420095560607, F1 Score: 0.31871288279982285, Precision: 0.6305685986953717, Recall: 0.29141573025389156

              precision    recall  f1-score   support

           0       0.56      0.25      0.35      2797
           1       0.68      0.02      0.03      1370
           2       0.92      0.03      0.06       371
           3       0.84      0.78      0.81      4733
           4       0.00      0.00      0.00       600
           5       0.59      0.16      0.25      1417
           6       0.73      0.44      0.55      3795
           7       0.54      0.34      0.41      7454
           8       0.86      0.01      0.02       665
           9       0.59      0.90      0.71     19912

   micro avg       0.62      0.62      0.62     43114
   macro avg       0.63      0.29      0.32     43114
weighted avg       0.62      0.62      0.57     43114
 samples avg       0.62      0.62      0.62     43114


[[  702     0     0     4     0    24     4   127     0  1936]
 [    2    23     0    87     0     2    38   217     1  1000]
 [   15     0    11     1     0     2     5    30     0   307]
 [   10     3     0  3679     0     0    31   362     0   648]
 [    3     0     0     5     0     0     5    29     0   558]
 [   73     0     0    12     0   220     5   175     0   932]
 [    8     0     0    84     0     1  1675    80     0  1947]
 [  116     5     1   280     0    50    61  2504     0  4437]
 [    8     0     0    23     0     4     3   131     6   490]
 [  316     3     0   193     0    68   482   972     0 17878]]

Results of Test Set

--------------------
Accuracy: 0.6193811754882405, F1 Score: 0.3195711093016921, Precision: 0.611635896042208, Recall: 0.29216251099412

              precision    recall  f1-score   support

           0       0.54      0.25      0.34      2795
           1       0.56      0.01      0.02      1321
           2       0.88      0.04      0.08       355
           3       0.85      0.79      0.82      4700
           4       0.00      0.00      0.00       585
           5       0.57      0.14      0.22      1504
           6       0.72      0.45      0.55      3669
           7       0.54      0.34      0.41      7506
           8       0.88      0.02      0.04       666
           9       0.60      0.89      0.72     20013

   micro avg       0.62      0.62      0.62     43114
   macro avg       0.61      0.29      0.32     43114
weighted avg       0.62      0.62      0.57     43114
 samples avg       0.62      0.62      0.62     43114


[[  691     0     0     6     0    33     8   131     0  1926]
 [    7    14     0    75     0     1    33   217     0   974]
 [   16     0    14     2     0     2    12    28     0   281]
 [   11     2     0  3697     0     1    21   381     0   587]
 [    3     0     0     3     0     1     7    25     0   546]
 [   88     0     0    19     0   211     8   165     0  1013]
 [    2     2     0    69     0     1  1637   103     0  1855]
 [  105     5     0   283     0    45    52  2518     0  4498]
 [    4     0     0    20     0     8     8   130    14   482]
 [  341     2     2   196     0    70   494   998     2 17908]]

