Title: Fully Connected - Words: 2000, Batch: 128, Epochs: 4, Outputs: 128

Results of Training Set

--------------------
Accuracy: 0.6667207867514032, F1 Score: 0.379761805911666, Precision: 0.7020774249538205, Recall: 0.3431082192397942

              precision    recall  f1-score   support

           0       0.68      0.37      0.48      8263
           1       0.83      0.02      0.03      3968
           2       0.90      0.06      0.11      1050
           3       0.86      0.84      0.85     14541
           4       0.00      0.00      0.00      1763
           5       0.70      0.28      0.40      4392
           6       0.81      0.55      0.66     11089
           7       0.65      0.35      0.46     22288
           8       0.97      0.04      0.07      1971
           9       0.62      0.93      0.75     60017

   micro avg       0.67      0.67      0.67    129342
   macro avg       0.70      0.34      0.38    129342
weighted avg       0.68      0.67      0.62    129342
 samples avg       0.67      0.67      0.67    129342


[[ 3049     0     0     9     0    94    15   212     0  4884]
 [   18    69     0   248     0    10    81   514     0  3028]
 [   35     0    63     6     0     7    28    79     0   832]
 [   27     7     0 12254     0     7    36   681     0  1529]
 [    5     0     0    28     0     3    14    53     0  1660]
 [  205     0     0    67     0  1211    13   413     1  2482]
 [    6     1     2   220     0     2  6134   195     0  4529]
 [  282     3     4   847     0   155   169  7869     0 12959]
 [   39     0     0    73     0    21    15   267    69  1487]
 [  828     3     1   568     0   227  1053  1819     1 55517]]

Results of Validation Set

--------------------
Accuracy: 0.6187781231154613, F1 Score: 0.3241490721500555, Precision: 0.5725481037466473, Recall: 0.29922494090152857

              precision    recall  f1-score   support

           0       0.55      0.27      0.36      2797
           1       0.54      0.01      0.02      1370
           2       0.82      0.04      0.07       371
           3       0.81      0.80      0.81      4733
           4       0.00      0.00      0.00       600
           5       0.56      0.21      0.31      1417
           6       0.71      0.46      0.56      3795
           7       0.56      0.29      0.38      7454
           8       0.57      0.01      0.01       665
           9       0.59      0.90      0.71     19912

   micro avg       0.62      0.62      0.62     43114
   macro avg       0.57      0.30      0.32     43114
weighted avg       0.61      0.62      0.57     43114
 samples avg       0.62      0.62      0.62     43114


[[  762     0     0     8     0    36     5    99     0  1887]
 [    2    13     1   106     0     3    40   180     0  1025]
 [   18     0    14     4     0     2     7    28     0   298]
 [    8     3     0  3799     0     3    32   269     0   619]
 [    3     0     0     6     0     0     3    31     0   557]
 [   68     0     0    17     0   299     7   158     0   868]
 [   14     2     0    92     0     1  1761    64     0  1861]
 [  129     4     2   361     0    76    67  2182     3  4630]
 [   11     0     0    25     0    15     3   113     4   494]
 [  375     2     0   258     0    95   539   799     0 17844]]

Results of Test Set

--------------------
Accuracy: 0.6184302082850118, F1 Score: 0.3215086931163896, Precision: 0.5835713295649507, Recall: 0.29730076383983833

              precision    recall  f1-score   support

           0       0.52      0.26      0.35      2795
           1       0.38      0.01      0.01      1321
           2       0.86      0.03      0.07       355
           3       0.82      0.81      0.81      4700
           4       0.00      0.00      0.00       585
           5       0.54      0.18      0.27      1504
           6       0.71      0.47      0.57      3669
           7       0.56      0.29      0.38      7506
           8       0.87      0.02      0.04       666
           9       0.59      0.89      0.71     20013

   micro avg       0.62      0.62      0.62     43114
   macro avg       0.58      0.30      0.32     43114
weighted avg       0.61      0.62      0.57     43114
 samples avg       0.62      0.62      0.62     43114


[[  740     0     0     8     0    47     7   100     0  1893]
 [    6     8     0    82     0     2    36   184     0  1003]
 [   15     0    12     4     0     2     8    28     0   286]
 [   12     6     0  3794     0     2    17   282     0   587]
 [    3     0     0     8     0     1     7    23     0   543]
 [   86     0     0    24     0   278     8   150     0   958]
 [    4     1     0    82     0     2  1726    78     0  1776]
 [  137     3     0   396     0    66    64  2191     0  4649]
 [    9     1     0    21     0    11     4   110    13   497]
 [  419     2     2   236     0   107   550   794     2 17901]]

