Title: Fully Connected - Words: 2000, Batch: 32, Epochs: 4, Outputs: 256

Results of Training Set

--------------------
Accuracy: 0.7135810486926134, F1 Score: 0.4827353469958083, Precision: 0.812663524875958, Recall: 0.4254687523908876

              precision    recall  f1-score   support

           0       0.74      0.55      0.63      8263
           1       0.88      0.12      0.21      3968
           2       0.89      0.16      0.27      1050
           3       0.90      0.85      0.87     14541
           4       0.95      0.03      0.06      1763
           5       0.73      0.41      0.53      4392
           6       0.85      0.64      0.73     11089
           7       0.67      0.45      0.54     22288
           8       0.85      0.12      0.21      1971
           9       0.67      0.92      0.78     60017

   micro avg       0.71      0.71      0.71    129342
   macro avg       0.81      0.43      0.48    129342
weighted avg       0.73      0.71      0.69    129342
 samples avg       0.71      0.71      0.71    129342


[[ 4543     0     1     4     0   116    11   287     1  3300]
 [   14   462     1   169     1    15   112   532     0  2662]
 [   49     0   168     4     0     9    19    87     0   714]
 [   35     7     0 12331     1    13    33   845     0  1276]
 [   10     3     0    14    52     5    15    70     1  1593]
 [  188     1     2    43     0  1818    14   477     5  1844]
 [   10     7     1   183     0     4  7081   236     0  3567]
 [  320    26     7   496     1   208   176 10126    19 10909]
 [   54     0     0    50     0    28    15   287   236  1301]
 [  897    20     9   352     0   273   887  2083    17 55479]]

Results of Validation Set

--------------------
Accuracy: 0.6209120007422183, F1 Score: 0.3505218984960664, Precision: 0.5974034792421062, Recall: 0.3193097125890026

              precision    recall  f1-score   support

           0       0.51      0.34      0.41      2797
           1       0.54      0.04      0.08      1370
           2       0.64      0.06      0.11       371
           3       0.83      0.77      0.80      4733
           4       0.50      0.00      0.00       600
           5       0.53      0.25      0.34      1417
           6       0.70      0.48      0.57      3795
           7       0.53      0.34      0.41      7454
           8       0.58      0.03      0.06       665
           9       0.61      0.87      0.72     19912

   micro avg       0.62      0.62      0.62     43114
   macro avg       0.60      0.32      0.35     43114
weighted avg       0.61      0.62      0.58     43114
 samples avg       0.62      0.62      0.62     43114


[[  957     0     2     4     0    49     7   135     1  1642]
 [    6    56     0    90     0     4    50   218     0   946]
 [   27     0    23     3     0     4     9    31     0   274]
 [   17     7     0  3658     0     7    31   367     0   646]
 [    7     0     0     5     1     0     5    39     0   543]
 [   93     0     3    12     0   358     4   194     0   753]
 [   13     6     2    93     0     2  1807   100     0  1772]
 [  191    17     2   286     0   104    88  2536    10  4220]
 [    9     0     0    21     0    14     7   122    22   470]
 [  551    17     4   224     1   128   575  1055     5 17352]]

Results of Test Set

--------------------
Accuracy: 0.6205872802337987, F1 Score: 0.3502644744026186, Precision: 0.6037419296356288, Recall: 0.31837924675757756

              precision    recall  f1-score   support

           0       0.49      0.33      0.39      2795
           1       0.47      0.03      0.06      1321
           2       0.61      0.06      0.10       355
           3       0.84      0.78      0.81      4700
           4       0.67      0.00      0.01       585
           5       0.53      0.24      0.33      1504
           6       0.69      0.47      0.56      3669
           7       0.53      0.34      0.41      7506
           8       0.61      0.06      0.10       666
           9       0.61      0.87      0.72     20013

   micro avg       0.62      0.62      0.62     43114
   macro avg       0.60      0.32      0.35     43114
weighted avg       0.61      0.62      0.58     43114
 samples avg       0.62      0.62      0.62     43114


[[  921     1     2     6     0    69     6   148     0  1642]
 [   13    46     0    74     0     3    47   188     0   950]
 [   33     1    20     3     0     5     9    38     0   246]
 [   17    12     1  3649     0     2    18   396     4   601]
 [   10     1     0     5     2     1     7    33     0   526]
 [   97     2     1    21     0   364     8   183     1   827]
 [    6     6     0    79     0     2  1742   110     0  1724]
 [  202    19     2   279     1   100    67  2539    11  4286]
 [   19     0     0    19     0    11     5   123    38   451]
 [  580    10     7   213     0   136   602  1022     8 17435]]

