Title: Fully Connected - Words: 1000, Batch: 32, Epochs: 2, Outputs: 32

Results of Training Set

--------------------
Accuracy: 0.6053254163380805, F1 Score: 0.2572000440740282, Precision: 0.40120449772659655, Recall: 0.24449264815167018

              precision    recall  f1-score   support

           0       0.56      0.09      0.15      8263
           1       0.00      0.00      0.00      3968
           2       0.00      0.00      0.00      1050
           3       0.86      0.76      0.81     14541
           4       0.00      0.00      0.00      1763
           5       0.67      0.02      0.03      4392
           6       0.80      0.37      0.50     11089
           7       0.55      0.28      0.37     22288
           8       0.00      0.00      0.00      1971
           9       0.57      0.94      0.71     60017

   micro avg       0.61      0.61      0.61    129342
   macro avg       0.40      0.24      0.26    129342
weighted avg       0.58      0.61      0.54    129342
 samples avg       0.61      0.61      0.61    129342


[[  718     0     0     8     0    10     5   199     0  7323]
 [    8     0     0   190     0     0    58   439     0  3273]
 [    8     0     0     4     0     0    17    56     0   965]
 [   12     0     0 11018     0     2    37  1186     0  2286]
 [    3     0     0    12     0     0     7    56     0  1685]
 [  113     0     0    49     0    75     6   377     0  3772]
 [    3     0     0   221     0     0  4080   183     0  6602]
 [   91     0     0   731     0    11   102  6224     0 15129]
 [    7     0     0    59     0     1    10   295     0  1599]
 [  313     0     0   502     0    13   810  2200     0 56179]]

Results of Validation Set

--------------------
Accuracy: 0.5934963121027972, F1 Score: 0.250225203165792, Precision: 0.38024525289695477, Recall: 0.2388315000127202

              precision    recall  f1-score   support

           0       0.58      0.09      0.15      2797
           1       0.00      0.00      0.00      1370
           2       0.00      0.00      0.00       371
           3       0.85      0.74      0.79      4733
           4       0.00      0.00      0.00       600
           5       0.53      0.01      0.03      1417
           6       0.76      0.35      0.48      3795
           7       0.53      0.26      0.35      7454
           8       0.00      0.00      0.00       665
           9       0.56      0.93      0.70     19912

   micro avg       0.59      0.59      0.59     43114
   macro avg       0.38      0.24      0.25     43114
weighted avg       0.56      0.59      0.52     43114
 samples avg       0.59      0.59      0.59     43114


[[  246     0     0     4     0     2     3    66     0  2476]
 [    1     0     0    76     0     0    25   180     0  1088]
 [    0     0     0     3     0     1     6    15     0   346]
 [    3     0     0  3519     0     0    17   398     0   796]
 [    1     0     0     2     0     0     1    35     0   561]
 [   33     0     0    12     0    20     2   136     0  1214]
 [    1     0     0    80     0     0  1323    56     0  2335]
 [   36     0     0   252     0     5    30  1973     0  5158]
 [    3     0     0    17     0     2     1   103     0   539]
 [  102     0     0   195     0     8   322   778     0 18507]]

Results of Test Set

--------------------
Accuracy: 0.5945864452382057, F1 Score: 0.24958819601041146, Precision: 0.3869856196368556, Recall: 0.23843225826126044

              precision    recall  f1-score   support

           0       0.55      0.09      0.15      2795
           1       0.00      0.00      0.00      1321
           2       0.00      0.00      0.00       355
           3       0.85      0.74      0.79      4700
           4       0.00      0.00      0.00       585
           5       0.62      0.01      0.03      1504
           6       0.76      0.35      0.48      3669
           7       0.53      0.26      0.35      7506
           8       0.00      0.00      0.00       666
           9       0.56      0.93      0.70     20013

   micro avg       0.59      0.59      0.59     43114
   macro avg       0.39      0.24      0.25     43114
weighted avg       0.57      0.59      0.52     43114
 samples avg       0.59      0.59      0.59     43114


[[  243     0     0     5     0     2     4    70     0  2471]
 [    1     0     0    60     0     0    20   148     0  1092]
 [    5     0     0     4     0     0     4    17     0   325]
 [    1     0     0  3500     0     0    16   413     0   770]
 [    0     0     0     4     0     0     3    22     0   556]
 [   45     0     0    14     0    20     6   130     0  1289]
 [    1     0     0    69     0     0  1274    66     0  2259]
 [   43     0     0   272     0     5    30  1957     0  5199]
 [    1     0     0    19     0     0     2   119     0   525]
 [  105     0     0   191     0     5   315   756     0 18641]]

