Title: Fully Connected - Words: 2000, Batch: 64, Epochs: 4, Outputs: 256

Results of Training Set

--------------------
Accuracy: 0.7105425925066877, F1 Score: 0.45501202416525743, Precision: 0.833766854781746, Recall: 0.401425813026896

              precision    recall  f1-score   support

           0       0.79      0.42      0.55      8263
           1       0.85      0.09      0.16      3968
           2       0.91      0.14      0.24      1050
           3       0.90      0.85      0.88     14541
           4       0.97      0.02      0.04      1763
           5       0.74      0.39      0.51      4392
           6       0.86      0.62      0.72     11089
           7       0.67      0.49      0.57     22288
           8       0.98      0.05      0.10      1971
           9       0.67      0.93      0.78     60017

   micro avg       0.71      0.71      0.71    129342
   macro avg       0.83      0.40      0.46    129342
weighted avg       0.74      0.71      0.68    129342
 samples avg       0.71      0.71      0.71    129342


[[ 3494     0     1     4     0   121    15   379     0  4249]
 [   12   360     0   152     0    12    98   614     0  2720]
 [   31     0   148     5     0    12    22   103     0   729]
 [   21    15     0 12407     0     8    42   799     0  1249]
 [    2     3     0    23    33     6    13    83     0  1600]
 [  131     2     0    47     0  1716    17   487     0  1992]
 [    2     8     2   184     0     5  6876   238     0  3774]
 [  180    22     7   528     0   195   168 11002     2 10184]
 [   26     1     0    69     0    28    20   371   107  1349]
 [  498    13     4   354     1   229   752  2406     0 55760]]

Results of Validation Set

--------------------
Accuracy: 0.6226747692164958, F1 Score: 0.34329623938760534, Precision: 0.5734057101068204, Recall: 0.31179686980223453

              precision    recall  f1-score   support

           0       0.57      0.26      0.36      2797
           1       0.52      0.04      0.07      1370
           2       0.68      0.06      0.11       371
           3       0.84      0.78      0.81      4733
           4       0.00      0.00      0.00       600
           5       0.53      0.24      0.33      1417
           6       0.70      0.46      0.56      3795
           7       0.53      0.37      0.44      7454
           8       0.76      0.02      0.04       665
           9       0.60      0.88      0.72     19912

   micro avg       0.62      0.62      0.62     43114
   macro avg       0.57      0.31      0.34     43114
weighted avg       0.61      0.62      0.58     43114
 samples avg       0.62      0.62      0.62     43114


[[  729     0     2     8     0    54     6   184     0  1814]
 [    3    52     1    88     0     3    44   238     0   941]
 [   17     0    23     4     0     2     9    31     0   285]
 [    7    13     0  3712     0     5    38   334     0   624]
 [    7     0     0     3     0     1     7    38     0   544]
 [   66     0     0    15     0   345     8   215     0   768]
 [   11     5     2    85     0     1  1749    89     0  1853]
 [  104    12     2   291     0    86    72  2783     2  4102]
 [    6     0     0    21     0    19     5   145    13   456]
 [  336    18     4   215     1   129   551  1216     2 17440]]

Results of Test Set

--------------------
Accuracy: 0.6240200398942339, F1 Score: 0.3409705319136821, Precision: 0.6847879073678018, Recall: 0.3100172904085473

              precision    recall  f1-score   support

           0       0.55      0.25      0.34      2795
           1       0.47      0.03      0.05      1321
           2       0.70      0.05      0.10       355
           3       0.85      0.79      0.82      4700
           4       1.00      0.00      0.00       585
           5       0.53      0.22      0.31      1504
           6       0.70      0.47      0.56      3669
           7       0.53      0.37      0.44      7506
           8       0.91      0.03      0.06       666
           9       0.61      0.88      0.72     20013

   micro avg       0.62      0.62      0.62     43114
   macro avg       0.68      0.31      0.34     43114
weighted avg       0.63      0.62      0.58     43114
 samples avg       0.62      0.62      0.62     43114


[[  695     1     1     6     0    68    14   183     0  1827]
 [    9    38     0    69     0     6    40   218     0   941]
 [   17     1    19     3     0     7    11    39     0   258]
 [    8    14     1  3727     0     2    28   351     1   568]
 [    2     1     0     3     1     2     8    30     0   538]
 [   68     1     0    20     0   335     7   206     0   867]
 [    5     3     1    72     0     2  1722   113     0  1751]
 [  101    10     1   293     0    90    61  2814     0  4136]
 [    8     0     0    22     0    11     3   140    21   461]
 [  357    11     4   192     0   114   554  1248     1 17532]]

