Title: Fully Connected - Words: 2000, Batch: 128, Epochs: 4, Outputs: 256

Results of Training Set

--------------------
Accuracy: 0.7018524531861267, F1 Score: 0.4343654568125623, Precision: 0.8286130492596524, Recall: 0.3881151224411606

              precision    recall  f1-score   support

           0       0.73      0.48      0.58      8263
           1       0.88      0.07      0.14      3968
           2       0.91      0.10      0.18      1050
           3       0.89      0.86      0.87     14541
           4       1.00      0.00      0.00      1763
           5       0.77      0.31      0.44      4392
           6       0.83      0.62      0.71     11089
           7       0.66      0.45      0.54     22288
           8       0.96      0.06      0.11      1971
           9       0.66      0.92      0.77     60017

   micro avg       0.70      0.70      0.70    129342
   macro avg       0.83      0.39      0.43    129342
weighted avg       0.73      0.70      0.67    129342
 samples avg       0.70      0.70      0.70    129342


[[ 3936     0     0     8     0    71    16   334     0  3898]
 [   22   291     0   211     0    10   118   588     0  2728]
 [   36     1   104     4     0     4    33   101     0   767]
 [   37     6     0 12452     0     8    36   759     1  1242]
 [   11     6     0    21     4     4     7    69     0  1641]
 [  216     0     3    63     0  1362    21   532     1  2194]
 [    6     5     2   206     0     1  6929   217     0  3723]
 [  344    12     4   614     0   124   184 10114     2 10890]
 [   39     0     0    62     0    24    21   349   120  1356]
 [  736    10     1   423     0   167  1013  2199     1 55467]]

Results of Validation Set

--------------------
Accuracy: 0.622605186250406, F1 Score: 0.3420530300480309, Precision: 0.5777655742324322, Recall: 0.31341985569274006

              precision    recall  f1-score   support

           0       0.53      0.31      0.39      2797
           1       0.51      0.03      0.05      1370
           2       0.79      0.06      0.11       371
           3       0.82      0.80      0.81      4733
           4       0.00      0.00      0.00       600
           5       0.60      0.22      0.32      1417
           6       0.69      0.49      0.57      3795
           7       0.53      0.35      0.42      7454
           8       0.69      0.02      0.03       665
           9       0.61      0.87      0.71     19912

   micro avg       0.62      0.62      0.62     43114
   macro avg       0.58      0.31      0.34     43114
weighted avg       0.61      0.62      0.58     43114
 samples avg       0.62      0.62      0.62     43114


[[  868     0     1     7     0    36    10   155     0  1720]
 [    9    36     1    96     0     1    46   219     0   962]
 [   20     1    22     2     0     3     9    32     0   282]
 [   12     5     0  3784     0     4    29   320     0   579]
 [    9     0     0     5     0     0     7    35     0   544]
 [   94     0     1    16     0   305     8   210     0   783]
 [   12     5     0    91     0     1  1851    84     0  1751]
 [  135    14     1   323     0    59    74  2580     2  4266]
 [    8     0     0    25     0    14     6   139    11   462]
 [  456     9     2   239     0    83   626  1108     3 17386]]

Results of Test Set

--------------------
Accuracy: 0.6246926752331029, F1 Score: 0.3397594677504469, Precision: 0.5944162122829197, Recall: 0.31172988224206843

              precision    recall  f1-score   support

           0       0.52      0.31      0.39      2795
           1       0.54      0.02      0.05      1321
           2       0.81      0.05      0.09       355
           3       0.83      0.80      0.82      4700
           4       0.00      0.00      0.00       585
           5       0.56      0.18      0.28      1504
           6       0.69      0.49      0.57      3669
           7       0.53      0.35      0.42      7506
           8       0.85      0.03      0.06       666
           9       0.61      0.88      0.72     20013

   micro avg       0.62      0.62      0.62     43114
   macro avg       0.59      0.31      0.34     43114
weighted avg       0.61      0.62      0.58     43114
 samples avg       0.62      0.62      0.62     43114


[[  857     0     1     8     0    40    13   163     0  1713]
 [   13    33     0    79     0     4    42   208     0   942]
 [   23     0    17     3     0     4    11    37     0   260]
 [   19     6     1  3780     0     0    21   330     0   543]
 [    4     1     0     7     0     1     7    32     0   533]
 [   96     1     0    22     0   277    11   198     0   899]
 [    2     2     0    82     0     2  1800   108     0  1673]
 [  159    10     0   333     0    66    69  2631     2  4236]
 [   11     1     0    25     0    12     5   136    22   454]
 [  455     7     2   213     0    87   621  1110     2 17516]]

