Title: Fully Connected - Words: 2000, Batch: 32, Epochs: 4, Outputs: 512

Results of Training Set

--------------------
Accuracy: 0.763124120548623, F1 Score: 0.5840464097577576, Precision: 0.8861437341984267, Recall: 0.4992709028982497

              precision    recall  f1-score   support

           0       0.89      0.56      0.69      8263
           1       0.91      0.25      0.39      3968
           2       0.96      0.30      0.45      1050
           3       0.93      0.88      0.91     14541
           4       1.00      0.13      0.24      1763
           5       0.83      0.50      0.62      4392
           6       0.93      0.67      0.78     11089
           7       0.74      0.56      0.64     22288
           8       0.96      0.19      0.31      1971
           9       0.71      0.95      0.81     60017

   micro avg       0.76      0.76      0.76    129342
   macro avg       0.89      0.50      0.58    129342
weighted avg       0.79      0.76      0.74    129342
 samples avg       0.76      0.76      0.76    129342


[[ 4638     0     1     5     0    76     6   381     2  3154]
 [    7   992     0    87     0    12    47   494     1  2328]
 [   13     1   311     5     0     6     8    77     0   629]
 [   14     9     0 12833     0     8    19   632     0  1026]
 [    3     4     0    14   235     1     6    71     0  1429]
 [   85     2     2    23     0  2175    11   500     4  1590]
 [    3    16     1    97     0     2  7483   205     1  3281]
 [  120    29     3   371     0   126    92 12526     5  9016]
 [   19     2     0    42     0    28     6   339   365  1170]
 [  312    39     5   250     0   183   352  1727     3 57146]]

Results of Validation Set

--------------------
Accuracy: 0.6246926752331029, F1 Score: 0.36133628840956317, Precision: 0.6016530643542544, Recall: 0.3212588955817786

              precision    recall  f1-score   support

           0       0.59      0.28      0.38      2797
           1       0.49      0.07      0.13      1370
           2       0.59      0.09      0.15       371
           3       0.84      0.78      0.81      4733
           4       0.43      0.01      0.01       600
           5       0.57      0.25      0.35      1417
           6       0.72      0.44      0.54      3795
           7       0.53      0.37      0.43      7454
           8       0.65      0.05      0.09       665
           9       0.60      0.88      0.72     19912

   micro avg       0.62      0.62      0.62     43114
   macro avg       0.60      0.32      0.36     43114
weighted avg       0.62      0.62      0.59     43114
 samples avg       0.62      0.62      0.62     43114


[[  777     1     4     7     0    51     8   182     1  1766]
 [    2   100     1    75     0     3    47   217     2   923]
 [   15     0    32     3     0     2     9    35     0   275]
 [    5    27     0  3705     0     5    32   344     0   615]
 [    6     2     0     1     3     2     5    34     0   547]
 [   61     0     1    13     0   361     4   223     1   753]
 [   11     6     2    78     0     2  1660    88     0  1948]
 [   95    24     4   269     0    80    63  2738     5  4176]
 [    5     1     0    24     0    17     6   140    32   440]
 [  342    44    10   212     4   112   475  1180     8 17525]]

Results of Test Set

--------------------
Accuracy: 0.6236025420976945, F1 Score: 0.3535992477155868, Precision: 0.5957940001521776, Recall: 0.3164077579566301

              precision    recall  f1-score   support

           0       0.55      0.28      0.37      2795
           1       0.44      0.05      0.10      1321
           2       0.52      0.07      0.12       355
           3       0.84      0.79      0.81      4700
           4       0.50      0.01      0.01       585
           5       0.55      0.23      0.32      1504
           6       0.72      0.44      0.55      3669
           7       0.52      0.37      0.43      7506
           8       0.70      0.06      0.11       666
           9       0.61      0.88      0.72     20013

   micro avg       0.62      0.62      0.62     43114
   macro avg       0.60      0.32      0.35     43114
weighted avg       0.62      0.62      0.58     43114
 samples avg       0.62      0.62      0.62     43114


[[  772     2     7    11     0    64    10   179     0  1750]
 [    6    72     0    71     0     2    33   215     1   921]
 [   17     0    24     3     0     3    13    33     0   262]
 [   10    15     2  3712     0     2    23   359     2   575]
 [    5     1     0     5     3     2     5    31     0   533]
 [   62     4     1    23     0   345     7   210     1   851]
 [    4    10     1    67     0     3  1610   110     1  1863]
 [  117    23     2   304     1    80    51  2754     5  4169]
 [    8     2     0    20     0     9     3   147    39   438]
 [  393    33     9   204     2   117   482  1211     7 17555]]

