Title: Fully Connected - Words: 2000, Batch: 64, Epochs: 4, Outputs: 512

Results of Training Set

--------------------
Accuracy: 0.7548128218212181, F1 Score: 0.5456370105714575, Precision: 0.8721468886564162, Recall: 0.47347332676307713

              precision    recall  f1-score   support

           0       0.82      0.62      0.71      8263
           1       0.93      0.18      0.30      3968
           2       0.94      0.24      0.38      1050
           3       0.94      0.86      0.90     14541
           4       0.98      0.06      0.11      1763
           5       0.80      0.46      0.58      4392
           6       0.92      0.69      0.79     11089
           7       0.76      0.52      0.62     22288
           8       0.93      0.15      0.25      1971
           9       0.70      0.96      0.81     60017

   micro avg       0.75      0.75      0.75    129342
   macro avg       0.87      0.47      0.55    129342
weighted avg       0.78      0.75      0.73    129342
 samples avg       0.75      0.75      0.75    129342


[[ 5140     1     1     3     0    71     6   205     1  2835]
 [   21   713     1    89     0    19    79   534     0  2512]
 [   35     0   253     4     0     5    20    75     0   658]
 [   27     8     0 12531     0     9    29   624     0  1313]
 [   15     3     1    12   106     1     9    58     0  1558]
 [  171     3     3    24     1  2011    19   403     3  1754]
 [   11     6     1    73     0     3  7618   174     0  3203]
 [  245    18     4   311     1   156   116 11648    15  9774]
 [   30     2     0    50     0    27    12   228   291  1331]
 [  551    15     6   195     0   199   397  1333     3 57318]]

Results of Validation Set

--------------------
Accuracy: 0.6255276708261818, F1 Score: 0.3576045784075641, Precision: 0.6120964215629787, Recall: 0.32069034031579674

              precision    recall  f1-score   support

           0       0.53      0.34      0.41      2797
           1       0.60      0.05      0.10      1370
           2       0.63      0.07      0.13       371
           3       0.86      0.77      0.81      4733
           4       0.50      0.00      0.01       600
           5       0.57      0.25      0.35      1417
           6       0.71      0.45      0.55      3795
           7       0.56      0.34      0.42      7454
           8       0.56      0.04      0.08       665
           9       0.60      0.89      0.72     19912

   micro avg       0.63      0.63      0.63     43114
   macro avg       0.61      0.32      0.36     43114
weighted avg       0.62      0.63      0.59     43114
 samples avg       0.63      0.63      0.63     43114


[[  937     0     5     4     0    39    10   118     1  1683]
 [    6    74     1    81     0     3    39   214     1   951]
 [   21     0    27     1     0     4     8    27     0   283]
 [   14    12     0  3657     1     4    36   297     4   708]
 [    9     0     0     3     2     1     6    32     0   547]
 [   94     1     1    11     0   358     6   194     5   747]
 [   17     2     1    69     0     2  1707    81     0  1916]
 [  159    17     2   245     0    88    71  2533     5  4334]
 [    9     1     0    22     0    14     2   109    27   481]
 [  490    16     6   176     1   116   523   932     5 17647]]

Results of Test Set

--------------------
Accuracy: 0.6255044765041518, F1 Score: 0.3554821056197805, Precision: 0.6259999445085308, Recall: 0.319458754356174

              precision    recall  f1-score   support

           0       0.52      0.33      0.40      2795
           1       0.55      0.04      0.07      1321
           2       0.59      0.07      0.13       355
           3       0.86      0.78      0.82      4700
           4       0.67      0.00      0.01       585
           5       0.54      0.23      0.32      1504
           6       0.71      0.46      0.56      3669
           7       0.55      0.34      0.42      7506
           8       0.67      0.05      0.10       666
           9       0.60      0.88      0.72     20013

   micro avg       0.63      0.63      0.63     43114
   macro avg       0.63      0.32      0.36     43114
weighted avg       0.62      0.63      0.59     43114
 samples avg       0.63      0.63      0.63     43114


[[  923     1     1     5     0    61     7   131     1  1665]
 [   14    53     0    66     0     6    40   201     0   941]
 [   22     0    26     3     0     3    11    31     0   259]
 [   15     9     1  3653     0     3    25   332     2   660]
 [    3     1     0     4     2     2     7    28     0   538]
 [  107     4     1    18     0   349     9   157     3   856]
 [    5     7     0    63     0     3  1696    99     0  1796]
 [  160     8     2   249     1    87    51  2536     6  4406]
 [   15     0     0    16     0    12     3   116    36   468]
 [  526    14    13   164     0   118   533   945     6 17694]]

