Title: Fully Connected - Words: 2000, Batch: 128, Epochs: 4, Outputs: 512

Results of Training Set

--------------------
Accuracy: 0.7426280713148088, F1 Score: 0.508186316793347, Precision: 0.8592521263895538, Recall: 0.44841108767884225

              precision    recall  f1-score   support

           0       0.80      0.61      0.69      8263
           1       0.92      0.15      0.25      3968
           2       0.93      0.15      0.25      1050
           3       0.92      0.88      0.90     14541
           4       0.99      0.04      0.08      1763
           5       0.77      0.44      0.56      4392
           6       0.88      0.68      0.77     11089
           7       0.75      0.49      0.59     22288
           8       0.94      0.11      0.19      1971
           9       0.69      0.95      0.80     60017

   micro avg       0.74      0.74      0.74    129342
   macro avg       0.86      0.45      0.51    129342
weighted avg       0.77      0.74      0.72    129342
 samples avg       0.74      0.74      0.74    129342


[[ 5061     0     0     6     0    86    10   234     0  2866]
 [   18   583     0   149     0    17    87   422     0  2692]
 [   48     0   153     4     0    13    19    90     0   723]
 [   25     9     0 12739     0    15    31   542     1  1179]
 [    8     2     0    17    70     6     7    58     0  1595]
 [  197     0     0    44     1  1937    21   419     3  1770]
 [    6     6     1   119     0     3  7524   202     0  3228]
 [  292    18     6   483     0   184   187 10949     6 10163]
 [   47     0     0    58     0    26    19   283   208  1330]
 [  610    15     4   268     0   217   640  1431     3 56829]]

Results of Validation Set

--------------------
Accuracy: 0.6271744676903094, F1 Score: 0.3565665959221846, Precision: 0.6759816024782702, Recall: 0.3245119749489519

              precision    recall  f1-score   support

           0       0.53      0.35      0.42      2797
           1       0.59      0.04      0.08      1370
           2       0.77      0.06      0.12       371
           3       0.84      0.79      0.81      4733
           4       1.00      0.01      0.01       600
           5       0.56      0.27      0.36      1417
           6       0.69      0.48      0.57      3795
           7       0.56      0.33      0.42      7454
           8       0.62      0.03      0.06       665
           9       0.61      0.88      0.72     19912

   micro avg       0.63      0.63      0.63     43114
   macro avg       0.68      0.32      0.36     43114
weighted avg       0.63      0.63      0.59     43114
 samples avg       0.63      0.63      0.63     43114


[[  977     0     1     5     0    46     9   131     0  1628]
 [    6    55     0    90     0     7    56   193     1   962]
 [   31     0    24     3     0     1    12    30     0   270]
 [   12     7     0  3738     0     6    41   286     0   643]
 [    7     0     0     4     3     3     8    26     0   549]
 [   98     2     2    14     0   383     8   180     0   730]
 [   11     2     0    78     0     1  1823    78     0  1802]
 [  165    17     1   312     0    99    87  2487     5  4281]
 [   10     0     0    26     0    16     9   127    21   456]
 [  515    11     3   206     0   121   592   928     7 17529]]

Results of Test Set

--------------------
Accuracy: 0.6290532077747367, F1 Score: 0.3545691149349818, Precision: 0.6695581351543771, Recall: 0.3224080682028072

              precision    recall  f1-score   support

           0       0.51      0.34      0.41      2795
           1       0.50      0.04      0.07      1321
           2       0.66      0.05      0.10       355
           3       0.84      0.80      0.82      4700
           4       1.00      0.00      0.01       585
           5       0.55      0.24      0.33      1504
           6       0.69      0.48      0.57      3669
           7       0.57      0.34      0.42      7506
           8       0.77      0.05      0.09       666
           9       0.61      0.88      0.72     20013

   micro avg       0.63      0.63      0.63     43114
   macro avg       0.67      0.32      0.35     43114
weighted avg       0.63      0.63      0.59     43114
 samples avg       0.63      0.63      0.63     43114


[[  955     1     2     5     0    54    10   126     0  1642]
 [   14    51     0    74     0     6    44   166     0   966]
 [   24     0    19     3     0     5     9    38     0   257]
 [   14    12     0  3751     0     2    25   301     1   594]
 [    6     2     0     3     2     3     8    26     0   535]
 [  113     1     0    20     0   362     9   168     2   829]
 [    1     6     0    69     0     3  1753    90     0  1747]
 [  191    15     1   316     0    93    71  2542     2  4275]
 [   13     2     0    21     0    11     3   120    33   463]
 [  540    12     7   185     0   123   593   895     5 17653]]

