Title: Fully Connected - Words: 2000, Batch: 32, Epochs: 5, Outputs: 10

Results of Training Set

--------------------
Accuracy: 0.5998360934576549, F1 Score: 0.23758147536134663, Precision: 0.4187516756973479, Recall: 0.2320150238817223

              precision    recall  f1-score   support

           0       0.68      0.03      0.05      8263
           1       0.00      0.00      0.00      3968
           2       0.00      0.00      0.00      1050
           3       0.87      0.77      0.82     14541
           4       0.00      0.00      0.00      1763
           5       0.69      0.00      0.00      4392
           6       0.79      0.36      0.49     11089
           7       0.60      0.21      0.31     22288
           8       0.00      0.00      0.00      1971
           9       0.56      0.96      0.70     60017

   micro avg       0.60      0.60      0.60    129342
   macro avg       0.42      0.23      0.24    129342
weighted avg       0.59      0.60      0.52    129342
 samples avg       0.60      0.60      0.60    129342


[[  219     0     0     4     0     1     1    87     0  7951]
 [    1     0     0   188     0     0    40   318     0  3421]
 [    1     0     0     3     0     0     7    27     0  1012]
 [    5     0     0 11181     0     0    58   957     0  2340]
 [    0     0     0     9     0     0     4    30     0  1720]
 [   23     0     0    42     0     9     6   258     0  4054]
 [    0     0     0   204     0     0  3944    90     0  6851]
 [    9     0     0   679     0     1    69  4613     0 16917]
 [    1     0     0    56     0     0    14   243     0  1657]
 [   65     0     0   419     0     2   873  1040     0 57618]]

Results of Validation Set

--------------------
Accuracy: 0.5873034281207961, F1 Score: 0.22974202423738785, Precision: 0.3904862422082228, Recall: 0.2255569836463867

              precision    recall  f1-score   support

           0       0.68      0.03      0.05      2797
           1       0.00      0.00      0.00      1370
           2       0.00      0.00      0.00       371
           3       0.85      0.74      0.79      4733
           4       0.00      0.00      0.00       600
           5       0.50      0.00      0.00      1417
           6       0.77      0.34      0.47      3795
           7       0.56      0.19      0.28      7454
           8       0.00      0.00      0.00       665
           9       0.55      0.96      0.70     19912

   micro avg       0.59      0.59      0.59     43114
   macro avg       0.39      0.23      0.23     43114
weighted avg       0.57      0.59      0.50     43114
 samples avg       0.59      0.59      0.59     43114


[[   73     0     0     3     0     1     0    31     0  2689]
 [    0     0     0    80     0     0    17   112     0  1161]
 [    1     0     0     1     0     0     3    11     0   355]
 [    1     0     0  3522     0     0    31   337     0   842]
 [    0     0     0     1     0     0     0    10     0   589]
 [    5     0     0     8     0     2     0   103     0  1299]
 [    0     0     0    80     0     0  1285    31     0  2399]
 [    4     0     0   266     0     0    24  1416     0  5744]
 [    0     0     0    19     0     0     1    86     0   559]
 [   24     0     0   171     0     1   307   386     0 19023]]

Results of Test Set

--------------------
Accuracy: 0.5885095328663543, F1 Score: 0.22917067211549808, Precision: 0.33681289296711736, Recall: 0.22577032546599102

              precision    recall  f1-score   support

           0       0.65      0.03      0.05      2795
           1       0.00      0.00      0.00      1321
           2       0.00      0.00      0.00       355
           3       0.85      0.76      0.80      4700
           4       0.00      0.00      0.00       585
           5       0.00      0.00      0.00      1504
           6       0.75      0.33      0.46      3669
           7       0.56      0.19      0.28      7506
           8       0.00      0.00      0.00       666
           9       0.55      0.96      0.70     20013

   micro avg       0.59      0.59      0.59     43114
   macro avg       0.34      0.23      0.23     43114
weighted avg       0.55      0.59      0.50     43114
 samples avg       0.59      0.59      0.59     43114


[[   70     0     0     3     0     0     1    35     0  2686]
 [    0     0     0    58     0     0    18   109     0  1136]
 [    1     0     0     1     0     0     5     9     0   339]
 [    2     0     0  3558     0     0    25   328     0   787]
 [    0     0     0     4     0     0     3    11     0   567]
 [    9     0     0    15     0     0     7    82     0  1391]
 [    0     0     0    66     0     0  1227    33     0  2343]
 [    5     0     0   277     0     0    22  1393     0  5809]
 [    1     0     0    19     0     0     3    91     0   552]
 [   20     0     0   164     0     1   321   382     0 19125]]

