Title: Fully Connected - Words: 2000, Batch: 64, Epochs: 5, Outputs: 10

Results of Training Set

--------------------
Accuracy: 0.6006247004066738, F1 Score: 0.23535473322110012, Precision: 0.3551476942535091, Recall: 0.23034046109934558

              precision    recall  f1-score   support

           0       0.71      0.02      0.03      8263
           1       0.00      0.00      0.00      3968
           2       0.00      0.00      0.00      1050
           3       0.87      0.77      0.82     14541
           4       0.00      0.00      0.00      1763
           5       0.00      0.00      0.00      4392
           6       0.81      0.33      0.47     11089
           7       0.59      0.23      0.33     22288
           8       0.00      0.00      0.00      1971
           9       0.56      0.96      0.71     60017

   micro avg       0.60      0.60      0.60    129342
   macro avg       0.36      0.23      0.24    129342
weighted avg       0.57      0.60      0.52    129342
 samples avg       0.60      0.60      0.60    129342


[[  131     0     0     3     0     0     1    78     0  8050]
 [    0     0     0   182     0     0    36   359     0  3391]
 [    0     0     0     2     0     0     7    28     0  1013]
 [    4     0     0 11195     0     0    47  1055     0  2240]
 [    0     0     0    13     0     0     4    30     0  1716]
 [    4     0     0    46     0     0     4   254     0  4084]
 [    0     0     0   206     0     0  3654   110     0  7119]
 [    5     0     0   709     0     0    61  5082     0 16431]
 [    0     0     0    55     0     0     8   278     0  1630]
 [   40     0     0   419     0     0   666  1268     0 57624]]

Results of Validation Set

--------------------
Accuracy: 0.5875353713410957, F1 Score: 0.2277167467924194, Precision: 0.3425052743877449, Recall: 0.22402994738432486

              precision    recall  f1-score   support

           0       0.69      0.02      0.04      2797
           1       0.00      0.00      0.00      1370
           2       0.00      0.00      0.00       371
           3       0.85      0.75      0.79      4733
           4       0.00      0.00      0.00       600
           5       0.00      0.00      0.00      1417
           6       0.79      0.31      0.45      3795
           7       0.55      0.21      0.30      7454
           8       0.00      0.00      0.00       665
           9       0.55      0.95      0.70     19912

   micro avg       0.59      0.59      0.59     43114
   macro avg       0.34      0.22      0.23     43114
weighted avg       0.56      0.59      0.50     43114
 samples avg       0.59      0.59      0.59     43114


[[   54     0     0     3     0     0     1    33     0  2706]
 [    0     0     0    83     0     0    19   128     0  1140]
 [    1     0     0     1     0     0     2    12     0   355]
 [    1     0     0  3538     0     0    23   385     0   786]
 [    0     0     0     2     0     0     0    15     0   583]
 [    2     0     0     9     0     0     0   102     0  1304]
 [    0     0     0    87     0     0  1177    39     0  2492]
 [    4     0     0   271     0     0    15  1557     0  5607]
 [    0     0     0    18     0     0     2   106     0   539]
 [   16     0     0   171     0     0   253   467     0 19005]]

Results of Test Set

--------------------
Accuracy: 0.5902491070186019, F1 Score: 0.22839250851607923, Precision: 0.34531813612993967, Recall: 0.22496678637482895

              precision    recall  f1-score   support

           0       0.70      0.02      0.03      2795
           1       0.00      0.00      0.00      1321
           2       0.00      0.00      0.00       355
           3       0.86      0.76      0.80      4700
           4       0.00      0.00      0.00       585
           5       0.00      0.00      0.00      1504
           6       0.78      0.31      0.44      3669
           7       0.56      0.21      0.30      7506
           8       0.00      0.00      0.00       666
           9       0.55      0.96      0.70     20013

   micro avg       0.59      0.59      0.59     43114
   macro avg       0.35      0.22      0.23     43114
weighted avg       0.56      0.59      0.51     43114
 samples avg       0.59      0.59      0.59     43114


[[   43     0     0     2     0     0     1    46     0  2703]
 [    0     0     0    57     0     0    15   128     0  1121]
 [    0     0     0     2     0     0     4     9     0   340]
 [    1     0     0  3561     0     0    20   355     0   763]
 [    0     0     0     5     0     0     3    10     0   567]
 [    4     0     0    14     0     0     4    83     0  1399]
 [    0     0     0    69     0     0  1143    41     0  2416]
 [    1     0     0   275     0     0    19  1570     0  5641]
 [    0     0     0    19     0     0     3    96     0   548]
 [   12     0     0   156     0     0   257   457     0 19131]]

