Title: Fully Connected - Words: 2000, Batch: 128, Epochs: 5, Outputs: 10

Results of Training Set

--------------------
Accuracy: 0.5959549102379738, F1 Score: 0.2298692292024731, Precision: 0.35393235251334876, Recall: 0.23010119963461176

              precision    recall  f1-score   support

           0       0.67      0.01      0.02      8263
           1       0.00      0.00      0.00      3968
           2       0.00      0.00      0.00      1050
           3       0.85      0.78      0.82     14541
           4       0.00      0.00      0.00      1763
           5       0.00      0.00      0.00      4392
           6       0.81      0.41      0.54     11089
           7       0.65      0.13      0.22     22288
           8       0.00      0.00      0.00      1971
           9       0.55      0.97      0.70     60017

   micro avg       0.60      0.60      0.60    129342
   macro avg       0.35      0.23      0.23    129342
weighted avg       0.58      0.60      0.50    129342
 samples avg       0.60      0.60      0.60    129342


[[   75     0     0     4     0     0     5    18     0  8161]
 [    2     0     0   203     0     0    44   163     0  3556]
 [    1     0     0     6     0     0    13    18     0  1012]
 [    0     0     0 11387     0     0    19   533     0  2602]
 [    0     0     0    14     0     0     6    13     0  1730]
 [   16     0     0    56     0     0     6    88     0  4226]
 [    0     0     0   203     0     0  4522    67     0  6297]
 [    6     0     0   957     0     0   107  2944     0 18274]
 [    0     0     0    64     0     0     5    96     0  1806]
 [   12     0     0   455     0     0   838   558     0 58154]]

Results of Validation Set

--------------------
Accuracy: 0.583082061511342, F1 Score: 0.220704470295055, Precision: 0.33268968794646925, Recall: 0.22243453217770498

              precision    recall  f1-score   support

           0       0.56      0.01      0.01      2797
           1       0.00      0.00      0.00      1370
           2       0.00      0.00      0.00       371
           3       0.84      0.76      0.79      4733
           4       0.00      0.00      0.00       600
           5       0.00      0.00      0.00      1417
           6       0.77      0.38      0.51      3795
           7       0.62      0.12      0.20      7454
           8       0.00      0.00      0.00       665
           9       0.54      0.97      0.69     19912

   micro avg       0.58      0.58      0.58     43114
   macro avg       0.33      0.22      0.22     43114
weighted avg       0.55      0.58      0.49     43114
 samples avg       0.58      0.58      0.58     43114


[[   15     0     0     5     0     0     3    12     0  2762]
 [    0     0     0    90     0     0    24    44     0  1212]
 [    0     0     0     0     0     0     7     6     0   358]
 [    0     0     0  3575     0     0    16   192     0   950]
 [    0     0     0     5     0     0     1     4     0   590]
 [    8     0     0    10     0     0     2    43     0  1354]
 [    0     0     0    77     0     0  1435    22     0  2261]
 [    1     0     0   328     0     0    26   898     0  6201]
 [    0     0     0    21     0     0     1    41     0   602]
 [    3     0     0   170     0     0   341   182     0 19216]]

Results of Test Set

--------------------
Accuracy: 0.5837083082061512, F1 Score: 0.22094609558399636, Precision: 0.32883650415780796, Recall: 0.2233917506207573

              precision    recall  f1-score   support

           0       0.54      0.01      0.01      2795
           1       0.00      0.00      0.00      1321
           2       0.00      0.00      0.00       355
           3       0.84      0.77      0.80      4700
           4       0.00      0.00      0.00       585
           5       0.00      0.00      0.00      1504
           6       0.76      0.38      0.51      3669
           7       0.61      0.11      0.19      7506
           8       0.00      0.00      0.00       666
           9       0.54      0.96      0.69     20013

   micro avg       0.58      0.58      0.58     43114
   macro avg       0.33      0.22      0.22     43114
weighted avg       0.55      0.58      0.49     43114
 samples avg       0.58      0.58      0.58     43114


[[   21     0     0     2     0     0     2     6     0  2764]
 [    0     0     0    67     0     0    21    59     0  1174]
 [    0     0     0     2     0     0     7     6     0   340]
 [    0     0     0  3606     0     0    13   184     0   897]
 [    0     0     0     6     0     0     3     6     0   570]
 [    8     0     0    16     0     0     6    33     0  1441]
 [    1     0     0    64     0     0  1402    25     0  2177]
 [    2     0     0   351     0     0    33   851     0  6269]
 [    1     0     0    20     0     0     3    32     0   610]
 [    6     0     0   172     0     0   360   189     0 19286]]

