Title: Fully Connected - Words: 2000, Batch: 32, Epochs: 5, Outputs: 16

Results of Training Set

--------------------
Accuracy: 0.6169689659971239, F1 Score: 0.27274802596474296, Precision: 0.41478403312870843, Recall: 0.25724476091693804

              precision    recall  f1-score   support

           0       0.60      0.08      0.14      8263
           1       0.00      0.00      0.00      3968
           2       0.00      0.00      0.00      1050
           3       0.86      0.79      0.82     14541
           4       0.00      0.00      0.00      1763
           5       0.69      0.07      0.12      4392
           6       0.80      0.43      0.56     11089
           7       0.61      0.26      0.36     22288
           8       0.00      0.00      0.00      1971
           9       0.57      0.95      0.71     60017

   micro avg       0.62      0.62      0.62    129342
   macro avg       0.41      0.26      0.27    129342
weighted avg       0.60      0.62      0.55    129342
 samples avg       0.62      0.62      0.62    129342


[[  663     0     0     5     0    27     3   134     0  7431]
 [    2     0     0   213     0     1    59   361     0  3332]
 [   16     0     0     2     0     3    13    39     0   977]
 [   12     0     0 11467     0     2    35   853     0  2172]
 [    0     0     0    15     0     0     5    31     0  1712]
 [  101     0     0    44     0   301    10   377     0  3559]
 [    1     0     0   210     0     0  4790   125     0  5963]
 [   63     0     0   787     0    38    97  5688     0 15615]
 [    9     0     0    61     0     4     9   269     0  1619]
 [  231     0     0   456     0    59   938  1442     0 56891]]

Results of Validation Set

--------------------
Accuracy: 0.5981119821867606, F1 Score: 0.2574465258117723, Precision: 0.3863728543318854, Recall: 0.2453805532385606

              precision    recall  f1-score   support

           0       0.56      0.08      0.14      2797
           1       0.00      0.00      0.00      1370
           2       0.00      0.00      0.00       371
           3       0.84      0.76      0.80      4733
           4       0.00      0.00      0.00       600
           5       0.58      0.05      0.09      1417
           6       0.76      0.40      0.52      3795
           7       0.56      0.23      0.33      7454
           8       0.00      0.00      0.00       665
           9       0.56      0.94      0.70     19912

   micro avg       0.60      0.60      0.60     43114
   macro avg       0.39      0.25      0.26     43114
weighted avg       0.57      0.60      0.53     43114
 samples avg       0.60      0.60      0.60     43114


[[  222     0     0     2     0    13     2    41     0  2517]
 [    1     0     0    91     0     0    25   127     0  1126]
 [    4     0     0     1     0     1     4    13     0   348]
 [    2     0     0  3611     0     0    24   314     0   782]
 [    1     0     0     3     0     0     2    14     0   580]
 [   38     0     0     9     0    69     1   132     0  1168]
 [    1     0     0    90     0     0  1502    45     0  2157]
 [   25     0     0   294     0    17    39  1708     0  5371]
 [    3     0     0    21     0     2     2   103     0   534]
 [   97     0     0   196     0    16   387   541     0 18675]]

Results of Test Set

--------------------
Accuracy: 0.5993180869323189, F1 Score: 0.25726578784240484, Precision: 0.38159384042228217, Recall: 0.2456465889086072

              precision    recall  f1-score   support

           0       0.55      0.07      0.13      2795
           1       0.00      0.00      0.00      1321
           2       0.00      0.00      0.00       355
           3       0.84      0.77      0.80      4700
           4       0.00      0.00      0.00       585
           5       0.55      0.05      0.09      1504
           6       0.75      0.40      0.52      3669
           7       0.56      0.23      0.33      7506
           8       0.00      0.00      0.00       666
           9       0.56      0.94      0.70     20013

   micro avg       0.60      0.60      0.60     43114
   macro avg       0.38      0.25      0.26     43114
weighted avg       0.57      0.60      0.53     43114
 samples avg       0.60      0.60      0.60     43114


[[  204     0     0     3     0     7     1    48     0  2532]
 [    0     0     0    68     0     0    26   134     0  1093]
 [    4     0     0     4     0     1     5    14     0   327]
 [    3     0     0  3610     0     1    18   311     0   757]
 [    1     0     0     4     0     0     5    12     0   563]
 [   35     0     0    17     0    75     8   124     0  1245]
 [    0     0     0    71     0     0  1464    44     0  2090]
 [   29     0     0   308     0    23    36  1716     0  5394]
 [    3     0     0    20     0     2     3    99     0   539]
 [   89     0     0   185     0    28   397   544     0 18770]]

