Title: Fully Connected - Words: 2000, Batch: 64, Epochs: 5, Outputs: 16

Results of Training Set

--------------------
Accuracy: 0.6120826954894775, F1 Score: 0.26009703960424196, Precision: 0.4189397629351668, Recall: 0.24668531114801845

              precision    recall  f1-score   support

           0       0.66      0.07      0.12      8263
           1       0.00      0.00      0.00      3968
           2       0.00      0.00      0.00      1050
           3       0.88      0.77      0.82     14541
           4       0.00      0.00      0.00      1763
           5       0.67      0.03      0.05      4392
           6       0.83      0.39      0.53     11089
           7       0.58      0.26      0.36     22288
           8       0.00      0.00      0.00      1971
           9       0.57      0.95      0.71     60017

   micro avg       0.61      0.61      0.61    129342
   macro avg       0.42      0.25      0.26    129342
weighted avg       0.60      0.61      0.54    129342
 samples avg       0.61      0.61      0.61    129342


[[  563     0     0     4     0    15     1   104     0  7576]
 [    2     0     0   165     0     0    46   475     0  3280]
 [    8     0     0     3     0     0     9    25     0  1005]
 [    8     0     0 11165     0     2    38  1265     0  2063]
 [    1     0     0    10     0     0     4    33     0  1715]
 [   66     0     0    44     0   124     7   336     0  3815]
 [    1     0     0   198     0     0  4295   136     0  6459]
 [   31     0     0   616     0    18    64  5860     0 15699]
 [    1     0     0    53     0     0     8   322     0  1587]
 [  176     0     0   392     0    25   731  1532     0 57161]]

Results of Validation Set

--------------------
Accuracy: 0.5948183884585053, F1 Score: 0.24716452442730805, Precision: 0.3979102816867569, Recall: 0.23616558426803252

              precision    recall  f1-score   support

           0       0.63      0.06      0.12      2797
           1       0.00      0.00      0.00      1370
           2       0.00      0.00      0.00       371
           3       0.86      0.74      0.79      4733
           4       0.00      0.00      0.00       600
           5       0.62      0.02      0.04      1417
           6       0.77      0.35      0.48      3795
           7       0.54      0.24      0.33      7454
           8       0.00      0.00      0.00       665
           9       0.56      0.95      0.70     19912

   micro avg       0.59      0.59      0.59     43114
   macro avg       0.40      0.24      0.25     43114
weighted avg       0.57      0.59      0.52     43114
 samples avg       0.59      0.59      0.59     43114


[[  181     0     0     3     0     6     1    41     0  2565]
 [    1     0     0    69     0     0    20   176     0  1104]
 [    3     0     0     1     0     0     3    11     0   353]
 [    2     0     0  3495     0     0    28   445     0   763]
 [    0     0     0     3     0     0     0    15     0   582]
 [   26     0     0     8     0    33     2   127     0  1221]
 [    3     0     0    72     0     0  1330    44     0  2346]
 [   15     0     0   248     0     5    27  1786     0  5373]
 [    1     0     0    18     0     1     2   118     0   525]
 [   55     0     0   165     0     8   310   554     0 18820]]

Results of Test Set

--------------------
Accuracy: 0.5963260193904533, F1 Score: 0.247522647973007, Precision: 0.3811561755050143, Recall: 0.23713321778769741

              precision    recall  f1-score   support

           0       0.60      0.06      0.12      2795
           1       0.00      0.00      0.00      1321
           2       0.00      0.00      0.00       355
           3       0.86      0.75      0.80      4700
           4       0.00      0.00      0.00       585
           5       0.48      0.02      0.04      1504
           6       0.77      0.36      0.49      3669
           7       0.54      0.24      0.33      7506
           8       0.00      0.00      0.00       666
           9       0.56      0.94      0.70     20013

   micro avg       0.60      0.60      0.60     43114
   macro avg       0.38      0.24      0.25     43114
weighted avg       0.57      0.60      0.52     43114
 samples avg       0.60      0.60      0.60     43114


[[  179     0     0     2     0     8     2    58     0  2546]
 [    0     0     0    59     0     0    19   157     0  1086]
 [    5     0     0     2     0     1     5    10     0   332]
 [    1     0     0  3519     0     1    20   421     0   738]
 [    1     0     0     5     0     0     2    16     0   561]
 [   23     0     0    16     0    30     6   102     0  1327]
 [    0     0     0    65     0     0  1309    55     0  2240]
 [   22     0     0   262     0    12    27  1788     0  5395]
 [    1     0     0    20     0     3     2   108     0   532]
 [   66     0     0   154     0     7   316   585     0 18885]]

