Title: Fully Connected - Words: 1000, Batch: 64, Epochs: 2, Outputs: 32

Results of Training Set

--------------------
Accuracy: 0.6005319231185539, F1 Score: 0.24163683571615086, Precision: 0.42121651348404676, Recall: 0.23505511788516129

              precision    recall  f1-score   support

           0       0.75      0.02      0.05      8263
           1       0.00      0.00      0.00      3968
           2       0.00      0.00      0.00      1050
           3       0.85      0.77      0.81     14541
           4       0.00      0.00      0.00      1763
           5       0.68      0.01      0.03      4392
           6       0.80      0.36      0.49     11089
           7       0.57      0.24      0.34     22288
           8       0.00      0.00      0.00      1971
           9       0.56      0.95      0.70     60017

   micro avg       0.60      0.60      0.60    129342
   macro avg       0.42      0.24      0.24    129342
weighted avg       0.59      0.60      0.52    129342
 samples avg       0.60      0.60      0.60    129342


[[  194     0     0     8     0     3     2   166     0  7890]
 [    0     0     0   195     0     0    39   355     0  3379]
 [    1     0     0     7     0     1    16    39     0   986]
 [    2     0     0 11158     0     0    34   977     0  2370]
 [    0     0     0    17     0     0     4    39     0  1703]
 [   12     0     0    51     0    61     3   288     0  3977]
 [    1     0     0   226     0     0  3978   147     0  6737]
 [   10     0     0   831     0    12    84  5295     0 16056]
 [    1     0     0    58     0     1    10   279     0  1622]
 [   38     0     0   533     0    12   818  1628     0 56988]]

Results of Validation Set

--------------------
Accuracy: 0.5897156376119126, F1 Score: 0.23403017813191856, Precision: 0.4016685202590396, Recall: 0.229466709778449

              precision    recall  f1-score   support

           0       0.69      0.02      0.04      2797
           1       0.00      0.00      0.00      1370
           2       0.00      0.00      0.00       371
           3       0.83      0.75      0.79      4733
           4       0.00      0.00      0.00       600
           5       0.62      0.01      0.02      1417
           6       0.77      0.34      0.47      3795
           7       0.56      0.22      0.32      7454
           8       0.00      0.00      0.00       665
           9       0.55      0.95      0.70     19912

   micro avg       0.59      0.59      0.59     43114
   macro avg       0.40      0.23      0.23     43114
weighted avg       0.58      0.59      0.51     43114
 samples avg       0.59      0.59      0.59     43114


[[   51     0     0     5     0     1     1    49     0  2690]
 [    1     0     0    79     0     0    21   130     0  1139]
 [    0     0     0     1     0     0     5    12     0   353]
 [    1     0     0  3563     0     0    16   325     0   828]
 [    1     0     0     2     0     0     0    20     0   577]
 [    4     0     0    14     0    16     2   106     0  1275]
 [    0     0     0    80     0     0  1300    43     0  2372]
 [    0     0     0   302     0     6    27  1674     0  5445]
 [    1     0     0    21     0     1     3    93     0   546]
 [   15     0     0   210     0     2   318   546     0 18821]]

Results of Test Set

--------------------
Accuracy: 0.5902027183745419, F1 Score: 0.23312406089664509, Precision: 0.39671726661621953, Recall: 0.22881133205533338

              precision    recall  f1-score   support

           0       0.62      0.02      0.03      2795
           1       0.00      0.00      0.00      1321
           2       0.00      0.00      0.00       355
           3       0.84      0.76      0.80      4700
           4       0.00      0.00      0.00       585
           5       0.63      0.01      0.02      1504
           6       0.76      0.34      0.47      3669
           7       0.55      0.22      0.31      7506
           8       0.00      0.00      0.00       666
           9       0.55      0.95      0.70     20013

   micro avg       0.59      0.59      0.59     43114
   macro avg       0.40      0.23      0.23     43114
weighted avg       0.57      0.59      0.51     43114
 samples avg       0.59      0.59      0.59     43114


[[   43     0     0     4     0     1     2    51     0  2694]
 [    1     0     0    55     0     1    13   126     0  1125]
 [    0     0     0     4     0     0     4    12     0   335]
 [    0     0     0  3567     0     0    13   322     0   798]
 [    0     0     0     4     0     0     4    15     0   562]
 [    5     0     0    16     0    17     7    88     0  1371]
 [    0     0     0    67     0     0  1242    41     0  2319]
 [    8     0     0   314     0     6    30  1631     0  5517]
 [    0     0     0    17     0     0     3   101     0   545]
 [   12     0     0   180     0     2   306   567     0 18946]]

