Title: Fully Connected - Words: 1000, Batch: 64, Epochs: 1, Outputs: 10

Results of Training Set

--------------------
Accuracy: 0.5653461365990938, F1 Score: 0.19292398807594138, Precision: 0.3727694522597764, Recall: 0.1992584245058127

              precision    recall  f1-score   support

           0       1.00      0.00      0.00      8263
           1       0.00      0.00      0.00      3968
           2       0.00      0.00      0.00      1050
           3       0.87      0.73      0.79     14541
           4       0.00      0.00      0.00      1763
           5       0.00      0.00      0.00      4392
           6       0.79      0.24      0.37     11089
           7       0.55      0.05      0.09     22288
           8       0.00      0.00      0.00      1971
           9       0.53      0.98      0.68     60017

   micro avg       0.57      0.57      0.57    129342
   macro avg       0.37      0.20      0.19    129342
weighted avg       0.57      0.57      0.45    129342
 samples avg       0.57      0.57      0.57    129342


[[    1     0     0     5     0     0     4     6     0  8247]
 [    0     0     0   128     0     0    25    55     0  3760]
 [    0     0     0     6     0     0    11    12     0  1021]
 [    0     0     0 10551     0     0    75   522     0  3393]
 [    0     0     0    13     0     0     4    14     0  1732]
 [    0     0     0    46     0     0     3    30     0  4313]
 [    0     0     0   200     0     0  2639    23     0  8227]
 [    0     0     0   727     0     0    46  1074     0 20441]
 [    0     0     0    48     0     0     7    48     0  1868]
 [    0     0     0   440     0     0   544   175     0 58858]]

Results of Validation Set

--------------------
Accuracy: 0.5594006587187457, F1 Score: 0.19047827862955993, Precision: 0.2697398587037262, Recall: 0.1973083322982153

              precision    recall  f1-score   support

           0       0.00      0.00      0.00      2797
           1       0.00      0.00      0.00      1370
           2       0.00      0.00      0.00       371
           3       0.86      0.71      0.78      4733
           4       0.00      0.00      0.00       600
           5       0.00      0.00      0.00      1417
           6       0.78      0.23      0.36      3795
           7       0.54      0.05      0.09      7454
           8       0.00      0.00      0.00       665
           9       0.52      0.98      0.68     19912

   micro avg       0.56      0.56      0.56     43114
   macro avg       0.27      0.20      0.19     43114
weighted avg       0.50      0.56      0.45     43114
 samples avg       0.56      0.56      0.56     43114


[[    0     0     0     4     0     0     3     0     0  2790]
 [    0     0     0    60     0     0    10    23     0  1277]
 [    0     0     0     0     0     0     2     3     0   366]
 [    0     0     0  3381     0     0    29   175     0  1148]
 [    0     0     0     2     0     0     1     4     0   593]
 [    0     0     0    11     0     0     0    13     0  1393]
 [    0     0     0    70     0     0   876     8     0  2841]
 [    0     0     0   243     0     0    13   363     0  6835]
 [    0     0     0    15     0     0     1    22     0   627]
 [    0     0     0   163     0     0   195    56     0 19498]]

Results of Test Set

--------------------
Accuracy: 0.5610010669388134, F1 Score: 0.19073418499384434, Precision: 0.2699315437221647, Recall: 0.19775856270851672

              precision    recall  f1-score   support

           0       0.00      0.00      0.00      2795
           1       0.00      0.00      0.00      1321
           2       0.00      0.00      0.00       355
           3       0.86      0.72      0.78      4700
           4       0.00      0.00      0.00       585
           5       0.00      0.00      0.00      1504
           6       0.77      0.23      0.36      3669
           7       0.54      0.05      0.08      7506
           8       0.00      0.00      0.00       666
           9       0.52      0.98      0.68     20013

   micro avg       0.56      0.56      0.56     43114
   macro avg       0.27      0.20      0.19     43114
weighted avg       0.50      0.56      0.45     43114
 samples avg       0.56      0.56      0.56     43114


[[    0     0     0     1     0     0     1     2     0  2791]
 [    0     0     0    41     0     0    10    25     0  1245]
 [    0     0     0     3     0     0     4     3     0   345]
 [    0     0     0  3379     0     0    25   162     0  1134]
 [    0     0     0     4     0     0     3     3     0   575]
 [    0     0     0    12     0     0     5     6     0  1481]
 [    0     0     0    66     0     0   856     6     0  2741]
 [    0     0     0   262     0     0    13   341     0  6890]
 [    0     0     0    15     0     0     4    17     0   630]
 [    0     0     0   154     0     0   187    61     0 19611]]

