Title: Fully Connected - Words: 2000, Batch: 128, Epochs: 5, Outputs: 16

Results of Training Set

--------------------
Accuracy: 0.6102039554050501, F1 Score: 0.25190950132640266, Precision: 0.4223533888841938, Recall: 0.24388900528154395

              precision    recall  f1-score   support

           0       0.67      0.04      0.08      8263
           1       0.00      0.00      0.00      3968
           2       0.00      0.00      0.00      1050
           3       0.87      0.78      0.82     14541
           4       0.00      0.00      0.00      1763
           5       0.71      0.00      0.01      4392
           6       0.81      0.41      0.54     11089
           7       0.59      0.25      0.36     22288
           8       0.00      0.00      0.00      1971
           9       0.57      0.95      0.71     60017

   micro avg       0.61      0.61      0.61    129342
   macro avg       0.42      0.24      0.25    129342
weighted avg       0.60      0.61      0.54    129342
 samples avg       0.61      0.61      0.61    129342


[[  362     0     0     5     0     2     3    90     0  7801]
 [    1     0     0   182     0     0    45   400     0  3340]
 [    2     0     0     3     0     0    10    34     0  1001]
 [    5     0     0 11321     0     0    23  1095     0  2097]
 [    0     0     0    13     0     0     4    32     0  1714]
 [   50     0     0    41     0    15     6   293     0  3987]
 [    0     0     0   204     0     0  4531   136     0  6218]
 [   18     0     0   765     0     0   111  5668     0 15726]
 [    1     0     0    61     0     2     7   273     0  1627]
 [   99     0     0   454     0     2   839  1595     0 57028]]

Results of Validation Set

--------------------
Accuracy: 0.5972769865936819, F1 Score: 0.24365737575364052, Precision: 0.42873818824277315, Recall: 0.23679215983655189

              precision    recall  f1-score   support

           0       0.67      0.04      0.08      2797
           1       0.00      0.00      0.00      1370
           2       0.00      0.00      0.00       371
           3       0.84      0.75      0.79      4733
           4       0.00      0.00      0.00       600
           5       0.88      0.00      0.01      1417
           6       0.78      0.38      0.51      3795
           7       0.56      0.24      0.33      7454
           8       0.00      0.00      0.00       665
           9       0.56      0.95      0.70     19912

   micro avg       0.60      0.60      0.60     43114
   macro avg       0.43      0.24      0.24     43114
weighted avg       0.59      0.60      0.52     43114
 samples avg       0.60      0.60      0.60     43114


[[  123     0     0     3     0     0     2    40     0  2629]
 [    1     0     0    84     0     0    24   142     0  1119]
 [    2     0     0     0     0     0     6    13     0   350]
 [    1     0     0  3566     0     0    15   394     0   757]
 [    0     0     0     2     0     0     1    15     0   582]
 [   14     0     0    11     0     7     0   106     0  1279]
 [    1     0     0    80     0     0  1449    44     0  2221]
 [   10     0     0   281     0     0    39  1774     0  5350]
 [    0     0     0    20     0     0     1    99     0   545]
 [   31     0     0   197     0     1   326   525     0 18832]]

Results of Test Set

--------------------
Accuracy: 0.5973697638818017, F1 Score: 0.24341052634769844, Precision: 0.3870174228871076, Recall: 0.23716392139308445

              precision    recall  f1-score   support

           0       0.60      0.04      0.08      2795
           1       0.00      0.00      0.00      1321
           2       0.00      0.00      0.00       355
           3       0.84      0.76      0.80      4700
           4       0.00      0.00      0.00       585
           5       0.55      0.00      0.01      1504
           6       0.77      0.38      0.51      3669
           7       0.56      0.24      0.33      7506
           8       0.00      0.00      0.00       666
           9       0.56      0.94      0.70     20013

   micro avg       0.60      0.60      0.60     43114
   macro avg       0.39      0.24      0.24     43114
weighted avg       0.57      0.60      0.52     43114
 samples avg       0.60      0.60      0.60     43114


[[  117     0     0     3     0     1     1    50     0  2623]
 [    0     0     0    61     0     0    16   149     0  1095]
 [    2     0     0     4     0     0     5     7     0   337]
 [    2     0     0  3583     0     0    14   397     0   704]
 [    0     0     0     4     0     0     5    15     0   561]
 [   14     0     0    16     0     6     6    86     0  1376]
 [    0     0     0    70     0     0  1410    51     0  2138]
 [   11     0     0   301     0     0    31  1776     0  5387]
 [    1     0     0    18     0     2     2    98     0   545]
 [   49     0     0   193     0     2   348   558     0 18863]]

