Title: Fully Connected - Words: 2000, Batch: 32, Epochs: 5, Outputs: 32

Results of Training Set

--------------------
Accuracy: 0.6364058078582363, F1 Score: 0.31035224587501165, Precision: 0.5261779029740888, Recall: 0.2862241927737973

              precision    recall  f1-score   support

           0       0.68      0.18      0.29      8263
           1       1.00      0.00      0.00      3968
           2       0.00      0.00      0.00      1050
           3       0.86      0.81      0.83     14541
           4       0.00      0.00      0.00      1763
           5       0.72      0.14      0.24      4392
           6       0.81      0.47      0.59     11089
           7       0.59      0.34      0.43     22288
           8       0.00      0.00      0.00      1971
           9       0.60      0.93      0.73     60017

   micro avg       0.64      0.64      0.64    129342
   macro avg       0.53      0.29      0.31    129342
weighted avg       0.64      0.64      0.58    129342
 samples avg       0.64      0.64      0.64    129342


[[ 1494     0     0     4     0    63     9   228     0  6465]
 [    5     2     0   201     0     3    57   593     0  3107]
 [   27     0     0     4     0     2    18    48     0   951]
 [   10     0     0 11706     0     2    30   996     0  1797]
 [    3     0     0    17     0     0     4    50     0  1689]
 [  125     0     0    51     0   618     8   470     0  3120]
 [    0     0     0   216     0     1  5205   206     0  5461]
 [  105     0     0   827     0    73   133  7491     0 13659]
 [   13     0     0    60     0     5     7   404     0  1482]
 [  400     0     0   501     0    89   956  2273     0 55798]]

Results of Validation Set

--------------------
Accuracy: 0.6083406782019761, F1 Score: 0.283655585554563, Precision: 0.3865411859696947, Recall: 0.2654388132717786

              precision    recall  f1-score   support

           0       0.58      0.14      0.23      2797
           1       0.00      0.00      0.00      1370
           2       0.00      0.00      0.00       371
           3       0.83      0.77      0.80      4733
           4       0.00      0.00      0.00       600
           5       0.60      0.10      0.17      1417
           6       0.75      0.42      0.54      3795
           7       0.54      0.30      0.39      7454
           8       0.00      0.00      0.00       665
           9       0.58      0.91      0.71     19912

   micro avg       0.61      0.61      0.61     43114
   macro avg       0.39      0.27      0.28     43114
weighted avg       0.57      0.61      0.55     43114
 samples avg       0.61      0.61      0.61     43114


[[  405     0     0     2     0    19     5    85     0  2281]
 [    2     0     0    92     0     1    32   207     0  1036]
 [    7     0     0     2     0     0     7    20     0   335]
 [    4     0     0  3665     0     0    23   362     0   679]
 [    1     0     0     4     0     0     3    22     0   570]
 [   46     0     0    12     0   144     5   153     0  1057]
 [    4     0     0    87     0     1  1588    71     0  2044]
 [   46     0     0   329     0    27    46  2256     0  4750]
 [    5     0     0    20     0     5     2   144     0   489]
 [  176     0     0   221     0    45   415   885     0 18170]]

Results of Test Set

--------------------
Accuracy: 0.6104281671846732, F1 Score: 0.2838237456025461, Precision: 0.3847836383416941, Recall: 0.266030584414028

              precision    recall  f1-score   support

           0       0.59      0.15      0.24      2795
           1       0.00      0.00      0.00      1321
           2       0.00      0.00      0.00       355
           3       0.83      0.78      0.81      4700
           4       0.00      0.00      0.00       585
           5       0.56      0.09      0.16      1504
           6       0.74      0.42      0.54      3669
           7       0.54      0.30      0.39      7506
           8       0.00      0.00      0.00       666
           9       0.58      0.91      0.71     20013

   micro avg       0.61      0.61      0.61     43114
   macro avg       0.38      0.27      0.28     43114
weighted avg       0.58      0.61      0.55     43114
 samples avg       0.61      0.61      0.61     43114


[[  417     0     0     4     0    26     8    98     0  2242]
 [    4     0     0    67     0     1    22   201     0  1026]
 [    9     0     0     1     0     0     6    20     0   319]
 [    5     0     0  3677     0     1    17   349     0   651]
 [    2     0     0     4     0     0     5    20     0   554]
 [   57     0     0    19     0   141     7   134     0  1146]
 [    0     0     0    74     0     0  1541    84     0  1970]
 [   47     0     0   353     0    33    40  2265     0  4768]
 [    4     0     0    20     0     4     5   141     0   492]
 [  158     0     0   203     0    44   431   900     0 18277]]

