Title: Fully Connected - Words: 2000, Batch: 64, Epochs: 5, Outputs: 32

Results of Training Set

--------------------
Accuracy: 0.62913825362218, F1 Score: 0.29034772883899357, Precision: 0.5379979160467394, Recall: 0.270255630966919

              precision    recall  f1-score   support

           0       0.73      0.11      0.19      8263
           1       0.00      0.00      0.00      3968
           2       1.00      0.00      0.00      1050
           3       0.88      0.80      0.83     14541
           4       0.00      0.00      0.00      1763
           5       0.76      0.09      0.17      4392
           6       0.82      0.46      0.59     11089
           7       0.61      0.30      0.40     22288
           8       0.00      0.00      0.00      1971
           9       0.58      0.95      0.72     60017

   micro avg       0.63      0.63      0.63    129342
   macro avg       0.54      0.27      0.29    129342
weighted avg       0.63      0.63      0.57    129342
 samples avg       0.63      0.63      0.63    129342


[[  889     0     0     4     0    21     6   155     0  7188]
 [    4     0     0   191     0     1    62   454     0  3256]
 [    7     0     2     3     0     5    19    39     0   975]
 [    9     0     0 11587     0     2    23   992     0  1928]
 [    0     0     0    16     0     1     4    39     0  1703]
 [   20     0     0    49     0   411     8   400     0  3504]
 [    1     0     0   207     0     0  5075   163     0  5643]
 [   60     0     0   679     0    40   133  6681     0 14695]
 [    1     0     0    49     0     3     7   330     0  1581]
 [  232     0     0   444     0    54   852  1706     0 56729]]

Results of Validation Set

--------------------
Accuracy: 0.6061836062531892, F1 Score: 0.2685411735653388, Precision: 0.4026232995759805, Recall: 0.25342514801388505

              precision    recall  f1-score   support

           0       0.65      0.09      0.15      2797
           1       0.00      0.00      0.00      1370
           2       0.00      0.00      0.00       371
           3       0.84      0.76      0.80      4733
           4       0.00      0.00      0.00       600
           5       0.63      0.07      0.13      1417
           6       0.77      0.41      0.53      3795
           7       0.56      0.27      0.37      7454
           8       0.00      0.00      0.00       665
           9       0.57      0.93      0.71     19912

   micro avg       0.61      0.61      0.61     43114
   macro avg       0.40      0.25      0.27     43114
weighted avg       0.58      0.61      0.54     43114
 samples avg       0.61      0.61      0.61     43114


[[  238     0     0     3     0    11     4    62     0  2479]
 [    0     0     0    90     0     2    25   160     0  1093]
 [    3     0     0     1     0     1     6    17     0   343]
 [    3     0     0  3620     0     0    19   355     0   736]
 [    2     0     0     4     0     0     0    19     0   575]
 [    9     0     0     9     0   100     3   141     0  1155]
 [    2     0     0    89     0     1  1545    53     0  2105]
 [   22     0     0   277     0    17    42  2031     0  5065]
 [    4     0     0    22     0     4     0   124     0   511]
 [   82     0     0   193     0    22   365   649     0 18601]]

Results of Test Set

--------------------
Accuracy: 0.6061140232870993, F1 Score: 0.26800497053647454, Precision: 0.39588838316301506, Recall: 0.2535703911804575

              precision    recall  f1-score   support

           0       0.61      0.08      0.15      2795
           1       0.00      0.00      0.00      1321
           2       0.00      0.00      0.00       355
           3       0.85      0.77      0.81      4700
           4       0.00      0.00      0.00       585
           5       0.62      0.07      0.12      1504
           6       0.75      0.42      0.54      3669
           7       0.55      0.27      0.36      7506
           8       0.00      0.00      0.00       666
           9       0.57      0.93      0.71     20013

   micro avg       0.61      0.61      0.61     43114
   macro avg       0.40      0.25      0.27     43114
weighted avg       0.58      0.61      0.54     43114
 samples avg       0.61      0.61      0.61     43114


[[  237     0     0     6     0     8     5    74     0  2465]
 [    0     0     0    65     0     1    27   154     0  1074]
 [    3     0     0     3     0     1     8    16     0   324]
 [    6     0     0  3622     0     0    16   370     0   686]
 [    1     0     0     4     0     0     4    16     0   560]
 [   14     0     0    15     0   100     7   122     0  1246]
 [    0     0     0    70     0     0  1526    58     0  2015]
 [   29     0     0   291     0    21    40  1996     0  5129]
 [    2     0     0    19     0     3     3   119     0   520]
 [   96     0     0   175     0    27   390   674     0 18651]]

