Title: Fully Connected - Words: 2000, Batch: 128, Epochs: 5, Outputs: 32

Results of Training Set

--------------------
Accuracy: 0.6235097648095747, F1 Score: 0.27625106375088826, Precision: 0.5260906859610651, Recall: 0.26192669558855075

              precision    recall  f1-score   support

           0       0.70      0.13      0.21      8263
           1       1.00      0.00      0.00      3968
           2       0.00      0.00      0.00      1050
           3       0.87      0.80      0.83     14541
           4       0.00      0.00      0.00      1763
           5       0.71      0.02      0.04      4392
           6       0.79      0.45      0.57     11089
           7       0.62      0.28      0.39     22288
           8       0.00      0.00      0.00      1971
           9       0.58      0.94      0.72     60017

   micro avg       0.62      0.62      0.62    129342
   macro avg       0.53      0.26      0.28    129342
weighted avg       0.64      0.62      0.56    129342
 samples avg       0.62      0.62      0.62    129342


[[ 1036     0     0     4     0     5     4   113     0  7101]
 [    5     1     0   231     0     0    56   422     0  3253]
 [   19     0     0     4     0     0    16    48     0   963]
 [   12     0     0 11653     0     1    48   920     0  1907]
 [    2     0     0    15     0     0     5    33     0  1708]
 [   45     0     0    50     0    94     9   382     0  3812]
 [    0     0     0   211     0     0  4948   149     0  5781]
 [   63     0     0   748     0    13   107  6253     0 15104]
 [    3     0     0    57     0     2    11   277     0  1621]
 [  301     0     0   450     0    18  1021  1566     0 56661]]

Results of Validation Set

--------------------
Accuracy: 0.6021941828640349, F1 Score: 0.25875114695297347, Precision: 0.39716590829788234, Recall: 0.2481046554288143

              precision    recall  f1-score   support

           0       0.62      0.10      0.18      2797
           1       0.00      0.00      0.00      1370
           2       0.00      0.00      0.00       371
           3       0.84      0.77      0.80      4733
           4       0.00      0.00      0.00       600
           5       0.63      0.01      0.03      1417
           6       0.75      0.41      0.53      3795
           7       0.57      0.25      0.35      7454
           8       0.00      0.00      0.00       665
           9       0.57      0.93      0.70     19912

   micro avg       0.60      0.60      0.60     43114
   macro avg       0.40      0.25      0.26     43114
weighted avg       0.58      0.60      0.53     43114
 samples avg       0.60      0.60      0.60     43114


[[  288     0     0     3     0     1     4    49     0  2452]
 [    1     0     0    99     0     0    24   149     0  1097]
 [    3     0     0     2     0     0     7    18     0   341]
 [    2     0     0  3642     0     0    26   322     0   741]
 [    2     0     0     3     0     0     0    20     0   575]
 [   17     0     0    10     0    19     1   142     0  1228]
 [    4     0     0    82     0     0  1553    46     0  2110]
 [   26     0     0   293     0     5    38  1887     0  5205]
 [    5     0     0    23     0     0     2    97     0   538]
 [  115     0     0   195     0     5   422   601     0 18574]]

Results of Test Set

--------------------
Accuracy: 0.6033770932875632, F1 Score: 0.2579300758460011, Precision: 0.3938471610707055, Recall: 0.24803751925816675

              precision    recall  f1-score   support

           0       0.63      0.10      0.17      2795
           1       0.00      0.00      0.00      1321
           2       0.00      0.00      0.00       355
           3       0.84      0.78      0.81      4700
           4       0.00      0.00      0.00       585
           5       0.59      0.01      0.02      1504
           6       0.74      0.41      0.53      3669
           7       0.57      0.25      0.35      7506
           8       0.00      0.00      0.00       666
           9       0.57      0.93      0.71     20013

   micro avg       0.60      0.60      0.60     43114
   macro avg       0.39      0.25      0.26     43114
weighted avg       0.58      0.60      0.53     43114
 samples avg       0.60      0.60      0.60     43114


[[  278     0     0     4     0     2     4    59     0  2448]
 [    1     0     0    74     0     0    24   150     0  1072]
 [    4     0     0     4     0     0     6    12     0   329]
 [    4     0     0  3651     0     0    20   331     0   694]
 [    0     0     0     3     0     0     5    16     0   561]
 [   17     0     0    17     0    13     8   112     0  1337]
 [    1     0     0    70     0     0  1509    53     0  2036]
 [   25     0     0   295     0     1    39  1882     0  5264]
 [    1     0     0    19     0     1     4   101     0   540]
 [  109     0     0   185     0     5   426   607     0 18681]]

