Title: Fully Connected - Words: 2000, Batch: 32, Epochs: 5, Outputs: 64

Results of Training Set

--------------------
Accuracy: 0.6537319664146217, F1 Score: 0.3470339572126542, Precision: 0.7247793248446922, Recall: 0.31213379401810243

              precision    recall  f1-score   support

           0       0.73      0.25      0.37      8263
           1       0.87      0.01      0.03      3968
           2       1.00      0.02      0.04      1050
           3       0.89      0.80      0.84     14541
           4       0.00      0.00      0.00      1763
           5       0.74      0.22      0.34      4392
           6       0.82      0.51      0.63     11089
           7       0.62      0.36      0.45     22288
           8       0.97      0.02      0.03      1971
           9       0.61      0.94      0.74     60017

   micro avg       0.65      0.65      0.65    129342
   macro avg       0.72      0.31      0.35    129342
weighted avg       0.68      0.65      0.61    129342
 samples avg       0.65      0.65      0.65    129342


[[ 2025     0     0     3     0    61     7   228     0  5939]
 [   14    53     0   184     0     8    70   575     0  3064]
 [   18     0    22     3     0     3    12    65     0   927]
 [   16     4     0 11652     0     3    37  1031     0  1798]
 [    0     0     0    13     0     3     4    55     0  1688]
 [  126     0     0    45     0   969    20   434     0  2798]
 [    4     1     0   191     0     3  5647   200     0  5043]
 [  134     2     0   597     0   101   127  7998     1 13328]
 [   19     1     0    54     0    12    16   338    32  1499]
 [  428     0     0   354     0   144   912  2022     0 56157]]

Results of Validation Set

--------------------
Accuracy: 0.6131650971842093, F1 Score: 0.30190857267145665, Precision: 0.6131158912460306, Recall: 0.27681783510325775

              precision    recall  f1-score   support

           0       0.58      0.18      0.27      2797
           1       0.46      0.00      0.01      1370
           2       0.75      0.01      0.02       371
           3       0.85      0.75      0.80      4733
           4       0.00      0.00      0.00       600
           5       0.62      0.17      0.26      1417
           6       0.74      0.43      0.54      3795
           7       0.54      0.31      0.40      7454
           8       1.00      0.00      0.01       665
           9       0.58      0.91      0.71     19912

   micro avg       0.61      0.61      0.61     43114
   macro avg       0.61      0.28      0.30     43114
weighted avg       0.62      0.61      0.56     43114
 samples avg       0.61      0.61      0.61     43114


[[  502     0     0     4     0    27     5    87     0  2172]
 [    4     6     0    77     0     1    32   204     0  1046]
 [   10     0     3     0     0     2     7    23     0   326]
 [    6     2     0  3562     0     1    35   397     0   730]
 [    1     0     0     3     0     0     1    31     0   564]
 [   54     0     0    12     0   236     3   154     0   958]
 [    5     2     0    83     0     2  1629    61     0  2013]
 [   72     1     1   245     0    35    52  2312     0  4736]
 [    5     0     0    19     0    10     1   136     3   491]
 [  203     2     0   172     0    66   448   838     0 18183]]

Results of Test Set

--------------------
Accuracy: 0.6145567565060074, F1 Score: 0.30062538987894877, Precision: 0.6398277657387488, Recall: 0.276759327926609

              precision    recall  f1-score   support

           0       0.56      0.18      0.27      2795
           1       0.56      0.01      0.01      1321
           2       1.00      0.01      0.01       355
           3       0.86      0.77      0.81      4700
           4       0.00      0.00      0.00       585
           5       0.56      0.14      0.23      1504
           6       0.72      0.44      0.54      3669
           7       0.54      0.31      0.39      7506
           8       1.00      0.01      0.02       666
           9       0.59      0.91      0.71     20013

   micro avg       0.61      0.61      0.61     43114
   macro avg       0.64      0.28      0.30     43114
weighted avg       0.62      0.61      0.56     43114
 samples avg       0.61      0.61      0.61     43114


[[  507     0     0     6     0    27     6   117     0  2132]
 [    5     9     0    66     0     3    39   179     0  1020]
 [   10     0     2     2     0     1    12    27     0   301]
 [    9     4     0  3599     0     0    31   389     0   668]
 [    1     0     0     3     0     0     6    23     0   552]
 [   55     1     0    16     0   215     9   142     0  1066]
 [    2     0     0    64     0     0  1602    85     0  1916]
 [   74     1     0   265     0    60    43  2292     0  4771]
 [    8     0     0    17     0     9     5   130     7   490]
 [  232     1     0   157     0    67   458   835     0 18263]]

