Title: Fully Connected - Words: 2000, Batch: 64, Epochs: 5, Outputs: 64

Results of Training Set

--------------------
Accuracy: 0.6564843592955111, F1 Score: 0.34994362883935487, Precision: 0.7195776238318728, Recall: 0.31742243008717386

              precision    recall  f1-score   support

           0       0.68      0.27      0.38      8263
           1       0.89      0.00      0.00      3968
           2       0.96      0.04      0.08      1050
           3       0.87      0.82      0.85     14541
           4       0.00      0.00      0.00      1763
           5       0.75      0.22      0.34      4392
           6       0.81      0.52      0.64     11089
           7       0.62      0.37      0.46     22288
           8       1.00      0.00      0.01      1971
           9       0.61      0.93      0.74     60017

   micro avg       0.66      0.66      0.66    129342
   macro avg       0.72      0.32      0.35    129342
weighted avg       0.68      0.66      0.61    129342
 samples avg       0.66      0.66      0.66    129342


[[ 2208     0     0     7     0    72    13   301     0  5662]
 [    9     8     0   208     0     7    81   602     0  3053]
 [   33     0    44     6     0     4    20    87     0   856]
 [   26     0     0 11907     0     3    40   827     0  1738]
 [    0     0     0    16     0     1     6    45     0  1695]
 [  179     0     0    53     0   960    15   541     0  2644]
 [    6     0     1   198     0     2  5808   199     0  4875]
 [  222     1     1   708     0    91   127  8208     0 12930]
 [   20     0     0    69     0    17    16   335     9  1505]
 [  558     0     0   450     0   117  1033  2100     0 55759]]

Results of Validation Set

--------------------
Accuracy: 0.6149278656584868, F1 Score: 0.30793531410925346, Precision: 0.5886656000301387, Recall: 0.2838109702641206

              precision    recall  f1-score   support

           0       0.56      0.21      0.30      2797
           1       0.00      0.00      0.00      1370
           2       1.00      0.02      0.04       371
           3       0.83      0.78      0.80      4733
           4       0.00      0.00      0.00       600
           5       0.64      0.17      0.26      1417
           6       0.72      0.44      0.55      3795
           7       0.54      0.32      0.40      7454
           8       1.00      0.00      0.01       665
           9       0.59      0.90      0.71     19912

   micro avg       0.61      0.61      0.61     43114
   macro avg       0.59      0.28      0.31     43114
weighted avg       0.60      0.61      0.56     43114
 samples avg       0.61      0.61      0.61     43114


[[  585     0     0     6     0    21     9   110     0  2066]
 [    1     0     0    93     0     3    38   191     0  1044]
 [   13     0     8     2     0     0     9    33     0   306]
 [    7     1     0  3675     0     1    29   341     0   679]
 [    3     0     0     2     0     0     2    36     0   557]
 [   61     0     0    10     0   234     4   201     0   907]
 [    9     0     0    89     0     0  1688    70     0  1939]
 [   79     0     0   310     0    35    55  2353     0  4622]
 [    5     0     0    22     0    11     2   124     2   499]
 [  283     0     0   219     0    58   494   891     0 17967]]

Results of Test Set

--------------------
Accuracy: 0.6139537041332281, F1 Score: 0.301439740199071, Precision: 0.5789194252270382, Recall: 0.27965977074993126

              precision    recall  f1-score   support

           0       0.55      0.20      0.30      2795
           1       0.00      0.00      0.00      1321
           2       1.00      0.02      0.03       355
           3       0.83      0.78      0.81      4700
           4       0.00      0.00      0.00       585
           5       0.57      0.14      0.22      1504
           6       0.72      0.44      0.55      3669
           7       0.53      0.30      0.39      7506
           8       1.00      0.00      0.01       666
           9       0.59      0.90      0.71     20013

   micro avg       0.61      0.61      0.61     43114
   macro avg       0.58      0.28      0.30     43114
weighted avg       0.60      0.61      0.56     43114
 samples avg       0.61      0.61      0.61     43114


[[  566     0     0     4     0    36     5   122     0  2062]
 [    4     0     0    78     0     2    39   196     0  1002]
 [   10     0     6     2     0     2     9    37     0   289]
 [    9     0     0  3682     0     2    19   341     0   647]
 [    2     0     0     4     0     2     8    24     0   545]
 [   62     0     0    19     0   209     5   186     0  1023]
 [    3     0     0    72     0     1  1631    88     0  1874]
 [   93     0     0   334     0    50    47  2273     0  4709]
 [    5     0     0    22     0     7     6   139     2   485]
 [  272     0     0   201     0    58   501   880     0 18101]]

