Title: Fully Connected - Words: 2000, Batch: 128, Epochs: 5, Outputs: 64

Results of Training Set

--------------------
Accuracy: 0.6513352198048584, F1 Score: 0.34373688274076664, Precision: 0.717731774015941, Recall: 0.31081487431558974

              precision    recall  f1-score   support

           0       0.70      0.25      0.37      8263
           1       0.89      0.01      0.03      3968
           2       0.95      0.04      0.07      1050
           3       0.87      0.82      0.84     14541
           4       0.00      0.00      0.00      1763
           5       0.71      0.21      0.32      4392
           6       0.81      0.50      0.62     11089
           7       0.64      0.34      0.44     22288
           8       1.00      0.00      0.00      1971
           9       0.61      0.94      0.74     60017

   micro avg       0.65      0.65      0.65    129342
   macro avg       0.72      0.31      0.34    129342
weighted avg       0.68      0.65      0.60    129342
 samples avg       0.65      0.65      0.65    129342


[[ 2102     0     0     7     0    72    12   213     0  5857]
 [   12    59     0   220     0     7    97   462     0  3111]
 [   23     0    38     4     0     6    25    62     0   892]
 [   19     0     0 11917     0     4    36   773     0  1792]
 [    2     0     0    16     0     2     7    51     0  1685]
 [  103     0     0    59     0   922    15   402     0  2891]
 [    1     2     1   205     0     4  5543   161     0  5172]
 [  163     5     1   797     0   118   135  7468     0 13601]
 [   13     0     0    72     0    11    17   306     4  1548]
 [  584     0     0   453     0   155   935  1698     0 56192]]

Results of Validation Set

--------------------
Accuracy: 0.6133274574384191, F1 Score: 0.3026217501997074, Precision: 0.5407131211511282, Recall: 0.2786940746868501

              precision    recall  f1-score   support

           0       0.58      0.20      0.30      2797
           1       0.50      0.01      0.01      1370
           2       1.00      0.02      0.03       371
           3       0.83      0.78      0.80      4733
           4       0.00      0.00      0.00       600
           5       0.62      0.16      0.25      1417
           6       0.74      0.43      0.55      3795
           7       0.56      0.28      0.38      7454
           8       0.00      0.00      0.00       665
           9       0.58      0.91      0.71     19912

   micro avg       0.61      0.61      0.61     43114
   macro avg       0.54      0.28      0.30     43114
weighted avg       0.60      0.61      0.56     43114
 samples avg       0.61      0.61      0.61     43114


[[  557     0     0     3     0    28     9    87     0  2113]
 [    2     7     0    97     0     4    29   171     0  1060]
 [   13     0     6     3     0     3     6    26     0   314]
 [    9     1     0  3681     0     1    24   297     0   720]
 [    5     0     0     3     0     0     4    25     0   563]
 [   38     0     0    12     0   224     2   147     0   994]
 [    4     0     0    81     0     1  1645    54     0  2010]
 [   71     5     0   319     0    45    52  2104     0  4858]
 [    5     0     0    25     0    10     3   114     0   508]
 [  257     1     0   205     0    48   448   734     0 18219]]

Results of Test Set

--------------------
Accuracy: 0.6133274574384191, F1 Score: 0.3015087530705567, Precision: 0.6509130783598375, Recall: 0.2784486378299579

              precision    recall  f1-score   support

           0       0.56      0.20      0.29      2795
           1       0.67      0.00      0.01      1321
           2       1.00      0.02      0.04       355
           3       0.83      0.79      0.81      4700
           4       0.00      0.00      0.00       585
           5       0.57      0.15      0.23      1504
           6       0.73      0.44      0.55      3669
           7       0.56      0.28      0.37      7506
           8       1.00      0.00      0.00       666
           9       0.58      0.91      0.71     20013

   micro avg       0.61      0.61      0.61     43114
   macro avg       0.65      0.28      0.30     43114
weighted avg       0.62      0.61      0.56     43114
 samples avg       0.61      0.61      0.61     43114


[[  548     0     0     8     0    32     6    82     0  2119]
 [    6     6     0    73     0     1    28   172     0  1035]
 [   14     0     7     3     0     4     8    19     0   300]
 [    9     0     0  3690     0     1    19   313     0   668]
 [    1     0     0     5     0     0     5    19     0   555]
 [   44     0     0    21     0   222     8   125     0  1084]
 [    1     0     0    70     0     0  1613    73     0  1912]
 [   67     3     0   344     0    49    49  2080     0  4914]
 [    3     0     0    21     0     7     3   115     1   516]
 [  277     0     0   200     0    71   472   717     0 18276]]

