Title: Fully Connected - Words: 2000, Batch: 32, Epochs: 5, Outputs: 128

Results of Training Set

--------------------
Accuracy: 0.6810239520032163, F1 Score: 0.40178155375769775, Precision: 0.8406629609560952, Recall: 0.35442245509450204

              precision    recall  f1-score   support

           0       0.77      0.34      0.47      8263
           1       0.90      0.05      0.09      3968
           2       0.98      0.06      0.11      1050
           3       0.90      0.83      0.86     14541
           4       1.00      0.01      0.01      1763
           5       0.77      0.31      0.44      4392
           6       0.86      0.56      0.68     11089
           7       0.64      0.41      0.50     22288
           8       0.95      0.05      0.09      1971
           9       0.63      0.94      0.76     60017

   micro avg       0.68      0.68      0.68    129342
   macro avg       0.84      0.35      0.40    129342
weighted avg       0.72      0.68      0.64    129342
 samples avg       0.68      0.68      0.68    129342


[[ 2833     0     0     4     0    84     7   323     0  5012]
 [   13   188     0   178     0    14    74   521     0  2980]
 [   21     2    64     3     0     5    12    72     0   871]
 [   25     5     0 12001     0     3    38   905     0  1564]
 [    4     1     0    15    12     3     7    60     0  1661]
 [  131     2     0    49     0  1353    22   491     1  2343]
 [    3     3     1   173     0     3  6197   218     0  4491]
 [  165     7     0   490     0   106   133  9167     2 12218]
 [   10     0     0    50     0    20    14   354    92  1431]
 [  476     1     0   304     0   173   723  2160     2 56178]]

Results of Validation Set

--------------------
Accuracy: 0.6185693742171916, F1 Score: 0.3284369040085987, Precision: 0.625667282219788, Recall: 0.2960365667750783

              precision    recall  f1-score   support

           0       0.60      0.24      0.34      2797
           1       0.60      0.02      0.04      1370
           2       1.00      0.05      0.09       371
           3       0.85      0.76      0.80      4733
           4       0.00      0.00      0.00       600
           5       0.59      0.21      0.31      1417
           6       0.73      0.43      0.55      3795
           7       0.54      0.34      0.41      7454
           8       0.75      0.02      0.04       665
           9       0.59      0.90      0.71     19912

   micro avg       0.62      0.62      0.62     43114
   macro avg       0.63      0.30      0.33     43114
weighted avg       0.62      0.62      0.57     43114
 samples avg       0.62      0.62      0.62     43114


[[  665     0     0     3     0    31     3   133     0  1962]
 [    2    26     0    84     0     3    37   199     0  1019]
 [   11     1    17     3     0     2    10    30     0   297]
 [    8     4     0  3609     0     3    32   369     0   708]
 [    1     0     0     3     0     0     2    31     0   563]
 [   54     0     0    10     0   296     7   192     0   858]
 [    7     1     0    74     0     1  1647    74     0  1991]
 [   79     7     0   254     0    48    55  2502     1  4508]
 [    7     0     0    20     0    12     4   136    12   474]
 [  281     4     0   184     0   103   446   996     3 17895]]

Results of Test Set

--------------------
Accuracy: 0.6168761887090041, F1 Score: 0.3199255435758965, Precision: 0.5892249755574965, Recall: 0.2908107944947816

              precision    recall  f1-score   support

           0       0.56      0.23      0.32      2795
           1       0.48      0.01      0.02      1321
           2       0.85      0.03      0.06       355
           3       0.85      0.77      0.81      4700
           4       0.00      0.00      0.00       585
           5       0.55      0.18      0.28      1504
           6       0.72      0.44      0.54      3669
           7       0.53      0.33      0.41      7506
           8       0.75      0.02      0.04       666
           9       0.59      0.90      0.71     20013

   micro avg       0.62      0.62      0.62     43114
   macro avg       0.59      0.29      0.32     43114
weighted avg       0.61      0.62      0.57     43114
 samples avg       0.62      0.62      0.62     43114


[[  638     0     0     7     0    43     5   131     0  1971]
 [    5    14     0    65     0     1    35   196     0  1005]
 [   16     0    11     2     0     4     7    28     0   287]
 [   14     4     0  3604     0     1    30   396     0   651]
 [    4     0     0     4     0     1     4    23     0   549]
 [   58     1     0    18     0   277    10   186     1   953]
 [    3     3     0    68     0     1  1597    85     0  1912]
 [   92     4     1   265     0    63    46  2500     2  4533]
 [    6     0     0    19     0    10     2   124    15   490]
 [  311     3     1   170     0    99   471  1016     2 17940]]

