Title: Fully Connected - Words: 2000, Batch: 64, Epochs: 5, Outputs: 128

Results of Training Set

--------------------
Accuracy: 0.6724807100555118, F1 Score: 0.3870444478892649, Precision: 0.8366955659527433, Recall: 0.34010728440192006

              precision    recall  f1-score   support

           0       0.80      0.26      0.39      8263
           1       0.86      0.05      0.10      3968
           2       0.94      0.08      0.14      1050
           3       0.88      0.85      0.87     14541
           4       1.00      0.00      0.01      1763
           5       0.74      0.28      0.41      4392
           6       0.86      0.54      0.66     11089
           7       0.70      0.34      0.46     22288
           8       0.97      0.04      0.08      1971
           9       0.62      0.95      0.75     60017

   micro avg       0.67      0.67      0.67    129342
   macro avg       0.84      0.34      0.39    129342
weighted avg       0.72      0.67      0.63    129342
 samples avg       0.67      0.67      0.67    129342


[[ 2162     0     0     6     0    96    13   237     0  5749]
 [    9   207     0   195     0    11    68   397     0  3081]
 [   23     0    81     5     0     7    28    59     0   847]
 [   14     3     0 12342     0     5    26   593     1  1557]
 [    1     2     0    23     8     2     8    32     0  1687]
 [   90     3     0    57     0  1225    13   383     0  2621]
 [    0     5     1   203     0     2  5970   157     0  4751]
 [  111    14     3   677     0   140   129  7589     2 13623]
 [    9     0     0    70     0    13    11   227    87  1554]
 [  292     8     1   407     0   144   651  1205     0 57309]]

Results of Validation Set

--------------------
Accuracy: 0.613373846082479, F1 Score: 0.3113865801142531, Precision: 0.5766742102253375, Recall: 0.28361172295767423

              precision    recall  f1-score   support

           0       0.60      0.17      0.27      2797
           1       0.57      0.02      0.05      1370
           2       0.79      0.04      0.08       371
           3       0.83      0.79      0.81      4733
           4       0.00      0.00      0.00       600
           5       0.56      0.19      0.28      1417
           6       0.73      0.43      0.54      3795
           7       0.57      0.26      0.36      7454
           8       0.54      0.01      0.02       665
           9       0.58      0.92      0.71     19912

   micro avg       0.61      0.61      0.61     43114
   macro avg       0.58      0.28      0.31     43114
weighted avg       0.61      0.61      0.56     43114
 samples avg       0.61      0.61      0.61     43114


[[  484     0     0     8     0    43     8    99     0  2155]
 [    2    33     1    88     0     3    35   149     0  1059]
 [   13     0    15     4     0     1    11    19     0   308]
 [    4     5     0  3731     0     0    29   244     1   719]
 [    5     0     0     4     0     0     4    21     0   566]
 [   41     0     0    14     0   267     6   142     0   947]
 [   10     1     1    82     0     2  1628    54     0  2017]
 [   55    13     2   333     0    61    61  1952     2  4975]
 [    5     0     0    24     0    12     0   106     7   511]
 [  187     6     0   215     0    89   439   645     3 18328]]

Results of Test Set

--------------------
Accuracy: 0.6145567565060074, F1 Score: 0.30833127425077134, Precision: 0.5879950152352069, Recall: 0.2814630497074013

              precision    recall  f1-score   support

           0       0.59      0.17      0.26      2795
           1       0.46      0.02      0.03      1321
           2       0.86      0.03      0.07       355
           3       0.83      0.79      0.81      4700
           4       0.00      0.00      0.00       585
           5       0.54      0.17      0.25      1504
           6       0.73      0.43      0.54      3669
           7       0.57      0.26      0.36      7506
           8       0.71      0.02      0.04       666
           9       0.58      0.92      0.71     20013

   micro avg       0.61      0.61      0.61     43114
   macro avg       0.59      0.28      0.31     43114
weighted avg       0.61      0.61      0.56     43114
 samples avg       0.61      0.61      0.61     43114


[[  475     1     0     3     0    49     9   107     0  2151]
 [    6    21     0    81     0     3    31   135     0  1044]
 [    9     0    12     4     0     5    10    24     0   291]
 [    7     5     0  3734     0     1    26   265     0   662]
 [    1     0     0     4     0     0     6    18     0   556]
 [   47     2     0    21     0   249     7   119     1  1058]
 [    1     0     0    73     0     0  1573    62     0  1960]
 [   62    13     1   335     0    57    49  1964     1  5024]
 [    5     1     0    22     0    11     4   100    15   508]
 [  190     3     1   203     0    83   447   629     4 18453]]

