Title: Fully Connected - Words: 2000, Batch: 128, Epochs: 5, Outputs: 128

Results of Training Set

--------------------
Accuracy: 0.6765706421734626, F1 Score: 0.38840803938767643, Precision: 0.7128739296499678, Recall: 0.3470240290393421

              precision    recall  f1-score   support

           0       0.74      0.35      0.48      8263
           1       0.82      0.03      0.06      3968
           2       0.89      0.07      0.14      1050
           3       0.89      0.83      0.86     14541
           4       0.00      0.00      0.00      1763
           5       0.73      0.26      0.39      4392
           6       0.83      0.56      0.67     11089
           7       0.64      0.40      0.49     22288
           8       0.96      0.02      0.04      1971
           9       0.63      0.93      0.75     60017

   micro avg       0.68      0.68      0.68    129342
   macro avg       0.71      0.35      0.39    129342
weighted avg       0.69      0.68      0.64    129342
 samples avg       0.68      0.68      0.68    129342


[[ 2918     0     0     4     0    79    11   323     0  4928]
 [   12   128     0   193     0     7    82   584     0  2962]
 [   37     0    78     5     0     2    18    91     0   819]
 [   30     6     0 12093     0     3    42   832     0  1535]
 [    4     2     0    14     0     2     9    77     0  1655]
 [  146     1     0    51     0  1151    12   478     0  2553]
 [    4     5     1   177     0     1  6220   205     0  4476]
 [  224    13     6   584     0   127   157  8974     1 12202]
 [   21     0     0    61     0    15    11   339    43  1481]
 [  571     1     3   374     0   188   889  2086     1 55904]]

Results of Validation Set

--------------------
Accuracy: 0.6188709004035812, F1 Score: 0.32165664080003575, Precision: 0.6091571317638266, Recall: 0.2937695732751891

              precision    recall  f1-score   support

           0       0.57      0.24      0.34      2797
           1       0.69      0.01      0.03      1370
           2       0.74      0.04      0.07       371
           3       0.84      0.78      0.81      4733
           4       0.00      0.00      0.00       600
           5       0.60      0.19      0.29      1417
           6       0.72      0.45      0.56      3795
           7       0.54      0.32      0.41      7454
           8       0.80      0.01      0.01       665
           9       0.59      0.90      0.71     19912

   micro avg       0.62      0.62      0.62     43114
   macro avg       0.61      0.29      0.32     43114
weighted avg       0.62      0.62      0.57     43114
 samples avg       0.62      0.62      0.62     43114


[[  670     0     1     5     0    33     8   126     0  1954]
 [    1    18     1    93     0     2    42   204     0  1009]
 [    9     0    14     4     0     0    11    27     0   306]
 [   10     0     0  3677     0     2    28   334     0   682]
 [    2     0     0     3     0     0     5    31     0   559]
 [   64     1     0    11     0   266     8   166     0   901]
 [    8     1     1    76     0     1  1720    79     0  1909]
 [  103     2     1   291     0    47    66  2422     1  4521]
 [    6     0     0    25     0    10     3   124     4   493]
 [  311     4     1   197     0    84   486   938     0 17891]]

Results of Test Set

--------------------
Accuracy: 0.6194739527763603, F1 Score: 0.32254327148180445, Precision: 0.6339928612118324, Recall: 0.29430216466974546

              precision    recall  f1-score   support

           0       0.56      0.25      0.34      2795
           1       0.60      0.01      0.03      1321
           2       0.94      0.04      0.08       355
           3       0.85      0.78      0.81      4700
           4       0.00      0.00      0.00       585
           5       0.55      0.17      0.26      1504
           6       0.71      0.46      0.56      3669
           7       0.54      0.32      0.40      7506
           8       1.00      0.02      0.03       666
           9       0.60      0.90      0.72     20013

   micro avg       0.62      0.62      0.62     43114
   macro avg       0.63      0.29      0.32     43114
weighted avg       0.62      0.62      0.57     43114
 samples avg       0.62      0.62      0.62     43114


[[  686     0     0     5     0    43    10   148     0  1903]
 [    4    18     0    71     0     2    36   190     0  1000]
 [   14     0    15     3     0     2     9    35     0   277]
 [   11     3     0  3672     0     0    25   353     0   636]
 [    1     0     0     5     0     1     6    25     0   547]
 [   78     0     0    18     0   252    11   176     0   969]
 [    0     0     0    65     0     0  1673    96     0  1835]
 [  112     6     0   306     0    57    56  2426     0  4543]
 [    8     0     0    18     0     9     4   128    11   488]
 [  308     3     1   180     0    89   524   953     0 17955]]

