Title: Fully Connected - Words: 1000, Batch: 128, Epochs: 2, Outputs: 32

Results of Training Set

--------------------
Accuracy: 0.6019313138810286, F1 Score: 0.2451833444045553, Precision: 0.38769822380611, Recall: 0.23978845468946403

              precision    recall  f1-score   support

           0       0.60      0.02      0.04      8263
           1       0.00      0.00      0.00      3968
           2       0.00      0.00      0.00      1050
           3       0.84      0.78      0.81     14541
           4       0.00      0.00      0.00      1763
           5       0.55      0.02      0.03      4392
           6       0.76      0.40      0.52     11089
           7       0.56      0.25      0.34     22288
           8       0.00      0.00      0.00      1971
           9       0.56      0.94      0.71     60017

   micro avg       0.60      0.60      0.60    129342
   macro avg       0.39      0.24      0.25    129342
weighted avg       0.58      0.60      0.53    129342
 samples avg       0.60      0.60      0.60    129342


[[  186     0     0    10     0    19    11   163     0  7874]
 [    5     0     0   216     0     0    70   396     0  3281]
 [    3     0     0     8     0     3    21    50     0   965]
 [    2     0     0 11278     0     0    35  1037     0  2189]
 [    0     0     0    22     0     0     5    50     0  1686]
 [   29     0     0    58     0    72    11   325     0  3897]
 [    1     0     0   233     0     0  4385   168     0  6302]
 [   16     0     0   936     0    17   127  5531     0 15661]
 [    4     0     0    70     0     0    13   279     0  1605]
 [   63     0     0   572     0    20  1111  1848     0 56403]]

Results of Validation Set

--------------------
Accuracy: 0.5922206243911491, F1 Score: 0.23921305491370157, Precision: 0.3697777263295334, Recall: 0.2350565347891104

              precision    recall  f1-score   support

           0       0.60      0.02      0.04      2797
           1       0.00      0.00      0.00      1370
           2       0.00      0.00      0.00       371
           3       0.83      0.76      0.79      4733
           4       0.00      0.00      0.00       600
           5       0.43      0.01      0.02      1417
           6       0.74      0.38      0.50      3795
           7       0.54      0.24      0.33      7454
           8       0.00      0.00      0.00       665
           9       0.56      0.94      0.70     19912

   micro avg       0.59      0.59      0.59     43114
   macro avg       0.37      0.24      0.24     43114
weighted avg       0.56      0.59      0.51     43114
 samples avg       0.59      0.59      0.59     43114


[[   62     0     0     4     0     3     4    53     0  2671]
 [    0     0     0    85     0     0    30   146     0  1109]
 [    3     0     0     3     0     0     8    15     0   342]
 [    0     0     0  3602     0     0    18   350     0   763]
 [    0     0     0     2     0     0     2    32     0   564]
 [   10     0     0    13     0    16     3   116     0  1259]
 [    0     0     0    83     0     0  1452    50     0  2210]
 [    4     0     0   324     0     8    34  1774     0  5310]
 [    1     0     0    20     0     2     1   108     0   533]
 [   24     0     0   218     0     8   404   631     0 18627]]

Results of Test Set

--------------------
Accuracy: 0.5920814584589692, F1 Score: 0.23805611329793713, Precision: 0.37203544007690176, Recall: 0.23421986632608488

              precision    recall  f1-score   support

           0       0.59      0.02      0.04      2795
           1       0.00      0.00      0.00      1321
           2       0.00      0.00      0.00       355
           3       0.83      0.77      0.80      4700
           4       0.00      0.00      0.00       585
           5       0.48      0.01      0.03      1504
           6       0.73      0.37      0.49      3669
           7       0.54      0.23      0.32      7506
           8       0.00      0.00      0.00       666
           9       0.56      0.94      0.70     20013

   micro avg       0.59      0.59      0.59     43114
   macro avg       0.37      0.23      0.24     43114
weighted avg       0.56      0.59      0.51     43114
 samples avg       0.59      0.59      0.59     43114


[[   58     0     0     5     0     4     5    56     0  2667]
 [    0     0     0    67     0     1    25   139     0  1089]
 [    4     0     0     3     0     0     5    14     0   329]
 [    0     0     0  3615     0     1    14   350     0   720]
 [    0     0     0     4     0     0     4    20     0   557]
 [   13     0     0    17     0    21    10    96     0  1347]
 [    0     0     0    73     0     0  1361    57     0  2178]
 [    5     0     0   338     0     8    37  1735     0  5383]
 [    0     0     0    21     0     0     3   105     0   537]
 [   19     0     0   212     0     9   411   625     0 18737]]

