Title: Fully Connected - Words: 2000, Batch: 32, Epochs: 5, Outputs: 256

Results of Training Set

--------------------
Accuracy: 0.7329792333503425, F1 Score: 0.5093515722693029, Precision: 0.8645289600985944, Recall: 0.44085714661684855

              precision    recall  f1-score   support

           0       0.83      0.46      0.59      8263
           1       0.92      0.15      0.25      3968
           2       0.95      0.20      0.33      1050
           3       0.93      0.86      0.89     14541
           4       1.00      0.04      0.07      1763
           5       0.81      0.43      0.57      4392
           6       0.87      0.68      0.76     11089
           7       0.70      0.52      0.60     22288
           8       0.95      0.13      0.23      1971
           9       0.68      0.94      0.79     60017

   micro avg       0.73      0.73      0.73    129342
   macro avg       0.86      0.44      0.51    129342
weighted avg       0.76      0.73      0.71    129342
 samples avg       0.73      0.73      0.73    129342


[[ 3815     0     2     4     0    74    12   303     0  4053]
 [    9   584     0   158     0     9   120   584     0  2504]
 [   24     0   213     3     0     4    20    89     0   697]
 [   14     7     0 12450     0     8    30   910     1  1121]
 [    3     2     0    12    67     5     5    67     0  1602]
 [  129     1     2    25     0  1908    12   425     3  1887]
 [    4     9     1   146     0     1  7490   223     0  3215]
 [  163    14     3   341     0   144   145 11578     6  9894]
 [   17     2     0    44     0    30    10   286   262  1320]
 [  405    19     3   268     0   176   739  1966     3 56438]]

Results of Validation Set

--------------------
Accuracy: 0.6227443521825857, F1 Score: 0.3480971466842254, Precision: 0.5489055632797937, Recall: 0.3138911885505201

              precision    recall  f1-score   support

           0       0.57      0.26      0.36      2797
           1       0.60      0.05      0.09      1370
           2       0.52      0.06      0.11       371
           3       0.85      0.77      0.81      4733
           4       0.00      0.00      0.00       600
           5       0.57      0.25      0.34      1417
           6       0.70      0.48      0.57      3795
           7       0.53      0.37      0.43      7454
           8       0.54      0.03      0.06       665
           9       0.60      0.88      0.71     19912

   micro avg       0.62      0.62      0.62     43114
   macro avg       0.55      0.31      0.35     43114
weighted avg       0.61      0.62      0.58     43114
 samples avg       0.62      0.62      0.62     43114


[[  724     0     5     3     0    42     7   162     0  1854]
 [    2    64     1    83     0     3    47   247     2   921]
 [   20     0    22     4     0     0     8    30     0   287]
 [    8     5     0  3626     0     3    33   416     0   642]
 [    6     0     0     2     0     0     7    36     0   549]
 [   61     1     3    15     0   349     8   186     3   791]
 [   13     1     0    79     1     3  1837    79     0  1782]
 [  106    17     2   229     0    81    74  2755     6  4184]
 [    4     0     0    20     0    16     2   140    21   462]
 [  319    18     9   192     0   115   608  1193     7 17451]]

Results of Test Set

--------------------
Accuracy: 0.6220253281996567, F1 Score: 0.34413826825466404, Precision: 0.6396636580351778, Recall: 0.31094347719058657

              precision    recall  f1-score   support

           0       0.55      0.25      0.35      2795
           1       0.50      0.03      0.06      1321
           2       0.47      0.05      0.10       355
           3       0.85      0.77      0.81      4700
           4       1.00      0.00      0.00       585
           5       0.55      0.22      0.31      1504
           6       0.69      0.48      0.57      3669
           7       0.53      0.37      0.43      7506
           8       0.65      0.05      0.10       666
           9       0.60      0.88      0.72     20013

   micro avg       0.62      0.62      0.62     43114
   macro avg       0.64      0.31      0.34     43114
weighted avg       0.62      0.62      0.58     43114
 samples avg       0.62      0.62      0.62     43114


[[  710     1     6     4     0    53    10   153     1  1857]
 [    8    41     0    76     0     4    43   213     0   936]
 [   17     0    19     3     0     3    11    33     0   269]
 [   11     4     1  3640     0     3    26   442     2   571]
 [    2     1     0     4     1     2    10    33     0   532]
 [   73     1     2    18     0   326     8   174     3   899]
 [    4     3     0    62     0     2  1771   106     0  1721]
 [  117    10     1   249     0    83    72  2740     9  4225]
 [    5     2     0    20     0    11     3   129    36   460]
 [  343    19    11   188     0   111   626  1177     4 17534]]

