Title: Fully Connected - Words: 2000, Batch: 64, Epochs: 5, Outputs: 256

Results of Training Set

--------------------
Accuracy: 0.7305592924185492, F1 Score: 0.4937198958611949, Precision: 0.85002628749111, Recall: 0.43254375570674686

              precision    recall  f1-score   support

           0       0.78      0.54      0.64      8263
           1       0.87      0.13      0.23      3968
           2       0.94      0.16      0.27      1050
           3       0.91      0.88      0.89     14541
           4       1.00      0.04      0.08      1763
           5       0.81      0.37      0.50      4392
           6       0.87      0.67      0.75     11089
           7       0.71      0.50      0.58     22288
           8       0.94      0.11      0.19      1971
           9       0.68      0.94      0.79     60017

   micro avg       0.73      0.73      0.73    129342
   macro avg       0.85      0.43      0.49    129342
weighted avg       0.75      0.73      0.70    129342
 samples avg       0.73      0.73      0.73    129342


[[ 4468     0     0     2     0    55     6   326     1  3405]
 [   14   532     0   162     0     7    90   553     0  2610]
 [   40     1   168     4     0     7    17    99     0   714]
 [   22    11     0 12765     0     5    36   620     0  1082]
 [   12     4     0    14    73     3     6    73     0  1578]
 [  165     1     1    63     0  1604    16   529     1  2012]
 [   12    11     2   149     0     2  7393   226     1  3293]
 [  294    31     5   529     0   122   152 11059     7 10089]
 [   37     1     0    68     0    24    19   307   210  1305]
 [  680    18     3   315     0   151   807  1819     4 56220]]

Results of Validation Set

--------------------
Accuracy: 0.625295727605882, F1 Score: 0.3522380369466639, Precision: 0.5790294857513169, Recall: 0.3194056446851928

              precision    recall  f1-score   support

           0       0.53      0.33      0.40      2797
           1       0.56      0.05      0.10      1370
           2       0.72      0.06      0.11       371
           3       0.83      0.79      0.81      4733
           4       0.00      0.00      0.00       600
           5       0.62      0.22      0.32      1417
           6       0.70      0.48      0.57      3795
           7       0.54      0.35      0.42      7454
           8       0.70      0.03      0.06       665
           9       0.61      0.88      0.72     19912

   micro avg       0.63      0.63      0.63     43114
   macro avg       0.58      0.32      0.35     43114
weighted avg       0.62      0.63      0.59     43114
 samples avg       0.63      0.63      0.63     43114


[[  915     1     2     7     0    27     5   157     0  1683]
 [    7    75     1    90     0     2    51   204     0   940]
 [   22     0    23     4     0     2     9    34     1   276]
 [   15    11     0  3744     0     4    46   320     0   593]
 [    9     1     0     4     0     0     4    45     0   537]
 [   88     1     0    16     1   311    10   196     0   794]
 [   13     4     1    80     0     1  1840    78     0  1778]
 [  161    24     2   319     0    60    77  2589     3  4219]
 [   11     0     0    26     0    10     7   136    21   454]
 [  488    18     3   247     1    88   586  1035     5 17441]]

Results of Test Set

--------------------
Accuracy: 0.622605186250406, F1 Score: 0.3444676597109475, Precision: 0.6405494323878987, Recall: 0.3145272251511085

              precision    recall  f1-score   support

           0       0.52      0.33      0.40      2795
           1       0.45      0.04      0.07      1321
           2       0.64      0.05      0.08       355
           3       0.83      0.80      0.82      4700
           4       0.75      0.01      0.01       585
           5       0.56      0.19      0.28      1504
           6       0.68      0.48      0.56      3669
           7       0.53      0.35      0.42      7506
           8       0.84      0.05      0.09       666
           9       0.61      0.87      0.72     20013

   micro avg       0.62      0.62      0.62     43114
   macro avg       0.64      0.31      0.34     43114
weighted avg       0.62      0.62      0.58     43114
 samples avg       0.62      0.62      0.62     43114


[[  916     1     0     6     0    53    13   162     0  1644]
 [   10    47     0    86     0     1    48   203     0   926]
 [   25     1    16     4     0     1    12    33     0   263]
 [   15    11     1  3767     0     3    32   326     0   545]
 [    4     3     0     5     3     2     9    32     0   527]
 [   94     1     1    21     0   281     9   180     1   916]
 [    7     5     1    73     0     2  1759   103     0  1719]
 [  176    23     1   314     0    65    68  2606     2  4251]
 [    7     1     0    21     0     8     4   141    31   453]
 [  521    12     5   216     1    83   649  1106     3 17417]]

