Title: Fully Connected - Words: 2000, Batch: 128, Epochs: 5, Outputs: 256

Results of Training Set

--------------------
Accuracy: 0.7253714957245133, F1 Score: 0.4889414164206796, Precision: 0.8318218212891029, Recall: 0.42968475359357894

              precision    recall  f1-score   support

           0       0.79      0.51      0.62      8263
           1       0.87      0.14      0.25      3968
           2       0.88      0.17      0.29      1050
           3       0.92      0.86      0.89     14541
           4       1.00      0.01      0.03      1763
           5       0.75      0.40      0.52      4392
           6       0.84      0.66      0.74     11089
           7       0.69      0.51      0.58     22288
           8       0.89      0.11      0.19      1971
           9       0.68      0.93      0.79     60017

   micro avg       0.73      0.73      0.73    129342
   macro avg       0.83      0.43      0.49    129342
weighted avg       0.75      0.73      0.70    129342
 samples avg       0.73      0.73      0.73    129342


[[ 4175     0     3     4     0    86    23   398     0  3574]
 [   22   569     0   155     0    15   125   568     0  2514]
 [   34     1   183     4     0    11    25    93     0   699]
 [   25    22     0 12500     0    13    41   753     4  1183]
 [   11     4     1    19    24     6    13    71     0  1614]
 [  165     0     3    44     0  1756    20   538     3  1863]
 [    7     8     2   153     0     4  7285   221     0  3409]
 [  259    24     9   384     0   181   183 11275     6  9967]
 [   30     1     0    55     0    34    24   363   212  1252]
 [  581    23     6   266     0   232   931  2124    12 55842]]

Results of Validation Set

--------------------
Accuracy: 0.6247622581991928, F1 Score: 0.3586151627989821, Precision: 0.5653554791331128, Recall: 0.32356255892599617

              precision    recall  f1-score   support

           0       0.54      0.30      0.39      2797
           1       0.56      0.05      0.10      1370
           2       0.71      0.07      0.13       371
           3       0.84      0.78      0.81      4733
           4       0.00      0.00      0.00       600
           5       0.53      0.25      0.34      1417
           6       0.69      0.50      0.58      3795
           7       0.53      0.37      0.43      7454
           8       0.63      0.05      0.09       665
           9       0.61      0.87      0.72     19912

   micro avg       0.62      0.62      0.62     43114
   macro avg       0.57      0.32      0.36     43114
weighted avg       0.61      0.62      0.59     43114
 samples avg       0.62      0.62      0.62     43114


[[  839     1     2     6     0    50    10   185     0  1704]
 [    3    75     0    81     0     3    47   230     1   930]
 [   18     0    27     4     0     2    10    32     0   278]
 [    9    11     1  3674     0     8    42   368     1   619]
 [    9     0     0     4     0     0     7    35     0   545]
 [   90     0     1    14     0   355     7   206     0   744]
 [   11     4     2    80     0     1  1879    78     0  1740]
 [  132    23     2   272     0    95    74  2734     5  4117]
 [   10     0     0    21     0    15     3   150    33   433]
 [  426    20     3   196     0   135   645  1155    12 17320]]

Results of Test Set

--------------------
Accuracy: 0.6232082386231851, F1 Score: 0.35062787990436184, Precision: 0.5331454573580712, Recall: 0.3185438878616396

              precision    recall  f1-score   support

           0       0.53      0.30      0.38      2795
           1       0.41      0.03      0.06      1321
           2       0.60      0.06      0.11       355
           3       0.85      0.78      0.81      4700
           4       0.00      0.00      0.00       585
           5       0.50      0.22      0.31      1504
           6       0.68      0.50      0.58      3669
           7       0.52      0.37      0.43      7506
           8       0.62      0.06      0.11       666
           9       0.61      0.87      0.72     20013

   micro avg       0.62      0.62      0.62     43114
   macro avg       0.53      0.32      0.35     43114
weighted avg       0.60      0.62      0.59     43114
 samples avg       0.62      0.62      0.62     43114


[[  833     0     2     5     0    61     9   187     1  1697]
 [   10    43     0    70     0     2    52   226     0   918]
 [   17     0    21     4     0     6    10    39     0   258]
 [   15    12     1  3669     0     4    38   394     2   565]
 [    2     2     0     4     0     2     7    26     0   542]
 [   98     4     1    19     0   334    11   208     2   827]
 [    4     8     2    66     0     5  1826   100     1  1657]
 [  140    14     2   267     0    91    67  2754     8  4163]
 [   11     1     0    19     0    10     8   143    41   433]
 [  453    20     6   191     0   147   651  1186    11 17348]]

