Title: Fully Connected - Words: 2000, Batch: 32, Epochs: 5, Outputs: 512

Results of Training Set

--------------------
Accuracy: 0.8132238561333519, F1 Score: 0.6762837477935235, Precision: 0.900632932700573, Recall: 0.5881990241797107

              precision    recall  f1-score   support

           0       0.88      0.68      0.77      8263
           1       0.93      0.39      0.55      3968
           2       0.98      0.34      0.51      1050
           3       0.96      0.91      0.93     14541
           4       0.98      0.26      0.41      1763
           5       0.85      0.57      0.68      4392
           6       0.95      0.78      0.85     11089
           7       0.79      0.67      0.72     22288
           8       0.93      0.33      0.49      1971
           9       0.76      0.96      0.85     60017

   micro avg       0.81      0.81      0.81    129342
   macro avg       0.90      0.59      0.68    129342
weighted avg       0.83      0.81      0.80    129342
 samples avg       0.81      0.81      0.81    129342


[[ 5654     1     0     7     0    59     5   282     5  2250]
 [    9  1553     0    79     1    11    65   443     0  1807]
 [   30     0   359     4     0     6    12    97     0   542]
 [   12    20     0 13169     2    11    15   623     2   687]
 [    8     9     0    12   453     4     6    73     0  1198]
 [  129     5     1    27     0  2505     6   464    13  1242]
 [    2    10     1    70     0     1  8608   215     1  2181]
 [  176    30     5   213     3   131    76 14889    13  6752]
 [   25     4     0    26     0    32    11   259   654   960]
 [  373    37     2   181     4   174   282  1612    12 57340]]

Results of Validation Set

--------------------
Accuracy: 0.6232778215892749, F1 Score: 0.3747265462540015, Precision: 0.6051038780444866, Recall: 0.334860115161481

              precision    recall  f1-score   support

           0       0.52      0.32      0.40      2797
           1       0.51      0.09      0.16      1370
           2       0.67      0.08      0.14       371
           3       0.84      0.78      0.81      4733
           4       0.60      0.01      0.03       600
           5       0.57      0.27      0.37      1417
           6       0.69      0.46      0.55      3795
           7       0.50      0.40      0.44      7454
           8       0.52      0.07      0.12       665
           9       0.62      0.85      0.71     19912

   micro avg       0.62      0.62      0.62     43114
   macro avg       0.61      0.33      0.37     43114
weighted avg       0.62      0.62      0.59     43114
 samples avg       0.62      0.62      0.62     43114


[[  907     2     3    10     0    53     6   199     3  1614]
 [    4   129     0    80     0     3    47   266     2   839]
 [   22     0    30     4     1     3     9    31     0   271]
 [   11    16     0  3708     0     5    38   414     3   538]
 [    8     0     0     3     9     2     8    49     1   520]
 [   92     1     2    13     1   389     8   237     6   668]
 [   16    10     1    85     0     3  1747   103     0  1830]
 [  157    41     1   248     0    77    78  2961    11  3880]
 [   16     2     0    24     0    16    12   152    45   398]
 [  504    50     8   223     4   131   577  1453    15 16947]]

Results of Test Set

--------------------
Accuracy: 0.6266873869276801, F1 Score: 0.37109572349572206, Precision: 0.5655863648116283, Recall: 0.33249049590509927

              precision    recall  f1-score   support

           0       0.52      0.33      0.40      2795
           1       0.44      0.08      0.13      1321
           2       0.60      0.07      0.12       355
           3       0.85      0.79      0.82      4700
           4       0.29      0.01      0.02       585
           5       0.57      0.25      0.34      1504
           6       0.69      0.46      0.55      3669
           7       0.52      0.40      0.45      7506
           8       0.57      0.09      0.15       666
           9       0.62      0.86      0.72     20013

   micro avg       0.63      0.63      0.63     43114
   macro avg       0.57      0.33      0.37     43114
weighted avg       0.61      0.63      0.59     43114
 samples avg       0.63      0.63      0.63     43114


[[  918     3     2    10     0    58     7   198     2  1597]
 [   11   104     0    75     0     4    46   227     1   853]
 [   26     1    24     6     0     7    10    40     0   241]
 [   13    19     1  3703     0     5    29   421     3   506]
 [    6     2     0     6     6     1     9    39     1   515]
 [   94     4     0    19     2   371     8   222     7   777]
 [    9    16     1    72     1     2  1701   134     0  1733]
 [  168    30     3   265     4    76    64  3003    13  3880]
 [   12     2     0    20     0    13     5   151    57   406]
 [  495    56     9   204     8   118   586  1389    16 17132]]

