Title: Fully Connected - Words: 2000, Batch: 64, Epochs: 5, Outputs: 512

Results of Training Set

--------------------
Accuracy: 0.804889363083917, F1 Score: 0.6467213621798336, Precision: 0.8923328963500496, Recall: 0.5654145932035897

              precision    recall  f1-score   support

           0       0.87      0.70      0.78      8263
           1       0.92      0.32      0.48      3968
           2       0.92      0.37      0.53      1050
           3       0.94      0.91      0.93     14541
           4       0.99      0.17      0.30      1763
           5       0.84      0.55      0.66      4392
           6       0.94      0.77      0.84     11089
           7       0.79      0.65      0.71     22288
           8       0.97      0.25      0.40      1971
           9       0.76      0.95      0.84     60017

   micro avg       0.80      0.80      0.80    129342
   macro avg       0.89      0.57      0.65    129342
weighted avg       0.82      0.80      0.79    129342
 samples avg       0.80      0.80      0.80    129342


[[ 5824     2     3     7     0    63     3   306     1  2054]
 [   13  1273     0    93     0     9    64   497     0  2019]
 [   26     1   391     6     1     8    18    91     0   508]
 [   11    13     0 13289     0    14    22   449     2   741]
 [    9     7     1    19   307     2     9    82     0  1327]
 [  143     1     2    31     0  2399    14   424     4  1374]
 [    5    16     2    85     0     3  8537   211     1  2229]
 [  223    35    14   364     0   132   118 14379     6  7017]
 [   37     2     0    49     0    33    18   278   500  1054]
 [  419    36    11   235     2   188   317  1599     3 57207]]

Results of Validation Set

--------------------
Accuracy: 0.62671058124971, F1 Score: 0.3721346451274005, Precision: 0.6026516177838038, Recall: 0.335461010943293

              precision    recall  f1-score   support

           0       0.52      0.33      0.40      2797
           1       0.54      0.08      0.15      1370
           2       0.57      0.08      0.14       371
           3       0.82      0.80      0.81      4733
           4       0.50      0.01      0.02       600
           5       0.57      0.27      0.37      1417
           6       0.70      0.48      0.57      3795
           7       0.52      0.39      0.45      7454
           8       0.67      0.06      0.11       665
           9       0.62      0.85      0.72     19912

   micro avg       0.63      0.63      0.63     43114
   macro avg       0.60      0.34      0.37     43114
weighted avg       0.62      0.63      0.59     43114
 samples avg       0.63      0.63      0.63     43114


[[  926     1     5     9     0    53    10   204     0  1589]
 [    4   115     1    87     0     5    50   231     3   874]
 [   23     0    29     6     0     4    10    35     0   264]
 [   11    18     0  3792     1     6    28   309     1   567]
 [    9     1     0     4     5     0     8    48     0   525]
 [   91     0     2    15     0   388     7   230     4   680]
 [   13     9     1    92     0     1  1806    97     0  1776]
 [  176    31     2   322     1    81    90  2897     7  3847]
 [   16     0     0    28     0    18     5   124    39   435]
 [  513    39    11   251     3   127   578  1363     4 17023]]

Results of Test Set

--------------------
Accuracy: 0.6287980702324071, F1 Score: 0.3708887205422583, Precision: 0.56765262061789, Recall: 0.33506971838778804

              precision    recall  f1-score   support

           0       0.51      0.34      0.41      2795
           1       0.46      0.06      0.11      1321
           2       0.54      0.09      0.15       355
           3       0.83      0.81      0.82      4700
           4       0.29      0.01      0.02       585
           5       0.56      0.24      0.34      1504
           6       0.70      0.48      0.57      3669
           7       0.53      0.40      0.45      7506
           8       0.63      0.06      0.12       666
           9       0.62      0.85      0.72     20013

   micro avg       0.63      0.63      0.63     43114
   macro avg       0.57      0.34      0.37     43114
weighted avg       0.61      0.63      0.60     43114
 samples avg       0.63      0.63      0.63     43114


[[  953     1     6     5     0    47    10   213     1  1559]
 [    6    85     0    88     0     5    40   218     1   878]
 [   20     1    32     3     0     4    11    36     0   248]
 [   14    15     1  3817     0     4    22   318     4   505]
 [    7     2     0     6     5     3    10    36     0   516]
 [  107     2     2    19     0   365     7   210     5   787]
 [    4    11     2    74     0     3  1751   134     0  1690]
 [  191    29     1   315     3    76    74  2976     9  3832]
 [   22     2     0    23     0    15     5   148    43   408]
 [  527    38    15   245     9   126   587  1378     5 17083]]

