Title: Fully Connected - Words: 2000, Batch: 128, Epochs: 5, Outputs: 512

Results of Training Set

--------------------
Accuracy: 0.7869756150361058, F1 Score: 0.6071904779045205, Precision: 0.8855099225267317, Recall: 0.5261981108059874

              precision    recall  f1-score   support

           0       0.87      0.61      0.72      8263
           1       0.91      0.27      0.41      3968
           2       0.94      0.29      0.44      1050
           3       0.94      0.89      0.92     14541
           4       0.98      0.13      0.23      1763
           5       0.84      0.50      0.63      4392
           6       0.91      0.78      0.84     11089
           7       0.78      0.60      0.68     22288
           8       0.94      0.23      0.38      1971
           9       0.73      0.96      0.83     60017

   micro avg       0.79      0.79      0.79    129342
   macro avg       0.89      0.53      0.61    129342
weighted avg       0.81      0.79      0.77    129342
 samples avg       0.79      0.79      0.79    129342


[[ 5024     1     2     5     0    72    11   298     0  2850]
 [   13  1062     1    92     0    16   122   441     1  2220]
 [   23     0   301     5     0     6    18   109     1   587]
 [   11    21     0 13005     1    10    39   492     1   961]
 [    7     7     0    14   228     4    21    87     0  1395]
 [  120     2     2    32     1  2212    20   465     6  1532]
 [    7     7     1    74     0     2  8619   189     0  2190]
 [  174    38     6   287     1   127   162 13446    14  8033]
 [   25     2     0    45     0    28    20   260   463  1128]
 [  340    29     6   210     1   161   486  1348     7 57429]]

Results of Validation Set

--------------------
Accuracy: 0.6271744676903094, F1 Score: 0.36848798024571844, Precision: 0.6231800542218993, Recall: 0.33086030077477036

              precision    recall  f1-score   support

           0       0.55      0.30      0.39      2797
           1       0.49      0.07      0.12      1370
           2       0.62      0.09      0.15       371
           3       0.85      0.79      0.82      4733
           4       0.75      0.01      0.02       600
           5       0.57      0.25      0.35      1417
           6       0.67      0.51      0.58      3795
           7       0.53      0.37      0.44      7454
           8       0.59      0.06      0.10       665
           9       0.61      0.87      0.72     19912

   micro avg       0.63      0.63      0.63     43114
   macro avg       0.62      0.33      0.37     43114
weighted avg       0.62      0.63      0.59     43114
 samples avg       0.63      0.63      0.63     43114


[[  841     1     4     8     0    46    13   192     1  1691]
 [    4    98     1    78     0     4    62   212     3   908]
 [   19     0    32     3     1     3    11    37     0   265]
 [    9    15     1  3733     0     6    44   319     2   604]
 [    4     1     0     4     6     1    10    43     0   531]
 [   80     1     1    11     0   361     9   219     4   731]
 [   11     9     1    80     0     1  1920    98     0  1675]
 [  126    37     4   263     0    78   107  2741     7  4091]
 [   11     0     0    28     0    12     8   121    37   448]
 [  415    36     8   207     1   120   687  1158     9 17271]]

Results of Test Set

--------------------
Accuracy: 0.625342116249942, F1 Score: 0.36119169220111935, Precision: 0.5799341320969159, Recall: 0.3260374843360829

              precision    recall  f1-score   support

           0       0.54      0.30      0.38      2795
           1       0.43      0.06      0.10      1321
           2       0.54      0.07      0.12       355
           3       0.84      0.80      0.82      4700
           4       0.50      0.01      0.01       585
           5       0.54      0.23      0.32      1504
           6       0.67      0.51      0.58      3669
           7       0.53      0.37      0.43      7506
           8       0.59      0.07      0.12       666
           9       0.61      0.86      0.72     20013

   micro avg       0.63      0.63      0.63     43114
   macro avg       0.58      0.33      0.36     43114
weighted avg       0.61      0.63      0.59     43114
 samples avg       0.63      0.63      0.63     43114


[[  830     2     3     5     0    58    11   191     1  1694]
 [   11    77     0    68     0     4    52   210     0   899]
 [   18     3    25     3     0     6    12    34     0   254]
 [   15    16     2  3741     0     2    41   335     5   543]
 [    2     1     0     3     4     2    10    38     0   525]
 [   84     2     1    25     0   341    10   198     5   838]
 [    3    11     1    67     0     1  1857   105     1  1623]
 [  123    32     3   296     1    74    83  2746     7  4141]
 [    8     2     0    19     0    13     2   133    46   443]
 [  442    33    11   212     3   129   704  1172    13 17294]]

