Title: Fully Connected - Words: 2000, Batch: 32, Epochs: 6, Outputs: 10

Results of Training Set

--------------------
Accuracy: 0.5957538927803807, F1 Score: 0.23321294361045058, Precision: 0.4423999997717202, Recall: 0.23053433933814832

              precision    recall  f1-score   support

           0       0.60      0.03      0.05      8263
           1       0.00      0.00      0.00      3968
           2       0.00      0.00      0.00      1050
           3       0.87      0.77      0.82     14541
           4       0.00      0.00      0.00      1763
           5       1.00      0.00      0.00      4392
           6       0.81      0.40      0.53     11089
           7       0.60      0.14      0.22     22288
           8       0.00      0.00      0.00      1971
           9       0.55      0.97      0.70     60017

   micro avg       0.60      0.60      0.60    129342
   macro avg       0.44      0.23      0.23    129342
weighted avg       0.60      0.60      0.51    129342
 samples avg       0.60      0.60      0.60    129342


[[  227     0     0     3     0     0     1     9     0  8023]
 [    1     0     0   181     0     0    51   253     0  3482]
 [    7     0     0     3     0     0    10    17     0  1013]
 [    3     0     0 11218     0     0    40   827     0  2453]
 [    0     0     0     8     0     0     7    23     0  1725]
 [   61     0     0    47     0     7     7   139     0  4131]
 [    1     0     0   202     0     0  4427    69     0  6390]
 [   18     0     0   808     0     0    82  3058     0 18322]
 [    3     0     0    57     0     0     7   135     0  1769]
 [   57     0     0   403     0     0   865   573     0 58119]]

Results of Validation Set

--------------------
Accuracy: 0.5828733126130723, F1 Score: 0.22500008646557865, Precision: 0.3980203890954118, Recall: 0.22346534598747522

              precision    recall  f1-score   support

           0       0.60      0.03      0.05      2797
           1       0.00      0.00      0.00      1370
           2       0.00      0.00      0.00       371
           3       0.85      0.75      0.79      4733
           4       0.00      0.00      0.00       600
           5       0.67      0.00      0.00      1417
           6       0.77      0.37      0.50      3795
           7       0.56      0.13      0.21      7454
           8       0.00      0.00      0.00       665
           9       0.54      0.96      0.69     19912

   micro avg       0.58      0.58      0.58     43114
   macro avg       0.40      0.22      0.23     43114
weighted avg       0.57      0.58      0.49     43114
 samples avg       0.58      0.58      0.58     43114


[[   77     0     0     3     0     0     0     9     0  2708]
 [    1     0     0    79     0     0    26    78     0  1186]
 [    1     0     0     2     0     0     5     6     0   357]
 [    0     0     0  3528     0     0    25   287     0   893]
 [    0     0     0     3     0     0     0    12     0   585]
 [   19     0     0     8     0     2     1    66     0  1321]
 [    0     0     0    76     0     0  1405    27     0  2287]
 [    7     0     0   276     0     0    30   950     0  6191]
 [    2     0     0    21     0     0     2    48     0   592]
 [   22     0     0   167     0     1   339   215     0 19168]]

Results of Test Set

--------------------
Accuracy: 0.5847984413415596, F1 Score: 0.22525655515142567, Precision: 0.32836411576076185, Recall: 0.22454028371944812

              precision    recall  f1-score   support

           0       0.55      0.03      0.05      2795
           1       0.00      0.00      0.00      1321
           2       0.00      0.00      0.00       355
           3       0.85      0.76      0.80      4700
           4       0.00      0.00      0.00       585
           5       0.00      0.00      0.00      1504
           6       0.76      0.37      0.50      3669
           7       0.57      0.12      0.20      7506
           8       0.00      0.00      0.00       666
           9       0.54      0.96      0.70     20013

   micro avg       0.58      0.58      0.58     43114
   macro avg       0.33      0.22      0.23     43114
weighted avg       0.55      0.58      0.49     43114
 samples avg       0.58      0.58      0.58     43114


[[   71     0     0     1     0     0     1     4     0  2718]
 [    0     0     0    57     0     0    18    84     0  1162]
 [    2     0     0     4     0     0     5     6     0   338]
 [    0     0     0  3567     0     1    26   261     0   845]
 [    0     0     0     4     0     0     5     7     0   569]
 [   18     0     0    16     0     0     7    44     0  1419]
 [    0     0     0    66     0     0  1374    28     0  2201]
 [    8     0     0   291     0     0    28   927     0  6252]
 [    1     0     0    20     0     0     4    43     0   598]
 [   28     0     0   150     0     0   347   214     0 19274]]

