Title: Fully Connected - Words: 2000, Batch: 64, Epochs: 6, Outputs: 10

Results of Training Set

--------------------
Accuracy: 0.592962842696108, F1 Score: 0.2279817892261767, Precision: 0.42122304257656007, Recall: 0.222984705911471

              precision    recall  f1-score   support

           0       0.68      0.02      0.03      8263
           1       0.00      0.00      0.00      3968
           2       0.00      0.00      0.00      1050
           3       0.89      0.75      0.81     14541
           4       0.00      0.00      0.00      1763
           5       0.62      0.00      0.00      4392
           6       0.85      0.33      0.48     11089
           7       0.62      0.16      0.25     22288
           8       0.00      0.00      0.00      1971
           9       0.55      0.97      0.70     60017

   micro avg       0.59      0.59      0.59    129342
   macro avg       0.42      0.22      0.23    129342
weighted avg       0.60      0.59      0.50    129342
 samples avg       0.59      0.59      0.59    129342


[[  146     0     0     3     0     3     2    19     0  8090]
 [    0     0     0   151     0     0    23   222     0  3572]
 [    3     0     0     3     0     0     7    23     0  1014]
 [    4     0     0 10854     0     0    31   901     0  2751]
 [    0     0     0     8     0     0     2    26     0  1727]
 [    1     0     0    27     0    10     6   141     0  4207]
 [    0     0     0   201     0     0  3679    63     0  7146]
 [   10     0     0   552     0     0    60  3494     0 18172]
 [    1     0     0    45     0     0     4   163     0  1758]
 [   50     0     0   345     0     3   496   611     0 58512]]

Results of Validation Set

--------------------
Accuracy: 0.5806002690541355, F1 Score: 0.2202286347414657, Precision: 0.3978263252549611, Recall: 0.2167747858655363

              precision    recall  f1-score   support

           0       0.62      0.02      0.03      2797
           1       0.00      0.00      0.00      1370
           2       0.00      0.00      0.00       371
           3       0.87      0.72      0.79      4733
           4       0.00      0.00      0.00       600
           5       0.56      0.00      0.01      1417
           6       0.82      0.31      0.45      3795
           7       0.58      0.14      0.23      7454
           8       0.00      0.00      0.00       665
           9       0.54      0.97      0.69     19912

   micro avg       0.58      0.58      0.58     43114
   macro avg       0.40      0.22      0.22     43114
weighted avg       0.57      0.58      0.49     43114
 samples avg       0.58      0.58      0.58     43114


[[   46     0     0     3     0     1     1     8     0  2738]
 [    0     0     0    67     0     0    12    67     0  1224]
 [    1     0     0     1     0     0     4     6     0   359]
 [    1     0     0  3416     0     0    19   318     0   979]
 [    0     0     0     3     0     0     0     8     0   589]
 [    2     0     0     7     0     5     1    57     0  1345]
 [    0     0     0    75     0     0  1186    32     0  2502]
 [    4     0     0   214     0     1    18  1073     0  6144]
 [    0     0     0    15     0     0     1    58     0   591]
 [   20     0     0   146     0     2   207   231     0 19306]]

Results of Test Set

--------------------
Accuracy: 0.5828269239690124, F1 Score: 0.22121415588681978, Precision: 0.4026566472306353, Recall: 0.2177962261385919

              precision    recall  f1-score   support

           0       0.64      0.02      0.03      2795
           1       0.00      0.00      0.00      1321
           2       0.00      0.00      0.00       355
           3       0.87      0.73      0.79      4700
           4       0.00      0.00      0.00       585
           5       0.57      0.00      0.01      1504
           6       0.82      0.32      0.46      3669
           7       0.58      0.14      0.23      7506
           8       0.00      0.00      0.00       666
           9       0.54      0.97      0.70     20013

   micro avg       0.58      0.58      0.58     43114
   macro avg       0.40      0.22      0.22     43114
weighted avg       0.58      0.58      0.49     43114
 samples avg       0.58      0.58      0.58     43114


[[   47     0     0     1     0     1     1    11     0  2734]
 [    0     0     0    46     0     0    10    82     0  1183]
 [    0     0     0     1     0     0     4     7     0   343]
 [    1     0     0  3420     0     0    14   312     0   953]
 [    0     0     0     4     0     0     1     9     0   571]
 [    1     0     0    14     0     4     5    44     0  1436]
 [    0     0     0    67     0     1  1170    20     0  2411]
 [    1     0     0   228     0     0    19  1060     0  6198]
 [    0     0     0    16     0     1     1    52     0   596]
 [   23     0     0   133     0     0   208   222     0 19427]]

