Title: Fully Connected - Words: 2000, Batch: 128, Epochs: 6, Outputs: 10

Results of Training Set

--------------------
Accuracy: 0.599812899135625, F1 Score: 0.23179985011784807, Precision: 0.4871509824962595, Recall: 0.22978005874144633

              precision    recall  f1-score   support

           0       1.00      0.00      0.00      8263
           1       0.00      0.00      0.00      3968
           2       0.00      0.00      0.00      1050
           3       0.86      0.78      0.82     14541
           4       0.00      0.00      0.00      1763
           5       1.00      0.00      0.00      4392
           6       0.83      0.36      0.50     11089
           7       0.63      0.19      0.29     22288
           8       0.00      0.00      0.00      1971
           9       0.55      0.97      0.70     60017

   micro avg       0.60      0.60      0.60    129342
   macro avg       0.49      0.23      0.23    129342
weighted avg       0.63      0.60      0.51    129342
 samples avg       0.60      0.60      0.60    129342


[[    1     0     0     3     0     0     2    34     0  8223]
 [    0     0     0   204     0     0    27   272     0  3465]
 [    0     0     0     4     0     0     9    20     0  1017]
 [    0     0     0 11361     0     0    18   846     0  2316]
 [    0     0     0    13     0     0     3    21     0  1726]
 [    0     0     0    45     0     2     4   178     0  4163]
 [    0     0     0   211     0     0  3975    97     0  6806]
 [    0     0     0   877     0     0    70  4268     0 17073]
 [    0     0     0    58     0     0     4   175     0  1734]
 [    0     0     0   480     0     0   656   907     0 57974]]

Results of Validation Set

--------------------
Accuracy: 0.5865380154938071, F1 Score: 0.2233634005967966, Precision: 0.3765539440653868, Recall: 0.2228883284312594

              precision    recall  f1-score   support

           0       1.00      0.00      0.00      2797
           1       0.00      0.00      0.00      1370
           2       0.00      0.00      0.00       371
           3       0.83      0.76      0.79      4733
           4       0.00      0.00      0.00       600
           5       0.00      0.00      0.00      1417
           6       0.80      0.33      0.47      3795
           7       0.58      0.17      0.27      7454
           8       0.00      0.00      0.00       665
           9       0.55      0.96      0.70     19912

   micro avg       0.59      0.59      0.59     43114
   macro avg       0.38      0.22      0.22     43114
weighted avg       0.58      0.59      0.50     43114
 samples avg       0.59      0.59      0.59     43114


[[    2     0     0     3     0     0     1    19     0  2772]
 [    0     0     0    85     0     0    16    91     0  1178]
 [    0     0     0     1     0     0     3     8     0   359]
 [    0     0     0  3590     0     0    10   300     0   833]
 [    0     0     0     2     0     0     0     9     0   589]
 [    0     0     0    11     0     0     2    70     0  1334]
 [    0     0     0    79     0     0  1270    32     0  2414]
 [    0     0     0   314     0     0    22  1301     0  5817]
 [    0     0     0    18     0     0     1    71     0   575]
 [    0     0     0   197     0     0   261   329     0 19125]]

Results of Test Set

--------------------
Accuracy: 0.5883007839680846, F1 Score: 0.22382838114625972, Precision: 0.2770808566113254, Recall: 0.22340510261750973

              precision    recall  f1-score   support

           0       0.00      0.00      0.00      2795
           1       0.00      0.00      0.00      1321
           2       0.00      0.00      0.00       355
           3       0.84      0.76      0.80      4700
           4       0.00      0.00      0.00       585
           5       0.00      0.00      0.00      1504
           6       0.80      0.34      0.47      3669
           7       0.59      0.17      0.27      7506
           8       0.00      0.00      0.00       666
           9       0.55      0.96      0.70     20013

   micro avg       0.59      0.59      0.59     43114
   macro avg       0.28      0.22      0.22     43114
weighted avg       0.52      0.59      0.50     43114
 samples avg       0.59      0.59      0.59     43114


[[    0     0     0     2     0     1     2    16     0  2774]
 [    0     0     0    66     0     0    15    98     0  1142]
 [    0     0     0     4     0     0     4     6     0   341]
 [    0     0     0  3586     0     0    11   308     0   795]
 [    0     0     0     5     0     0     2    14     0   564]
 [    0     0     0    17     0     0     6    52     0  1429]
 [    0     0     0    69     0     0  1232    29     0  2339]
 [    0     0     0   324     0     0    26  1305     0  5851]
 [    0     0     0    19     0     1     2    59     0   585]
 [    0     0     0   188     0     0   243   341     0 19241]]

