Title: Fully Connected - Words: 2000, Batch: 32, Epochs: 6, Outputs: 16

Results of Training Set

--------------------
Accuracy: 0.61501291150593, F1 Score: 0.25836760615416293, Precision: 0.42568877061987925, Recall: 0.2484642901773045

              precision    recall  f1-score   support

           0       0.69      0.04      0.08      8263
           1       0.00      0.00      0.00      3968
           2       0.00      0.00      0.00      1050
           3       0.87      0.79      0.83     14541
           4       0.00      0.00      0.00      1763
           5       0.69      0.03      0.05      4392
           6       0.82      0.41      0.55     11089
           7       0.63      0.25      0.36     22288
           8       0.00      0.00      0.00      1971
           9       0.57      0.96      0.71     60017

   micro avg       0.62      0.62      0.62    129342
   macro avg       0.43      0.25      0.26    129342
weighted avg       0.61      0.62      0.54    129342
 samples avg       0.62      0.62      0.62    129342


[[  344     0     0     3     0     7     2   121     0  7786]
 [    0     0     0   192     0     0    47   367     0  3362]
 [    4     0     0     5     0     0    15    32     0   994]
 [   11     0     0 11539     0     1    27   787     0  2176]
 [    0     0     0    15     0     0     4    30     0  1714]
 [   10     0     0    52     0   122     7   300     0  3901]
 [    0     0     0   210     0     0  4592   128     0  6159]
 [   15     0     0   784     0    22    91  5627     0 15749]
 [    1     0     0    58     0     1     9   256     0  1646]
 [  115     0     0   452     0    25   822  1280     0 57323]]

Results of Validation Set

--------------------
Accuracy: 0.5969522660852623, F1 Score: 0.2442380657619343, Precision: 0.38913179721812335, Recall: 0.23739916915281584

              precision    recall  f1-score   support

           0       0.62      0.04      0.07      2797
           1       0.00      0.00      0.00      1370
           2       0.00      0.00      0.00       371
           3       0.84      0.77      0.80      4733
           4       0.00      0.00      0.00       600
           5       0.51      0.02      0.03      1417
           6       0.78      0.38      0.51      3795
           7       0.58      0.23      0.33      7454
           8       0.00      0.00      0.00       665
           9       0.56      0.95      0.70     19912

   micro avg       0.60      0.60      0.60     43114
   macro avg       0.39      0.24      0.24     43114
weighted avg       0.58      0.60      0.52     43114
 samples avg       0.60      0.60      0.60     43114


[[  107     0     0     4     0     7     1    45     0  2633]
 [    0     0     0    85     0     0    21   126     0  1138]
 [    2     0     0     1     0     0     6    12     0   350]
 [    4     0     0  3625     0     0    18   278     0   808]
 [    0     0     0     3     0     0     0    12     0   585]
 [    3     0     0     7     0    22     1   110     0  1274]
 [    3     0     0    82     0     0  1447    42     0  2221]
 [    9     0     0   299     0     6    28  1688     0  5424]
 [    1     0     0    22     0     0     1    97     0   544]
 [   43     0     0   195     0     8   337   481     0 18848]]

Results of Test Set

--------------------
Accuracy: 0.59859906294939, F1 Score: 0.24571244333288855, Precision: 0.3925855118873401, Recall: 0.238687558707758

              precision    recall  f1-score   support

           0       0.62      0.04      0.07      2795
           1       0.00      0.00      0.00      1321
           2       0.00      0.00      0.00       355
           3       0.85      0.77      0.81      4700
           4       0.00      0.00      0.00       585
           5       0.55      0.02      0.04      1504
           6       0.76      0.39      0.51      3669
           7       0.59      0.22      0.32      7506
           8       0.00      0.00      0.00       666
           9       0.56      0.95      0.70     20013

   micro avg       0.60      0.60      0.60     43114
   macro avg       0.39      0.24      0.25     43114
weighted avg       0.58      0.60      0.52     43114
 samples avg       0.60      0.60      0.60     43114


[[  102     0     0     4     0     4     1    55     0  2629]
 [    0     0     0    59     0     0    22   125     0  1115]
 [    0     0     0     3     0     0     6    13     0   333]
 [    4     0     0  3629     0     0    13   279     0   775]
 [    0     0     0     5     0     0     4    11     0   565]
 [    9     0     0    16     0    31     7    93     0  1348]
 [    0     0     0    70     0     0  1419    40     0  2140]
 [   11     0     0   300     0     9    32  1684     0  5470]
 [    0     0     0    19     0     1     3    85     0   558]
 [   39     0     0   177     0    11   359   484     0 18943]]

