Title: Fully Connected - Words: 1000, Batch: 32, Epochs: 2, Outputs: 64

Results of Training Set

--------------------
Accuracy: 0.6069567503208548, F1 Score: 0.2584552603336284, Precision: 0.4160159485581012, Recall: 0.2452805088766037

              precision    recall  f1-score   support

           0       0.65      0.07      0.12      8263
           1       0.00      0.00      0.00      3968
           2       0.00      0.00      0.00      1050
           3       0.89      0.73      0.80     14541
           4       0.00      0.00      0.00      1763
           5       0.73      0.02      0.04      4392
           6       0.77      0.41      0.53     11089
           7       0.56      0.29      0.38     22288
           8       0.00      0.00      0.00      1971
           9       0.57      0.94      0.71     60017

   micro avg       0.61      0.61      0.61    129342
   macro avg       0.42      0.25      0.26    129342
weighted avg       0.59      0.61      0.54    129342
 samples avg       0.61      0.61      0.61    129342


[[  559     0     0     5     0     6    10   193     0  7490]
 [    2     0     0   143     0     0    75   475     0  3273]
 [   12     0     0     4     0     0    22    61     0   951]
 [   10     0     0 10577     0     2    48  1272     0  2632]
 [    0     0     0     9     0     0     6    65     0  1683]
 [   23     0     0    39     0    82    13   411     0  3824]
 [    3     0     0   199     0     0  4534   205     0  6148]
 [   49     0     0   525     0     8   154  6546     0 15006]
 [    2     0     0    47     0     0    10   325     0  1587]
 [  195     0     0   359     0    15  1044  2197     0 56207]]

Results of Validation Set

--------------------
Accuracy: 0.5946328338822656, F1 Score: 0.24883246523549069, Precision: 0.3803396198829253, Recall: 0.23779383654464942

              precision    recall  f1-score   support

           0       0.64      0.06      0.11      2797
           1       0.00      0.00      0.00      1370
           2       0.00      0.00      0.00       371
           3       0.87      0.71      0.78      4733
           4       0.00      0.00      0.00       600
           5       0.45      0.01      0.02      1417
           6       0.75      0.39      0.52      3795
           7       0.53      0.28      0.36      7454
           8       0.00      0.00      0.00       665
           9       0.56      0.93      0.70     19912

   micro avg       0.59      0.59      0.59     43114
   macro avg       0.38      0.24      0.25     43114
weighted avg       0.57      0.59      0.52     43114
 samples avg       0.59      0.59      0.59     43114


[[  161     0     0     2     0     3     1    63     0  2567]
 [    1     0     0    61     0     0    28   186     0  1094]
 [    1     0     0     1     0     1     6    19     0   343]
 [    3     0     0  3349     0     0    22   450     0   909]
 [    2     0     0     3     0     0     1    28     0   566]
 [    7     0     0    10     0    17     4   140     0  1239]
 [    3     0     0    69     0     0  1491    61     0  2171]
 [   14     0     0   197     0     8    38  2054     0  5143]
 [    2     0     0    16     0     1     3   118     0   525]
 [   56     0     0   138     0     8   394   751     0 18565]]

Results of Test Set

--------------------
Accuracy: 0.5949111657466253, F1 Score: 0.2481511785536294, Precision: 0.38569794052707385, Recall: 0.23762579525530914

              precision    recall  f1-score   support

           0       0.60      0.06      0.10      2795
           1       0.00      0.00      0.00      1321
           2       0.00      0.00      0.00       355
           3       0.87      0.72      0.79      4700
           4       0.00      0.00      0.00       585
           5       0.56      0.01      0.02      1504
           6       0.72      0.39      0.50      3669
           7       0.54      0.27      0.36      7506
           8       0.00      0.00      0.00       666
           9       0.56      0.93      0.70     20013

   micro avg       0.59      0.59      0.59     43114
   macro avg       0.39      0.24      0.25     43114
weighted avg       0.57      0.59      0.52     43114
 samples avg       0.59      0.59      0.59     43114


[[  156     0     0     1     0     1     7    65     0  2565]
 [    1     0     0    44     0     0    24   170     0  1082]
 [    4     0     0     3     0     0     6    17     0   325]
 [    1     0     0  3363     0     0    25   435     0   876]
 [    1     0     0     3     0     0     4    20     0   557]
 [   15     0     0    16     0    19     9   122     0  1323]
 [    1     0     0    65     0     0  1419    67     0  2117]
 [   18     0     0   206     0     6    40  2061     0  5175]
 [    0     0     0    15     0     0     2   129     0   520]
 [   62     0     0   137     0     8   423   752     0 18631]]

