Title: Fully Connected - Words: 2000, Batch: 64, Epochs: 6, Outputs: 16

Results of Training Set

--------------------
Accuracy: 0.6146727281161571, F1 Score: 0.2644427921303261, Precision: 0.4305491447838934, Recall: 0.2496992289188086

              precision    recall  f1-score   support

           0       0.67      0.09      0.15      8263
           1       0.00      0.00      0.00      3968
           2       0.00      0.00      0.00      1050
           3       0.88      0.77      0.82     14541
           4       0.00      0.00      0.00      1763
           5       0.75      0.03      0.05      4392
           6       0.83      0.40      0.54     11089
           7       0.60      0.26      0.36     22288
           8       0.00      0.00      0.00      1971
           9       0.57      0.95      0.71     60017

   micro avg       0.61      0.61      0.61    129342
   macro avg       0.43      0.25      0.26    129342
weighted avg       0.61      0.61      0.54    129342
 samples avg       0.61      0.61      0.61    129342


[[  713     0     0     3     0     8     1   106     0  7432]
 [    2     0     0   177     0     0    35   422     0  3332]
 [   10     0     0     1     0     0     9    36     0   994]
 [    7     0     0 11183     0     0    26  1066     0  2259]
 [    0     0     0    10     0     0     4    35     0  1714]
 [   73     0     0    40     0   123     6   329     0  3821]
 [    0     0     0   191     0     0  4463   127     0  6308]
 [   51     0     0   642     0    17    73  5712     0 15793]
 [    4     0     0    53     0     0     7   284     0  1623]
 [  203     0     0   356     0    16   754  1379     0 57309]]

Results of Validation Set

--------------------
Accuracy: 0.5977872616783412, F1 Score: 0.2520596929417471, Precision: 0.40391499772585265, Recall: 0.2397811197022274

              precision    recall  f1-score   support

           0       0.62      0.08      0.14      2797
           1       0.00      0.00      0.00      1370
           2       0.00      0.00      0.00       371
           3       0.86      0.74      0.79      4733
           4       0.00      0.00      0.00       600
           5       0.66      0.02      0.05      1417
           6       0.78      0.37      0.50      3795
           7       0.56      0.24      0.34      7454
           8       0.00      0.00      0.00       665
           9       0.56      0.95      0.70     19912

   micro avg       0.60      0.60      0.60     43114
   macro avg       0.40      0.24      0.25     43114
weighted avg       0.58      0.60      0.52     43114
 samples avg       0.60      0.60      0.60     43114


[[  217     0     0     2     0     4     3    41     0  2530]
 [    1     0     0    79     0     0    21   148     0  1121]
 [    3     0     0     1     0     0     5    12     0   350]
 [    3     0     0  3496     0     0    21   390     0   823]
 [    0     0     0     3     0     0     0    14     0   583]
 [   24     0     0     8     0    35     1   121     0  1228]
 [    2     0     0    73     0     0  1411    44     0  2265]
 [   19     0     0   244     0     7    26  1785     0  5373]
 [    1     0     0    21     0     2     2   104     0   535]
 [   78     0     0   160     0     5   324   516     0 18829]]

Results of Test Set

--------------------
Accuracy: 0.5988310061696897, F1 Score: 0.2508803489564018, Precision: 0.3866080184453786, Recall: 0.2395252082987347

              precision    recall  f1-score   support

           0       0.59      0.07      0.13      2795
           1       0.00      0.00      0.00      1321
           2       0.00      0.00      0.00       355
           3       0.87      0.75      0.80      4700
           4       0.00      0.00      0.00       585
           5       0.52      0.02      0.04      1504
           6       0.77      0.38      0.51      3669
           7       0.56      0.23      0.33      7506
           8       0.00      0.00      0.00       666
           9       0.56      0.95      0.70     20013

   micro avg       0.60      0.60      0.60     43114
   macro avg       0.39      0.24      0.25     43114
weighted avg       0.57      0.60      0.52     43114
 samples avg       0.60      0.60      0.60     43114


[[  198     0     0     2     0     5     2    57     0  2531]
 [    0     0     0    61     0     0    18   140     0  1102]
 [    2     0     0     2     0     1     7    10     0   333]
 [    4     0     0  3510     0     1    14   381     0   790]
 [    0     0     0     3     0     0     4    16     0   562]
 [   25     0     0    15     0    30     6    98     0  1330]
 [    0     0     0    60     0     0  1383    48     0  2178]
 [   29     0     0   249     0    10    27  1760     0  5431]
 [    2     0     0    17     0     2     4   101     0   540]
 [   76     0     0   132     0     9   327   532     0 18937]]

