Title: Fully Connected - Words: 2000, Batch: 128, Epochs: 6, Outputs: 16

Results of Training Set

--------------------
Accuracy: 0.6130181998113529, F1 Score: 0.26295225284601126, Precision: 0.4162763873081133, Recall: 0.24944689655485072

              precision    recall  f1-score   support

           0       0.64      0.07      0.12      8263
           1       0.00      0.00      0.00      3968
           2       0.00      0.00      0.00      1050
           3       0.85      0.81      0.83     14541
           4       0.00      0.00      0.00      1763
           5       0.66      0.06      0.11      4392
           6       0.82      0.35      0.49     11089
           7       0.63      0.26      0.37     22288
           8       0.00      0.00      0.00      1971
           9       0.57      0.95      0.71     60017

   micro avg       0.61      0.61      0.61    129342
   macro avg       0.42      0.25      0.26    129342
weighted avg       0.60      0.61      0.54    129342
 samples avg       0.61      0.61      0.61    129342


[[  571     0     0     4     0    29     2   100     0  7557]
 [    2     0     0   225     0     0    33   354     0  3354]
 [    9     0     0     6     0     6     9    50     0   970]
 [    3     0     0 11714     0     2    23   695     0  2104]
 [    0     0     0    18     0     0     5    32     0  1708]
 [   53     0     0    53     0   255     3   366     0  3662]
 [    1     0     0   208     0     0  3902   135     0  6843]
 [   26     0     0   977     0    40    67  5768     0 15410]
 [    9     0     0    67     0     7     8   239     0  1641]
 [  214     0     0   487     0    50   723  1464     0 57079]]

Results of Validation Set

--------------------
Accuracy: 0.5964187966785731, F1 Score: 0.2504768705079482, Precision: 0.39464990789748244, Recall: 0.23961908601671053

              precision    recall  f1-score   support

           0       0.62      0.07      0.12      2797
           1       0.00      0.00      0.00      1370
           2       0.00      0.00      0.00       371
           3       0.83      0.78      0.80      4733
           4       0.00      0.00      0.00       600
           5       0.58      0.05      0.09      1417
           6       0.79      0.33      0.46      3795
           7       0.58      0.24      0.34      7454
           8       0.00      0.00      0.00       665
           9       0.56      0.94      0.70     19912

   micro avg       0.60      0.60      0.60     43114
   macro avg       0.39      0.24      0.25     43114
weighted avg       0.58      0.60      0.52     43114
 samples avg       0.60      0.60      0.60     43114


[[  182     0     0     2     0    10     1    45     0  2557]
 [    1     0     0    99     0     1    17   129     0  1123]
 [    3     0     0     2     0     1     3    15     0   347]
 [    2     0     0  3677     0     0    12   250     0   792]
 [    0     0     0     6     0     0     0    12     0   582]
 [   14     0     0    10     0    66     0   119     0  1208]
 [    3     0     0    82     0     0  1246    45     0  2419]
 [   16     0     0   363     0    17    22  1759     0  5277]
 [    1     0     0    25     0     2     2    90     0   545]
 [   73     0     0   188     0    17   281   569     0 18784]]

Results of Test Set

--------------------
Accuracy: 0.5955838010854942, F1 Score: 0.24839785479227133, Precision: 0.38545910561260266, Recall: 0.23847306379743488

              precision    recall  f1-score   support

           0       0.57      0.06      0.11      2795
           1       0.00      0.00      0.00      1321
           2       0.00      0.00      0.00       355
           3       0.82      0.78      0.80      4700
           4       0.00      0.00      0.00       585
           5       0.55      0.05      0.09      1504
           6       0.78      0.33      0.46      3669
           7       0.57      0.23      0.32      7506
           8       0.00      0.00      0.00       666
           9       0.56      0.94      0.70     20013

   micro avg       0.60      0.60      0.60     43114
   macro avg       0.39      0.24      0.25     43114
weighted avg       0.57      0.60      0.52     43114
 samples avg       0.60      0.60      0.60     43114


[[  169     0     0     5     0    11     2    52     0  2556]
 [    0     0     0    79     0     0    14   127     0  1101]
 [    2     0     0     3     0     1     4    14     0   331]
 [    1     0     0  3674     0     2    11   273     0   739]
 [    1     0     0     5     0     0     3    12     0   564]
 [   21     0     0    19     0    70     4   108     0  1282]
 [    0     0     0    73     0     0  1200    53     0  2343]
 [   14     0     0   387     0    20    21  1698     0  5366]
 [    0     0     0    21     0     2     1    91     0   551]
 [   86     0     0   192     0    21   285   562     0 18867]]

