Title: Fully Connected - Words: 2000, Batch: 32, Epochs: 6, Outputs: 32

Results of Training Set

--------------------
Accuracy: 0.6379057073495075, F1 Score: 0.3156364547888108, Precision: 0.5270881343373806, Recall: 0.28929349387993286

              precision    recall  f1-score   support

           0       0.67      0.20      0.30      8263
           1       0.00      0.00      0.00      3968
           2       1.00      0.01      0.02      1050
           3       0.86      0.81      0.84     14541
           4       0.00      0.00      0.00      1763
           5       0.70      0.16      0.26      4392
           6       0.83      0.47      0.60     11089
           7       0.62      0.30      0.40     22288
           8       0.00      0.00      0.00      1971
           9       0.59      0.94      0.73     60017

   micro avg       0.64      0.64      0.64    129342
   macro avg       0.53      0.29      0.32    129342
weighted avg       0.62      0.64      0.58    129342
 samples avg       0.64      0.64      0.64    129342


[[ 1633     0     0     4     0    71     3   145     0  6407]
 [    5     0     0   205     0     6    50   479     0  3223]
 [   28     0    12     5     0     3    21    74     0   907]
 [   15     0     0 11806     0     4    22   782     0  1912]
 [    2     0     0    16     0     1     5    39     0  1700]
 [  152     0     0    52     0   691     8   379     0  3110]
 [    2     0     0   206     0     1  5261   194     0  5425]
 [  130     0     0   848     0    83   127  6692     0 14408]
 [   12     0     0    68     0     8     5   310     0  1568]
 [  468     0     0   476     0   121   850  1689     0 56413]]

Results of Validation Set

--------------------
Accuracy: 0.6082015122697964, F1 Score: 0.2873724213052983, Precision: 0.4877230112481146, Recall: 0.26663397599562677

              precision    recall  f1-score   support

           0       0.57      0.16      0.25      2797
           1       0.00      0.00      0.00      1370
           2       1.00      0.01      0.02       371
           3       0.83      0.77      0.80      4733
           4       0.00      0.00      0.00       600
           5       0.59      0.13      0.21      1417
           6       0.75      0.41      0.53      3795
           7       0.56      0.26      0.36      7454
           8       0.00      0.00      0.00       665
           9       0.57      0.92      0.71     19912

   micro avg       0.61      0.61      0.61     43114
   macro avg       0.49      0.27      0.29     43114
weighted avg       0.58      0.61      0.55     43114
 samples avg       0.61      0.61      0.61     43114


[[  447     0     0     5     0    29     5    53     0  2258]
 [    2     0     0    91     0     1    28   165     0  1083]
 [    6     0     3     2     0     0     6    22     0   332]
 [    4     0     0  3650     0     0    21   316     0   742]
 [    2     0     0     5     0     0     4    16     0   573]
 [   57     0     0    14     0   182     3   135     0  1026]
 [    4     0     0    81     0     1  1556    65     0  2088]
 [   64     0     0   327     0    40    47  1967     0  5009]
 [    4     0     0    26     0     7     0   117     0   511]
 [  188     0     0   205     0    49   409   644     0 18417]]

Results of Test Set

--------------------
Accuracy: 0.607760820151227, F1 Score: 0.28466619309115987, Precision: 0.4824262586559963, Recall: 0.2655050003762819

              precision    recall  f1-score   support

           0       0.55      0.16      0.24      2795
           1       0.00      0.00      0.00      1321
           2       1.00      0.00      0.01       355
           3       0.84      0.78      0.81      4700
           4       0.00      0.00      0.00       585
           5       0.57      0.12      0.19      1504
           6       0.74      0.41      0.53      3669
           7       0.56      0.26      0.36      7506
           8       0.00      0.00      0.00       666
           9       0.58      0.92      0.71     20013

   micro avg       0.61      0.61      0.61     43114
   macro avg       0.48      0.27      0.28     43114
weighted avg       0.58      0.61      0.55     43114
 samples avg       0.61      0.61      0.61     43114


[[  440     0     0     4     0    33     0    67     0  2251]
 [    4     0     0    75     0     1    31   149     0  1061]
 [   12     0     1     2     0     2     8    21     0   309]
 [    6     0     0  3671     0     1    14   315     0   693]
 [    1     0     0     3     0     0     5    18     0   558]
 [   51     0     0    17     0   176     6   113     0  1141]
 [    0     0     0    72     0     0  1520    63     0  2014]
 [   61     0     0   340     0    41    43  1962     0  5059]
 [    5     0     0    21     0     5     4   120     0   511]
 [  218     0     0   186     0    51   434   691     0 18433]]

