Title: Fully Connected - Words: 2000, Batch: 64, Epochs: 6, Outputs: 32

Results of Training Set

--------------------
Accuracy: 0.6343492446382459, F1 Score: 0.30556030265514617, Precision: 0.6231711877509014, Recall: 0.28276575184532426

              precision    recall  f1-score   support

           0       0.68      0.20      0.31      8263
           1       1.00      0.00      0.00      3968
           2       0.00      0.00      0.00      1050
           3       0.87      0.81      0.84     14541
           4       0.00      0.00      0.00      1763
           5       0.68      0.10      0.17      4392
           6       0.79      0.48      0.60     11089
           7       0.61      0.30      0.41     22288
           8       1.00      0.00      0.01      1971
           9       0.59      0.94      0.72     60017

   micro avg       0.63      0.63      0.63    129342
   macro avg       0.62      0.28      0.31    129342
weighted avg       0.66      0.63      0.58    129342
 samples avg       0.63      0.63      0.63    129342


[[ 1678     0     0     5     0    36     6   181     0  6357]
 [    4     2     0   197     0     2    77   477     0  3209]
 [   43     0     0     5     0     4    19    47     0   932]
 [   23     0     0 11714     0     2    57   887     0  1858]
 [    0     0     0    17     0     0     7    39     0  1700]
 [   99     0     0    52     0   435    10   333     0  3463]
 [    1     0     0   204     0     0  5292   177     0  5415]
 [  129     0     0   765     0    65   147  6747     0 14435]
 [   14     0     0    64     0     8    10   320     7  1548]
 [  466     0     0   462     0    85  1055  1776     0 56173]]

Results of Validation Set

--------------------
Accuracy: 0.6065083267616087, F1 Score: 0.2805568643327211, Precision: 0.4858719124673687, Recall: 0.2630761357019524

              precision    recall  f1-score   support

           0       0.57      0.16      0.26      2797
           1       0.00      0.00      0.00      1370
           2       0.00      0.00      0.00       371
           3       0.83      0.77      0.80      4733
           4       0.00      0.00      0.00       600
           5       0.60      0.08      0.14      1417
           6       0.72      0.43      0.54      3795
           7       0.56      0.27      0.37      7454
           8       1.00      0.00      0.00       665
           9       0.57      0.92      0.71     19912

   micro avg       0.61      0.61      0.61     43114
   macro avg       0.49      0.26      0.28     43114
weighted avg       0.59      0.61      0.55     43114
 samples avg       0.61      0.61      0.61     43114


[[  459     0     0     4     0    16     3    72     0  2243]
 [    3     0     0    94     0     1    34   159     0  1079]
 [   15     0     0     2     0     1     9    18     0   326]
 [    7     0     0  3651     0     0    37   325     0   713]
 [    3     0     0     5     0     0     2    20     0   570]
 [   30     0     0     9     0   112     3   122     0  1141]
 [   10     0     0    87     0     1  1613    54     0  2030]
 [   64     0     0   302     0    26    54  2020     0  4988]
 [    3     0     0    20     0     5     2   117     1   517]
 [  207     0     0   211     0    26   468   707     0 18293]]

Results of Test Set

--------------------
Accuracy: 0.6065315210836387, F1 Score: 0.27952367665971745, Precision: 0.48333424132628267, Recall: 0.2625292753033236

              precision    recall  f1-score   support

           0       0.57      0.16      0.25      2795
           1       0.00      0.00      0.00      1321
           2       0.00      0.00      0.00       355
           3       0.84      0.78      0.81      4700
           4       0.00      0.00      0.00       585
           5       0.58      0.08      0.14      1504
           6       0.72      0.43      0.54      3669
           7       0.55      0.26      0.36      7506
           8       1.00      0.00      0.00       666
           9       0.57      0.92      0.71     20013

   micro avg       0.61      0.61      0.61     43114
   macro avg       0.48      0.26      0.28     43114
weighted avg       0.59      0.61      0.54     43114
 samples avg       0.61      0.61      0.61     43114


[[  449     0     0     5     0    14     5    82     0  2240]
 [    4     0     0    65     0     0    30   162     0  1060]
 [   11     0     0     2     0     1     8    14     0   319]
 [    9     0     0  3653     0     0    31   330     0   677]
 [    0     0     0     5     0     0     7    17     0   556]
 [   37     0     0    18     0   115     9   108     0  1217]
 [    0     0     0    75     0     0  1567    63     0  1964]
 [   51     0     0   334     0    28    41  1979     0  5073]
 [    2     0     0    22     0     3     3   115     1   520]
 [  231     0     0   182     0    37   470   707     0 18386]]

