Title: Fully Connected - Words: 2000, Batch: 128, Epochs: 6, Outputs: 32

Results of Training Set

--------------------
Accuracy: 0.6317360176895362, F1 Score: 0.3019944952818344, Precision: 0.5315686289651426, Recall: 0.27783011519857165

              precision    recall  f1-score   support

           0       0.71      0.19      0.30      8263
           1       1.00      0.00      0.00      3968
           2       0.00      0.00      0.00      1050
           3       0.88      0.79      0.83     14541
           4       0.00      0.00      0.00      1763
           5       0.73      0.10      0.18      4392
           6       0.82      0.45      0.58     11089
           7       0.60      0.30      0.40     22288
           8       0.00      0.00      0.00      1971
           9       0.59      0.94      0.72     60017

   micro avg       0.63      0.63      0.63    129342
   macro avg       0.53      0.28      0.30    129342
weighted avg       0.65      0.63      0.57    129342
 samples avg       0.63      0.63      0.63    129342


[[ 1597     0     0     5     0    27     9   168     0  6457]
 [    7     1     0   194     0     4    47   457     0  3258]
 [   21     0     0     3     0     2    17    50     0   957]
 [   14     0     0 11478     0     2    43   990     0  2014]
 [    2     0     0    14     0     0     7    38     0  1702]
 [  118     0     0    46     0   451     9   424     0  3344]
 [    0     0     0   201     0     0  5000   151     0  5737]
 [  115     0     0   716     0    54   106  6704     0 14593]
 [   15     0     0    58     0     7     8   311     0  1572]
 [  371     0     0   400     0    74   878  1815     0 56479]]

Results of Validation Set

--------------------
Accuracy: 0.6063691608294289, F1 Score: 0.27746809185366544, Precision: 0.39171576658198265, Recall: 0.258854948084445

              precision    recall  f1-score   support

           0       0.60      0.15      0.24      2797
           1       0.00      0.00      0.00      1370
           2       0.00      0.00      0.00       371
           3       0.84      0.76      0.80      4733
           4       0.00      0.00      0.00       600
           5       0.60      0.08      0.14      1417
           6       0.76      0.40      0.53      3795
           7       0.55      0.27      0.36      7454
           8       0.00      0.00      0.00       665
           9       0.57      0.93      0.71     19912

   micro avg       0.61      0.61      0.61     43114
   macro avg       0.39      0.26      0.28     43114
weighted avg       0.58      0.61      0.54     43114
 samples avg       0.61      0.61      0.61     43114


[[  419     0     0     2     0    13     3    62     0  2298]
 [    1     0     0    86     0     1    27   160     0  1095]
 [    4     0     0     2     0     0     5    20     0   340]
 [    7     0     0  3584     0     0    30   379     0   733]
 [    2     0     0     3     0     0     1    21     0   573]
 [   39     0     0    10     0   112     2   152     0  1102]
 [    5     0     0    76     0     1  1528    55     0  2130]
 [   56     0     0   296     0    24    35  2029     0  5014]
 [    5     0     0    19     0     6     1   123     0   511]
 [  165     0     0   173     0    30   389   684     0 18471]]

Results of Test Set

--------------------
Accuracy: 0.6080855406596465, F1 Score: 0.2773951868805582, Precision: 0.3870158590624177, Recall: 0.25935035259039163

              precision    recall  f1-score   support

           0       0.59      0.15      0.24      2795
           1       0.00      0.00      0.00      1321
           2       0.00      0.00      0.00       355
           3       0.85      0.77      0.81      4700
           4       0.00      0.00      0.00       585
           5       0.55      0.07      0.13      1504
           6       0.75      0.41      0.53      3669
           7       0.56      0.27      0.36      7506
           8       0.00      0.00      0.00       666
           9       0.57      0.93      0.71     20013

   micro avg       0.61      0.61      0.61     43114
   macro avg       0.39      0.26      0.28     43114
weighted avg       0.58      0.61      0.55     43114
 samples avg       0.61      0.61      0.61     43114


[[  415     0     0     2     0    13     3    82     0  2280]
 [    4     0     0    65     0     0    26   153     0  1073]
 [    8     0     0     2     0     0     7    16     0   322]
 [    7     0     0  3596     0     1    21   360     0   715]
 [    0     0     0     4     0     0     5    17     0   559]
 [   47     0     0    16     0   109     7   131     0  1194]
 [    1     0     0    60     0     0  1500    65     0  2043]
 [   52     0     0   294     0    34    35  2035     0  5056]
 [    4     0     0    18     0     3     3   115     0   523]
 [  169     0     0   159     0    37   403   683     0 18562]]

