Title: Fully Connected - Words: 2000, Batch: 32, Epochs: 6, Outputs: 64

Results of Training Set

--------------------
Accuracy: 0.6629401122605186, F1 Score: 0.3649875117492589, Precision: 0.825083921205694, Recall: 0.3289290004223864

              precision    recall  f1-score   support

           0       0.72      0.34      0.46      8263
           1       0.92      0.02      0.03      3968
           2       0.92      0.05      0.09      1050
           3       0.89      0.81      0.85     14541
           4       1.00      0.00      0.00      1763
           5       0.74      0.24      0.36      4392
           6       0.82      0.54      0.65     11089
           7       0.62      0.36      0.46     22288
           8       1.00      0.01      0.01      1971
           9       0.62      0.93      0.74     60017

   micro avg       0.66      0.66      0.66    129342
   macro avg       0.83      0.33      0.36    129342
weighted avg       0.70      0.66      0.62    129342
 samples avg       0.66      0.66      0.66    129342


[[ 2801     0     0     5     0    72    12   292     0  5081]
 [   18    60     0   197     0     5    80   547     0  3061]
 [   49     0    49     2     0     7    23    89     0   831]
 [   30     0     0 11840     0     2    43   919     0  1707]
 [    6     0     0    18     1     5     8    40     0  1685]
 [  173     0     0    48     0  1041    14   490     0  2626]
 [    5     0     1   190     0     1  5943   189     0  4760]
 [  230     4     2   606     0   104   156  8112     0 13074]
 [   21     0     0    52     0    14    12   421    11  1440]
 [  580     1     1   396     0   150   947  2054     0 55888]]

Results of Validation Set

--------------------
Accuracy: 0.6136985665908985, F1 Score: 0.3091667212608848, Precision: 0.6084765431584688, Recall: 0.2840857539674196

              precision    recall  f1-score   support

           0       0.53      0.23      0.32      2797
           1       0.25      0.00      0.00      1370
           2       1.00      0.03      0.05       371
           3       0.84      0.77      0.80      4733
           4       0.00      0.00      0.00       600
           5       0.61      0.17      0.26      1417
           6       0.72      0.44      0.55      3795
           7       0.54      0.31      0.39      7454
           8       1.00      0.00      0.00       665
           9       0.59      0.90      0.71     19912

   micro avg       0.61      0.61      0.61     43114
   macro avg       0.61      0.28      0.31     43114
weighted avg       0.61      0.61      0.56     43114
 samples avg       0.61      0.61      0.61     43114


[[  646     0     0     3     0    28     3   116     0  2001]
 [    3     2     0    90     0     1    42   180     0  1052]
 [   20     0    10     2     0     2     8    29     0   300]
 [   11     0     0  3623     0     1    37   371     0   690]
 [    2     0     0     4     0     0     4    24     0   566]
 [   67     0     0    14     0   235     4   182     0   915]
 [   11     1     0    72     0     2  1668    61     0  1980]
 [  121     3     0   267     0    42    66  2275     0  4680]
 [    8     0     0    22     0     6     5   143     1   480]
 [  321     2     0   196     0    67   480   847     0 17999]]

Results of Test Set

--------------------
Accuracy: 0.6138145382010484, F1 Score: 0.3076469448394282, Precision: 0.6074963043265472, Recall: 0.2836718991727103

              precision    recall  f1-score   support

           0       0.54      0.24      0.33      2795
           1       0.50      0.00      0.01      1321
           2       0.80      0.02      0.04       355
           3       0.84      0.77      0.80      4700
           4       0.00      0.00      0.00       585
           5       0.56      0.15      0.24      1504
           6       0.71      0.45      0.55      3669
           7       0.53      0.30      0.38      7506
           8       1.00      0.00      0.00       666
           9       0.59      0.90      0.71     20013

   micro avg       0.61      0.61      0.61     43114
   macro avg       0.61      0.28      0.31     43114
weighted avg       0.61      0.61      0.56     43114
 samples avg       0.61      0.61      0.61     43114


[[  668     0     0     4     0    30     8   124     0  1961]
 [    5     6     0    71     0     2    37   182     0  1018]
 [   15     0     8     3     0     3    10    32     0   284]
 [   12     0     0  3609     0     2    25   394     0   658]
 [    3     0     0     3     0     1     5    23     0   550]
 [   77     0     0    18     0   230    10   175     0   994]
 [    1     0     0    66     0     0  1637    87     0  1878]
 [  106     6     2   289     0    60    52  2253     0  4738]
 [    6     0     0    18     0     8     5   138     1   490]
 [  337     0     0   197     0    77   513   837     0 18052]]

