Title: Fully Connected - Words: 2000, Batch: 64, Epochs: 6, Outputs: 64

Results of Training Set

--------------------
Accuracy: 0.6595382783627901, F1 Score: 0.35628197190378524, Precision: 0.7283368967682491, Recall: 0.3206901259169849

              precision    recall  f1-score   support

           0       0.75      0.24      0.36      8263
           1       0.92      0.01      0.02      3968
           2       0.94      0.05      0.09      1050
           3       0.88      0.83      0.85     14541
           4       0.00      0.00      0.00      1763
           5       0.74      0.23      0.35      4392
           6       0.82      0.52      0.64     11089
           7       0.63      0.37      0.47     22288
           8       1.00      0.02      0.04      1971
           9       0.61      0.93      0.74     60017

   micro avg       0.66      0.66      0.66    129342
   macro avg       0.73      0.32      0.36    129342
weighted avg       0.69      0.66      0.61    129342
 samples avg       0.66      0.66      0.66    129342


[[ 1949     0     0     6     0    84     9   269     0  5946]
 [    7    35     0   207     0     7    80   563     0  3069]
 [   23     0    48     2     0    11    16    77     0   873]
 [   12     0     0 12076     0     4    34   803     0  1612]
 [    1     0     0    17     0     2     6    51     0  1686]
 [  132     0     0    51     0  1026    16   428     0  2739]
 [    2     1     1   202     0     1  5804   195     0  4883]
 [  114     1     1   743     0   113   164  8329     0 12823]
 [   12     0     0    64     0    12     8   362    44  1469]
 [  364     1     1   421     0   133   942  2160     0 55995]]

Results of Validation Set

--------------------
Accuracy: 0.6158788328617154, F1 Score: 0.3075812931785801, Precision: 0.6325300480233577, Recall: 0.28289375535465633

              precision    recall  f1-score   support

           0       0.59      0.18      0.27      2797
           1       0.83      0.00      0.01      1370
           2       0.75      0.02      0.05       371
           3       0.83      0.78      0.80      4733
           4       0.00      0.00      0.00       600
           5       0.57      0.16      0.25      1417
           6       0.73      0.45      0.55      3795
           7       0.55      0.32      0.40      7454
           8       0.89      0.01      0.02       665
           9       0.59      0.91      0.71     19912

   micro avg       0.62      0.62      0.62     43114
   macro avg       0.63      0.28      0.31     43114
weighted avg       0.62      0.62      0.56     43114
 samples avg       0.62      0.62      0.62     43114


[[  493     0     0     4     0    39     4   113     0  2144]
 [    1     5     0    96     0     2    41   195     0  1030]
 [    8     0     9     3     0     1     6    28     0   316]
 [    5     0     0  3685     0     1    34   327     0   681]
 [    1     0     0     7     0     0     3    29     0   560]
 [   45     0     0    12     0   230     4   152     0   974]
 [    9     0     1    83     0     1  1692    68     0  1941]
 [   70     1     2   309     0    52    58  2382     0  4580]
 [    3     0     0    23     0    10     3   140     8   478]
 [  198     0     0   206     0    71   477   910     1 18049]]

Results of Test Set

--------------------
Accuracy: 0.6158788328617154, F1 Score: 0.303735764629616, Precision: 0.612623563690936, Recall: 0.2804654903983893

              precision    recall  f1-score   support

           0       0.59      0.17      0.27      2795
           1       0.50      0.00      0.00      1321
           2       1.00      0.02      0.04       355
           3       0.83      0.79      0.81      4700
           4       0.00      0.00      0.00       585
           5       0.55      0.15      0.24      1504
           6       0.72      0.44      0.55      3669
           7       0.55      0.31      0.40      7506
           8       0.80      0.01      0.02       666
           9       0.59      0.91      0.71     20013

   micro avg       0.62      0.62      0.62     43114
   macro avg       0.61      0.28      0.30     43114
weighted avg       0.61      0.62      0.56     43114
 samples avg       0.62      0.62      0.62     43114


[[  480     0     0     6     0    44     6   113     0  2146]
 [    3     2     0    73     0     2    33   195     0  1013]
 [    9     0     7     3     0     4     9    25     0   298]
 [    6     1     0  3698     0     1    21   339     0   634]
 [    1     0     0     4     0     1     6    22     0   551]
 [   51     0     0    20     0   226     8   142     0  1057]
 [    1     0     0    72     0     1  1618    90     0  1887]
 [   63     1     0   330     0    55    52  2361     0  4644]
 [    5     0     0    23     0     8     3   136     8   483]
 [  195     0     0   200     0    72   484   907     2 18153]]

