Title: Fully Connected - Words: 2000, Batch: 128, Epochs: 6, Outputs: 64

Results of Training Set

--------------------
Accuracy: 0.6582780535324952, F1 Score: 0.349415462742778, Precision: 0.7186945770477927, Recall: 0.31675584514938815

              precision    recall  f1-score   support

           0       0.69      0.27      0.39      8263
           1       0.89      0.01      0.02      3968
           2       0.96      0.02      0.04      1050
           3       0.89      0.81      0.85     14541
           4       0.00      0.00      0.00      1763
           5       0.70      0.23      0.34      4392
           6       0.82      0.52      0.63     11089
           7       0.64      0.36      0.46     22288
           8       1.00      0.01      0.01      1971
           9       0.61      0.94      0.74     60017

   micro avg       0.66      0.66      0.66    129342
   macro avg       0.72      0.32      0.35    129342
weighted avg       0.68      0.66      0.61    129342
 samples avg       0.66      0.66      0.66    129342


[[ 2259     0     0     6     0    99    12   255     0  5632]
 [    9    40     0   189     0    10    82   520     0  3118]
 [   45     0    23     1     0     5    15    58     0   903]
 [   27     2     0 11825     0     6    54   890     0  1737]
 [    2     0     0    16     0     2     5    53     0  1685]
 [  145     0     0    46     0  1004    13   477     0  2707]
 [    7     0     0   197     0     3  5728   184     0  4970]
 [  193     2     1   597     0   127   156  8089     0 13123]
 [   11     0     0    53     0    15    10   371    10  1501]
 [  590     1     0   367     0   172   947  1775     0 56165]]

Results of Validation Set

--------------------
Accuracy: 0.6136753722688686, F1 Score: 0.30320583263684714, Precision: 0.5383873437698838, Recall: 0.2799776640124395

              precision    recall  f1-score   support

           0       0.56      0.20      0.30      2797
           1       0.56      0.00      0.01      1370
           2       1.00      0.01      0.02       371
           3       0.84      0.76      0.80      4733
           4       0.00      0.00      0.00       600
           5       0.57      0.17      0.26      1417
           6       0.73      0.45      0.55      3795
           7       0.55      0.30      0.39      7454
           8       0.00      0.00      0.00       665
           9       0.58      0.91      0.71     19912

   micro avg       0.61      0.61      0.61     43114
   macro avg       0.54      0.28      0.30     43114
weighted avg       0.60      0.61      0.56     43114
 samples avg       0.61      0.61      0.61     43114


[[  562     0     0     4     0    37     4    93     0  2097]
 [    2     5     0    90     0     4    40   183     0  1046]
 [   18     0     3     4     0     2     8    24     0   312]
 [   10     1     0  3615     0     2    37   336     0   732]
 [    4     0     0     3     0     0     1    29     0   563]
 [   43     0     0     8     0   239     7   163     0   957]
 [    9     0     0    83     0     1  1691    70     0  1941]
 [   90     2     0   271     0    48    61  2233     0  4749]
 [    5     0     0    22     0     9     2   131     0   496]
 [  268     1     0   183     0    79   479   792     0 18110]]

Results of Test Set

--------------------
Accuracy: 0.61265482209955, F1 Score: 0.3023584748319888, Precision: 0.6657227037617839, Recall: 0.27900628481793627

              precision    recall  f1-score   support

           0       0.55      0.21      0.30      2795
           1       0.89      0.01      0.01      1321
           2       1.00      0.02      0.03       355
           3       0.85      0.77      0.81      4700
           4       0.00      0.00      0.00       585
           5       0.53      0.14      0.23      1504
           6       0.72      0.44      0.54      3669
           7       0.53      0.30      0.38      7506
           8       1.00      0.00      0.01       666
           9       0.59      0.91      0.71     20013

   micro avg       0.61      0.61      0.61     43114
   macro avg       0.67      0.28      0.30     43114
weighted avg       0.62      0.61      0.56     43114
 samples avg       0.61      0.61      0.61     43114


[[  577     0     0     3     0    36     9   113     0  2057]
 [    2     8     0    73     0     2    33   190     0  1013]
 [   18     0     6     2     0     5     9    24     0   291]
 [    7     0     0  3639     0     2    27   372     0   653]
 [    3     0     0     5     0     0     6    21     0   550]
 [   56     0     0    18     0   218     9   164     0  1039]
 [    1     0     0    70     0     0  1600    83     0  1915]
 [   90     0     0   281     0    57    53  2220     0  4805]
 [    6     0     0    17     0     8     4   132     2   497]
 [  282     1     0   188     0    83   484   831     0 18144]]

