Title: Fully Connected - Words: 2000, Batch: 32, Epochs: 6, Outputs: 128

Results of Training Set

--------------------
Accuracy: 0.7009788003896646, F1 Score: 0.4367585678625, Precision: 0.832590633362304, Recall: 0.3868174694141162

              precision    recall  f1-score   support

           0       0.78      0.41      0.54      8263
           1       0.88      0.06      0.11      3968
           2       0.96      0.10      0.19      1050
           3       0.89      0.86      0.87     14541
           4       1.00      0.01      0.01      1763
           5       0.74      0.37      0.49      4392
           6       0.85      0.60      0.70     11089
           7       0.68      0.45      0.54     22288
           8       0.90      0.08      0.15      1971
           9       0.65      0.93      0.77     60017

   micro avg       0.70      0.70      0.70    129342
   macro avg       0.83      0.39      0.44    129342
weighted avg       0.73      0.70      0.67    129342
 samples avg       0.70      0.70      0.70    129342


[[ 3423     0     0     8     0    88    11   312     1  4420]
 [   14   225     0   211     0     5    85   606     0  2822]
 [   32     0   109     4     0     9    22    75     0   799]
 [   18     5     0 12529     0     6    21   670     0  1292]
 [    4     1     0    16    11     4     8    60     0  1659]
 [  151     0     0    54     0  1612    15   460     3  2097]
 [    4     8     3   196     0     3  6652   222     1  4000]
 [  197    12     2   663     0   191   137  9950     7 11129]
 [   15     0     0    70     0    27    16   336   156  1351]
 [  529     4     0   405     0   244   844  1987     5 55999]]

Results of Validation Set

--------------------
Accuracy: 0.6205640859117688, F1 Score: 0.3356420267477261, Precision: 0.6792954873967749, Recall: 0.3067917717107124

              precision    recall  f1-score   support

           0       0.56      0.26      0.36      2797
           1       0.55      0.02      0.04      1370
           2       0.83      0.04      0.08       371
           3       0.82      0.79      0.81      4733
           4       1.00      0.00      0.00       600
           5       0.53      0.24      0.33      1417
           6       0.71      0.47      0.56      3795
           7       0.53      0.34      0.41      7454
           8       0.64      0.02      0.05       665
           9       0.60      0.88      0.71     19912

   micro avg       0.62      0.62      0.62     43114
   macro avg       0.68      0.31      0.34     43114
weighted avg       0.62      0.62      0.58     43114
 samples avg       0.62      0.62      0.62     43114


[[  734     0     0     8     0    43     6   144     1  1861]
 [    3    31     1    99     0     2    45   208     1   980]
 [   18     0    15     5     0     6     9    26     0   292]
 [    8     2     0  3749     0     7    30   300     0   637]
 [    5     0     0     5     1     0     6    29     0   554]
 [   71     0     0    13     0   337     8   197     0   791]
 [   11     3     0    91     0     2  1768    91     0  1829]
 [  102    11     2   321     0    97    66  2517     4  4334]
 [    7     0     0    25     0    13     5   141    16   458]
 [  348     9     0   230     0   123   538  1074     3 17587]]

Results of Test Set

--------------------
Accuracy: 0.6185693742171916, F1 Score: 0.33054988465947327, Precision: 0.5639185761444676, Recall: 0.3026038630506297

              precision    recall  f1-score   support

           0       0.54      0.25      0.34      2795
           1       0.48      0.02      0.03      1321
           2       0.75      0.03      0.06       355
           3       0.83      0.80      0.81      4700
           4       0.00      0.00      0.00       585
           5       0.52      0.21      0.30      1504
           6       0.70      0.46      0.56      3669
           7       0.53      0.33      0.41      7506
           8       0.69      0.04      0.07       666
           9       0.60      0.88      0.71     20013

   micro avg       0.62      0.62      0.62     43114
   macro avg       0.56      0.30      0.33     43114
weighted avg       0.60      0.62      0.57     43114
 samples avg       0.62      0.62      0.62     43114


[[  704     0     0     8     0    61     5   154     0  1863]
 [    8    23     0    79     0     3    38   211     0   959]
 [   18     0    12     2     0     5     9    33     1   275]
 [   12     3     1  3753     0     1    22   326     0   582]
 [    1     0     0     6     0     2     5    28     0   543]
 [   73     2     0    19     0   322    10   174     1   903]
 [    2     3     0    74     0     3  1683   111     0  1793]
 [  112     9     0   347     0    91    53  2491     7  4396]
 [   12     0     0    22     0    12     4   133    25   458]
 [  355     8     3   227     0   125   559  1078     2 17656]]

