Title: Fully Connected - Words: 2000, Batch: 64, Epochs: 6, Outputs: 128

Results of Training Set

--------------------
Accuracy: 0.6947781849669867, F1 Score: 0.4214350302049599, Precision: 0.835889276127844, Recall: 0.3735621197330202

              precision    recall  f1-score   support

           0       0.72      0.45      0.56      8263
           1       0.90      0.05      0.10      3968
           2       0.92      0.08      0.15      1050
           3       0.90      0.84      0.87     14541
           4       1.00      0.01      0.01      1763
           5       0.76      0.34      0.47      4392
           6       0.89      0.54      0.67     11089
           7       0.67      0.43      0.53     22288
           8       0.94      0.05      0.09      1971
           9       0.65      0.94      0.77     60017

   micro avg       0.69      0.69      0.69    129342
   macro avg       0.84      0.37      0.42    129342
weighted avg       0.73      0.69      0.66    129342
 samples avg       0.69      0.69      0.69    129342


[[ 3753     1     0     5     0    72     3   292     0  4137]
 [   25   208     0   164     0     8    65   554     0  2944]
 [   53     0    85     2     0     9    16    77     0   808]
 [   33     3     0 12191     0    10    24   793     0  1487]
 [    4     0     0    14     9     4     6    52     0  1674]
 [  198     0     0    49     0  1507    10   488     0  2140]
 [    9     4     2   184     0     2  5998   221     0  4669]
 [  300     7     4   510     0   166   108  9691     4 11498]
 [   31     0     0    58     0    16    12   348    93  1413]
 [  798     7     1   313     0   201   491  1875     2 56329]]

Results of Validation Set

--------------------
Accuracy: 0.616922577353064, F1 Score: 0.32897827098054255, Precision: 0.5970434305580941, Recall: 0.299463869998766

              precision    recall  f1-score   support

           0       0.52      0.30      0.38      2797
           1       0.46      0.01      0.03      1370
           2       0.92      0.03      0.06       371
           3       0.84      0.77      0.80      4733
           4       0.00      0.00      0.00       600
           5       0.56      0.23      0.33      1417
           6       0.76      0.41      0.53      3795
           7       0.53      0.33      0.40      7454
           8       0.78      0.02      0.04       665
           9       0.59      0.89      0.71     19912

   micro avg       0.62      0.62      0.62     43114
   macro avg       0.60      0.30      0.33     43114
weighted avg       0.61      0.62      0.57     43114
 samples avg       0.62      0.62      0.62     43114


[[  830     0     0     6     0    44     5   134     0  1778]
 [    5    18     0    91     0     5    23   193     0  1035]
 [   30     0    12     1     0     5     5    26     0   292]
 [   10     3     0  3651     0     1    22   358     0   688]
 [    9     0     0     4     0     1     4    31     0   551]
 [   85     0     0    11     0   326     2   176     1   816]
 [   16     2     0    83     0     2  1563    66     0  2063]
 [  145    11     1   277     0    75    52  2435     2  4456]
 [   11     0     0    23     0     9     2   138    14   468]
 [  449     5     0   193     0   113   385  1017     1 17749]]

Results of Test Set

--------------------
Accuracy: 0.6192420095560607, F1 Score: 0.3294106970838506, Precision: 0.5892707612255712, Recall: 0.299396635944194

              precision    recall  f1-score   support

           0       0.52      0.30      0.38      2795
           1       0.42      0.02      0.03      1321
           2       0.73      0.03      0.06       355
           3       0.85      0.78      0.81      4700
           4       0.00      0.00      0.00       585
           5       0.54      0.20      0.30      1504
           6       0.74      0.41      0.53      3669
           7       0.53      0.33      0.41      7506
           8       0.96      0.03      0.06       666
           9       0.60      0.89      0.72     20013

   micro avg       0.62      0.62      0.62     43114
   macro avg       0.59      0.30      0.33     43114
weighted avg       0.61      0.62      0.57     43114
 samples avg       0.62      0.62      0.62     43114


[[  833     0     0     3     0    50     4   151     0  1754]
 [    8    20     0    68     0     6    32   198     0   989]
 [   26     0    11     3     0     3     7    35     0   270]
 [   16     7     1  3652     0     0    16   371     0   637]
 [    5     0     0     4     0     1     6    27     0   542]
 [   94     1     0    16     0   305     6   173     0   909]
 [    5     1     2    69     0     3  1513    99     0  1977]
 [  141    10     1   290     0    67    47  2500     0  4450]
 [   13     1     0    20     0    12     4   127    22   467]
 [  468     8     0   179     0   113   400  1002     1 17842]]

