Title: Fully Connected - Words: 1000, Batch: 64, Epochs: 2, Outputs: 64

Results of Training Set

--------------------
Accuracy: 0.6115183003200817, F1 Score: 0.2681982127682583, Precision: 0.4006117019298904, Recall: 0.25522902339655185

              precision    recall  f1-score   support

           0       0.59      0.10      0.17      8263
           1       0.00      0.00      0.00      3968
           2       0.00      0.00      0.00      1050
           3       0.84      0.79      0.81     14541
           4       0.00      0.00      0.00      1763
           5       0.66      0.04      0.08      4392
           6       0.76      0.43      0.55     11089
           7       0.58      0.27      0.37     22288
           8       0.00      0.00      0.00      1971
           9       0.57      0.93      0.71     60017

   micro avg       0.61      0.61      0.61    129342
   macro avg       0.40      0.26      0.27    129342
weighted avg       0.59      0.61      0.54    129342
 samples avg       0.61      0.61      0.61    129342


[[  807     0     0     9     0    15    14   209     0  7209]
 [    5     0     0   221     0     2    88   382     0  3270]
 [   17     0     0     6     0     2    21    55     0   949]
 [   10     0     0 11452     0     1    54   867     0  2157]
 [    1     0     0    19     0     0     7    51     0  1685]
 [   88     0     0    56     0   186    12   327     0  3723]
 [    4     0     0   227     0     0  4716   179     0  5963]
 [  108     0     0   947     0    30   133  5938     0 15132]
 [    7     0     0    67     0     4    11   309     0  1573]
 [  319     0     0   594     0    42  1150  1916     0 55996]]

Results of Validation Set

--------------------
Accuracy: 0.5991325323560792, F1 Score: 0.25878300979811913, Precision: 0.3822233459783046, Recall: 0.2478181552963395

              precision    recall  f1-score   support

           0       0.59      0.09      0.16      2797
           1       0.00      0.00      0.00      1370
           2       0.00      0.00      0.00       371
           3       0.82      0.77      0.79      4733
           4       0.00      0.00      0.00       600
           5       0.56      0.04      0.07      1417
           6       0.74      0.40      0.52      3795
           7       0.55      0.26      0.35      7454
           8       0.00      0.00      0.00       665
           9       0.57      0.93      0.70     19912

   micro avg       0.60      0.60      0.60     43114
   macro avg       0.38      0.25      0.26     43114
weighted avg       0.57      0.60      0.53     43114
 samples avg       0.60      0.60      0.60     43114


[[  257     0     0     5     0     7     2    71     0  2455]
 [    2     0     0    93     0     2    35   150     0  1088]
 [    3     0     0     5     0     0     7    12     0   344]
 [    3     0     0  3648     0     0    22   296     0   764]
 [    2     0     0     4     0     0     2    28     0   564]
 [   26     0     0    15     0    50     5   124     0  1197]
 [    4     0     0    89     0     0  1510    53     0  2139]
 [   41     0     0   345     0    12    42  1901     0  5113]
 [    2     0     0    24     0     5     3   105     0   526]
 [   94     0     0   228     0    14   425   686     0 18465]]

Results of Test Set

--------------------
Accuracy: 0.5976480957461613, F1 Score: 0.25592808846412424, Precision: 0.37404253916611274, Recall: 0.2457991579030107

              precision    recall  f1-score   support

           0       0.53      0.08      0.14      2795
           1       0.00      0.00      0.00      1321
           2       0.00      0.00      0.00       355
           3       0.82      0.77      0.80      4700
           4       0.00      0.00      0.00       585
           5       0.54      0.04      0.07      1504
           6       0.72      0.40      0.51      3669
           7       0.55      0.25      0.34      7506
           8       0.00      0.00      0.00       666
           9       0.57      0.93      0.70     20013

   micro avg       0.60      0.60      0.60     43114
   macro avg       0.37      0.25      0.26     43114
weighted avg       0.56      0.60      0.53     43114
 samples avg       0.60      0.60      0.60     43114


[[  224     0     0     5     0    11     4    79     0  2472]
 [    3     0     0    62     0     2    30   138     0  1086]
 [    3     0     0     4     0     1     7    13     0   327]
 [    3     0     0  3616     0     0    18   310     0   753]
 [    0     0     0     4     0     0     6    18     0   557]
 [   39     0     0    19     0    53    10   110     0  1273]
 [    1     0     0    72     0     0  1466    56     0  2074]
 [   34     0     0   367     0    13    42  1849     0  5201]
 [    3     0     0    19     0     2     3   106     0   533]
 [  109     0     0   218     0    16   441   670     0 18559]]

