Title: Fully Connected - Words: 2000, Batch: 128, Epochs: 6, Outputs: 128

Results of Training Set

--------------------
Accuracy: 0.6966337307293841, F1 Score: 0.4250562940522606, Precision: 0.8241095860982263, Recall: 0.3783401944064809

              precision    recall  f1-score   support

           0       0.76      0.38      0.51      8263
           1       0.89      0.07      0.12      3968
           2       0.93      0.08      0.15      1050
           3       0.88      0.86      0.87     14541
           4       1.00      0.00      0.00      1763
           5       0.74      0.34      0.47      4392
           6       0.82      0.61      0.70     11089
           7       0.67      0.45      0.54     22288
           8       0.90      0.06      0.12      1971
           9       0.65      0.93      0.77     60017

   micro avg       0.70      0.70      0.70    129342
   macro avg       0.82      0.38      0.43    129342
weighted avg       0.72      0.70      0.66    129342
 samples avg       0.70      0.70      0.70    129342


[[ 3122     1     1     8     0   100    20   308     1  4702]
 [   12   263     0   223     0    16   168   638     0  2648]
 [   28     1    88     6     0    10    27   114     0   776]
 [   20     5     0 12433     0    12    48   700     0  1323]
 [    6     0     0    24     3     4    17    73     0  1636]
 [  131     2     0    53     0  1511    24   530     3  2138]
 [    6     5     1   205     0     2  6778   230     1  3861]
 [  193    13     4   659     0   142   181 10035     6 11055]
 [   23     0     0    66     0    28    13   322   127  1392]
 [  559     7     1   405     0   212   958  2128     3 55744]]

Results of Validation Set

--------------------
Accuracy: 0.6202161710813193, F1 Score: 0.3334761622059776, Precision: 0.5751303530286755, Recall: 0.30548441984339303

              precision    recall  f1-score   support

           0       0.56      0.25      0.34      2797
           1       0.65      0.03      0.05      1370
           2       0.78      0.04      0.07       371
           3       0.83      0.79      0.81      4733
           4       0.00      0.00      0.00       600
           5       0.58      0.23      0.33      1417
           6       0.69      0.48      0.56      3795
           7       0.53      0.35      0.42      7454
           8       0.55      0.02      0.03       665
           9       0.60      0.88      0.71     19912

   micro avg       0.62      0.62      0.62     43114
   macro avg       0.58      0.31      0.33     43114
weighted avg       0.61      0.62      0.58     43114
 samples avg       0.62      0.62      0.62     43114


[[  690     0     1     6     0    47     7   141     1  1904]
 [    1    37     0    97     0     4    56   238     0   937]
 [    9     0    14     3     0     2     7    33     0   303]
 [   11     4     0  3744     0     2    40   321     0   611]
 [    5     0     0     4     0     1     7    37     0   546]
 [   58     1     0    18     0   326     9   200     2   803]
 [    9     1     0    87     0     1  1811    80     0  1806]
 [  106     5     1   321     0    64    91  2589     1  4276]
 [    4     0     0    26     0    16     6   126    12   475]
 [  349     9     2   230     0   101   602  1096     6 17517]]

Results of Test Set

--------------------
Accuracy: 0.6187317344714014, F1 Score: 0.3309735910749096, Precision: 0.5748484593610523, Recall: 0.3030551743510758

              precision    recall  f1-score   support

           0       0.54      0.24      0.34      2795
           1       0.55      0.02      0.05      1321
           2       0.68      0.04      0.07       355
           3       0.82      0.80      0.81      4700
           4       0.00      0.00      0.00       585
           5       0.51      0.20      0.28      1504
           6       0.68      0.48      0.56      3669
           7       0.53      0.33      0.41      7506
           8       0.82      0.04      0.08       666
           9       0.60      0.88      0.71     20013

   micro avg       0.62      0.62      0.62     43114
   macro avg       0.57      0.30      0.33     43114
weighted avg       0.61      0.62      0.57     43114
 samples avg       0.62      0.62      0.62     43114


[[  682     1     0    10     0    57    16   161     0  1868]
 [   11    31     0    80     0     3    47   220     0   929]
 [   14     0    13     3     0     4    11    41     0   269]
 [   10     7     0  3748     0     4    28   332     0   571]
 [    3     0     0     7     0     2     8    28     0   537]
 [   68     1     0    24     0   294    12   190     2   913]
 [    4     2     1    77     0     3  1749    99     0  1734]
 [  100     9     1   353     1    76    70  2509     2  4385]
 [    9     0     0    23     0    11     5   123    28   467]
 [  364     5     4   219     0   121   610  1066     2 17622]]

