Title: Fully Connected - Words: 2000, Batch: 32, Epochs: 6, Outputs: 256

Results of Training Set

--------------------
Accuracy: 0.7552457824991109, F1 Score: 0.5616886950308853, Precision: 0.8717361498506321, Recall: 0.4824830486893573

              precision    recall  f1-score   support

           0       0.83      0.61      0.70      8263
           1       0.88      0.20      0.33      3968
           2       0.96      0.28      0.43      1050
           3       0.94      0.88      0.91     14541
           4       0.99      0.09      0.16      1763
           5       0.84      0.41      0.55      4392
           6       0.91      0.67      0.77     11089
           7       0.76      0.53      0.63     22288
           8       0.91      0.21      0.34      1971
           9       0.70      0.95      0.81     60017

   micro avg       0.76      0.76      0.76    129342
   macro avg       0.87      0.48      0.56    129342
weighted avg       0.78      0.76      0.73    129342
 samples avg       0.76      0.76      0.76    129342


[[ 5033     0     0     2     0    45     5   228     1  2949]
 [   16   794     0    98     0     7    55   518     0  2480]
 [   26     1   292     1     0     4    12    83     0   631]
 [   20    28     0 12807     0     7    22   597     2  1058]
 [   10     4     0    13   153     4     8    70     0  1501]
 [  166     2     2    26     0  1806    13   449    11  1917]
 [    2    12     1   125     0     1  7400   188     0  3360]
 [  228    30     6   331     0    98   127 11892    15  9561]
 [   33     2     0    41     0    17    11   241   407  1219]
 [  551    32     3   230     1   151   490  1449     9 57101]]

Results of Validation Set

--------------------
Accuracy: 0.6231850443011551, F1 Score: 0.36034803157752043, Precision: 0.6143178092578081, Recall: 0.32143072066335515

              precision    recall  f1-score   support

           0       0.53      0.34      0.41      2797
           1       0.48      0.07      0.12      1370
           2       0.77      0.06      0.12       371
           3       0.85      0.78      0.81      4733
           4       0.50      0.01      0.01       600
           5       0.58      0.22      0.31      1417
           6       0.71      0.45      0.55      3795
           7       0.54      0.34      0.42      7454
           8       0.57      0.07      0.12       665
           9       0.60      0.88      0.72     19912

   micro avg       0.62      0.62      0.62     43114
   macro avg       0.61      0.32      0.36     43114
weighted avg       0.62      0.62      0.58     43114
 samples avg       0.62      0.62      0.62     43114


[[  952     2     1     5     1    37     5   143     1  1650]
 [    8    97     1    80     0     2    46   191     1   944]
 [   29     1    24     2     0     3     7    26     0   279]
 [   14    23     0  3682     0     3    31   333     3   644]
 [    9     0     0     3     4     0     4    30     0   550]
 [   85     1     0    15     0   306     5   182     6   817]
 [   18     9     1    80     1     1  1697    83     0  1905]
 [  175    38     1   257     1    69    75  2551    11  4276]
 [   11     0     0    17     0    13     5   107    46   466]
 [  491    30     3   207     1    95   523  1041    12 17509]]

Results of Test Set

--------------------
Accuracy: 0.624669480911073, F1 Score: 0.35463763536358806, Precision: 0.5616162322367131, Recall: 0.3175464849392056

              precision    recall  f1-score   support

           0       0.52      0.33      0.40      2795
           1       0.44      0.05      0.09      1321
           2       0.57      0.06      0.11       355
           3       0.86      0.79      0.82      4700
           4       0.20      0.00      0.00       585
           5       0.57      0.19      0.29      1504
           6       0.71      0.45      0.55      3669
           7       0.55      0.35      0.42      7506
           8       0.60      0.08      0.15       666
           9       0.61      0.88      0.72     20013

   micro avg       0.62      0.62      0.62     43114
   macro avg       0.56      0.32      0.35     43114
weighted avg       0.61      0.62      0.58     43114
 samples avg       0.62      0.62      0.62     43114


[[  914     0     1     3     0    39     7   145     2  1684]
 [   14    69     0    61     0     4    47   190     0   936]
 [   35     1    21     1     0     1    11    30     0   255]
 [   16    21     2  3691     0     3    31   329     3   604]
 [    8     2     0     3     1     1     9    28     0   533]
 [   89     1     0    20     0   291    12   189     5   897]
 [    9     9     2    66     0     1  1634   107     0  1841]
 [  170    25     3   254     2    66    65  2600    13  4308]
 [   12     2     0    22     0     8     5   111    55   451]
 [  498    26     8   191     2    96   495  1028    13 17656]]

