Title: Fully Connected - Words: 2000, Batch: 64, Epochs: 6, Outputs: 256

Results of Training Set

--------------------
Accuracy: 0.7600624700406674, F1 Score: 0.5392232598497121, Precision: 0.8663834538002337, Recall: 0.4752683701174556

              precision    recall  f1-score   support

           0       0.84      0.57      0.68      8263
           1       0.90      0.17      0.28      3968
           2       0.95      0.21      0.34      1050
           3       0.92      0.89      0.90     14541
           4       0.97      0.09      0.16      1763
           5       0.81      0.48      0.61      4392
           6       0.89      0.73      0.80     11089
           7       0.71      0.59      0.64     22288
           8       0.97      0.09      0.16      1971
           9       0.72      0.93      0.81     60017

   micro avg       0.76      0.76      0.76    129342
   macro avg       0.87      0.48      0.54    129342
weighted avg       0.78      0.76      0.74    129342
 samples avg       0.76      0.76      0.76    129342


[[ 4730     2     0     7     0    88    10   380     1  3045]
 [    9   666     0   140     0    20    95   778     0  2260]
 [   46     0   219     6     0     9    16   107     0   647]
 [   20    10     0 12917     0    12    26   666     0   890]
 [    7     5     0    17   152     3    12    80     0  1487]
 [  155     2     2    38     1  2126    17   509     2  1540]
 [    4     9     1   131     0     4  8125   252     0  2563]
 [  156    18     6   441     0   145   177 13163     2  8180]
 [   24     3     0    60     0    34    13   411   174  1252]
 [  471    22     3   315     4   194   686  2285     1 56036]]

Results of Validation Set

--------------------
Accuracy: 0.6251101730296423, F1 Score: 0.3588703296720769, Precision: 0.5912028131923738, Recall: 0.32754617429609456

              precision    recall  f1-score   support

           0       0.56      0.30      0.39      2797
           1       0.56      0.05      0.10      1370
           2       0.55      0.06      0.11       371
           3       0.83      0.80      0.81      4733
           4       0.33      0.01      0.01       600
           5       0.56      0.26      0.36      1417
           6       0.68      0.50      0.58      3795
           7       0.51      0.40      0.45      7454
           8       0.72      0.03      0.06       665
           9       0.62      0.85      0.71     19912

   micro avg       0.63      0.63      0.63     43114
   macro avg       0.59      0.33      0.36     43114
weighted avg       0.62      0.63      0.59     43114
 samples avg       0.63      0.63      0.63     43114


[[  852     0     4     5     0    50     6   209     1  1670]
 [    6    73     1    91     0     5    56   279     0   859]
 [   15     0    23     4     0     2    14    31     0   282]
 [    7    11     1  3776     0     6    36   332     0   564]
 [    7     0     0     5     4     1     6    53     0   524]
 [   75     1     1    17     0   375    10   224     1   713]
 [   15     4     3    91     0     2  1907   105     0  1668]
 [  124    21     1   311     1    81   102  3002     1  3810]
 [   10     1     1    26     0    16     9   150    21   431]
 [  418    19     7   247     7   135   669  1487     5 16918]]

Results of Test Set

--------------------
Accuracy: 0.6257596140464814, F1 Score: 0.35344642921121083, Precision: 0.5821034226754177, Recall: 0.324207692548575

              precision    recall  f1-score   support

           0       0.56      0.31      0.40      2795
           1       0.39      0.03      0.05      1321
           2       0.58      0.05      0.10       355
           3       0.83      0.80      0.81      4700
           4       0.31      0.01      0.02       585
           5       0.53      0.24      0.33      1504
           6       0.67      0.51      0.58      3669
           7       0.51      0.41      0.45      7506
           8       0.82      0.04      0.08       666
           9       0.62      0.85      0.72     20013

   micro avg       0.63      0.63      0.63     43114
   macro avg       0.58      0.32      0.35     43114
weighted avg       0.61      0.63      0.59     43114
 samples avg       0.63      0.63      0.63     43114


[[  879     0     0     7     0    63    11   230     0  1605]
 [    6    37     0    78     1     3    49   277     0   870]
 [   24     0    19     4     0     5    10    41     0   252]
 [   11     7     1  3746     0     4    40   375     0   516]
 [    5     1     0     5     5     2    13    43     0   511]
 [   81     5     0    19     0   358    12   219     1   809]
 [    4     6     0    72     0     2  1856   110     0  1619]
 [  130    12     3   327     5    82    78  3052     3  3814]
 [   12     1     0    22     0    11     4   162    27   427]
 [  418    25    10   228     5   143   703  1479     2 17000]]

