Title: Fully Connected - Words: 2000, Batch: 128, Epochs: 6, Outputs: 256

Results of Training Set

--------------------
Accuracy: 0.7487745666527501, F1 Score: 0.5275708596569111, Precision: 0.860380373049472, Recall: 0.4585930143744581

              precision    recall  f1-score   support

           0       0.84      0.54      0.66      8263
           1       0.89      0.17      0.28      3968
           2       0.93      0.21      0.34      1050
           3       0.93      0.88      0.90     14541
           4       0.98      0.05      0.10      1763
           5       0.79      0.42      0.55      4392
           6       0.89      0.69      0.78     11089
           7       0.73      0.55      0.62     22288
           8       0.93      0.14      0.24      1971
           9       0.70      0.95      0.80     60017

   micro avg       0.75      0.75      0.75    129342
   macro avg       0.86      0.46      0.53    129342
weighted avg       0.77      0.75      0.73    129342
 samples avg       0.75      0.75      0.75    129342


[[ 4499     3     1     7     0    84     6   355     0  3308]
 [   11   662     0   115     1    15   108   517     0  2539]
 [   36     0   220     4     0     7    19   109     1   654]
 [   18    12     0 12746     0     9    30   649     0  1077]
 [    9     8     1    11    91    10    17    97     0  1519]
 [  148     2     1    31     0  1839    10   450     2  1909]
 [    7    13     1   129     0     2  7632   225     1  3079]
 [  213    22     9   365     0   154   153 12150    12  9210]
 [   23     2     0    51     0    26    20   286   275  1288]
 [  418    16     4   227     1   192   576  1845     4 56734]]

Results of Validation Set

--------------------
Accuracy: 0.6247158695551329, F1 Score: 0.35539431715012426, Precision: 0.6062719499243256, Recall: 0.3210889534463166

              precision    recall  f1-score   support

           0       0.55      0.29      0.38      2797
           1       0.48      0.05      0.09      1370
           2       0.62      0.07      0.13       371
           3       0.84      0.78      0.81      4733
           4       0.67      0.00      0.01       600
           5       0.59      0.25      0.36      1417
           6       0.70      0.48      0.57      3795
           7       0.52      0.37      0.43      7454
           8       0.49      0.03      0.06       665
           9       0.61      0.87      0.72     19912

   micro avg       0.62      0.62      0.62     43114
   macro avg       0.61      0.32      0.36     43114
weighted avg       0.62      0.62      0.59     43114
 samples avg       0.62      0.62      0.62     43114


[[  824     1     2     8     0    37     5   188     0  1732]
 [    4    70     1    84     0     2    54   242     1   912]
 [   18     0    26     1     0     3     9    34     0   280]
 [   11    15     1  3701     0     6    39   356     3   601]
 [    5     1     0     5     2     0     7    41     0   539]
 [   84     1     1    16     0   361     5   182     6   761]
 [   10     6     0    85     0     1  1839   101     0  1753]
 [  129    25     2   265     0    80    80  2757     5  4111]
 [   10     2     0    21     0    12     7   131    20   462]
 [  397    26     9   207     1   110   601  1221     6 17334]]

Results of Test Set

--------------------
Accuracy: 0.6236721250637843, F1 Score: 0.3480847185487471, Precision: 0.5768726975495476, Recall: 0.3160004734671317

              precision    recall  f1-score   support

           0       0.53      0.29      0.37      2795
           1       0.44      0.04      0.08      1321
           2       0.54      0.05      0.10       355
           3       0.85      0.79      0.82      4700
           4       0.50      0.00      0.01       585
           5       0.53      0.22      0.31      1504
           6       0.69      0.49      0.57      3669
           7       0.52      0.37      0.43      7506
           8       0.56      0.05      0.09       666
           9       0.61      0.87      0.72     20013

   micro avg       0.62      0.62      0.62     43114
   macro avg       0.58      0.32      0.35     43114
weighted avg       0.61      0.62      0.58     43114
 samples avg       0.62      0.62      0.62     43114


[[  797     0     1     7     0    59    11   187     1  1732]
 [    6    55     1    69     0     4    45   226     0   915]
 [   19     1    19     4     0     3    10    40     0   259]
 [   16    15     1  3704     0     4    36   361     2   561]
 [    6     0     0     5     2     3     7    33     0   529]
 [   82     1     1    19     0   331    11   202     2   855]
 [    3     8     1    71     0     5  1782   110     0  1689]
 [  140    23     2   292     0    87    73  2740     9  4140]
 [    9     2     0    18     0    13     5   134    31   454]
 [  416    21     9   194     2   121   609  1203    10 17428]]

