Title: Fully Connected - Words: 2000, Batch: 32, Epochs: 6, Outputs: 512

Results of Training Set

--------------------
Accuracy: 0.8475437212970265, F1 Score: 0.7430138828818007, Precision: 0.9196323727774137, Recall: 0.6578094674743131

              precision    recall  f1-score   support

           0       0.89      0.77      0.83      8263
           1       0.94      0.49      0.65      3968
           2       0.98      0.45      0.62      1050
           3       0.96      0.94      0.95     14541
           4       0.99      0.38      0.55      1763
           5       0.88      0.63      0.73      4392
           6       0.95      0.84      0.89     11089
           7       0.84      0.71      0.77     22288
           8       0.96      0.40      0.57      1971
           9       0.80      0.96      0.87     60017

   micro avg       0.85      0.85      0.85    129342
   macro avg       0.92      0.66      0.74    129342
weighted avg       0.86      0.85      0.84    129342
 samples avg       0.85      0.85      0.85    129342


[[ 6360     4     1     4     0    43     6   151     0  1694]
 [   12  1953     0    87     1    11    53   395     1  1455]
 [   30     2   473     3     1    11    17    89     0   424]
 [   17    12     1 13619     1    11    24   297     0   559]
 [    7    10     0    10   678     3     7    63     0   985]
 [  143     5     1    22     1  2754    13   313    12  1128]
 [    5    15     1    46     0     0  9328   162     2  1530]
 [  181    35     2   212     2   111    84 15851     5  5805]
 [   21     4     0    48     0    26    11   187   792   882]
 [  339    43     5   138     2   154   257  1252    12 57815]]

Results of Validation Set

--------------------
Accuracy: 0.6250637843855824, F1 Score: 0.38274619846481184, Precision: 0.5856713602816774, Recall: 0.34317111959435775

              precision    recall  f1-score   support

           0       0.53      0.35      0.42      2797
           1       0.48      0.10      0.17      1370
           2       0.71      0.09      0.16       371
           3       0.83      0.79      0.81      4733
           4       0.43      0.02      0.04       600
           5       0.55      0.27      0.37      1417
           6       0.67      0.49      0.57      3795
           7       0.53      0.38      0.44      7454
           8       0.52      0.08      0.14       665
           9       0.62      0.85      0.71     19912

   micro avg       0.63      0.63      0.63     43114
   macro avg       0.59      0.34      0.38     43114
weighted avg       0.61      0.63      0.59     43114
 samples avg       0.63      0.63      0.63     43114


[[  977     5     1    11     2    56     7   172     0  1566]
 [    6   142     0    94     1     2    55   216     1   853]
 [   23     1    34     5     0     3     9    35     0   261]
 [   21    24     1  3759     1     6    40   316     5   560]
 [   11     1     0     5    12     2     7    54     0   508]
 [   87     2     1    18     1   389    14   204     6   695]
 [   17     8     3    81     1     2  1864   100     1  1718]
 [  177    41     3   308     7    87    92  2826    16  3897]
 [   12     1     0    29     0    22    11   113    53   424]
 [  524    71     5   238     3   140   681  1338    19 16893]]

Results of Test Set

--------------------
Accuracy: 0.624646286589043, F1 Score: 0.37432022218355376, Precision: 0.5554502295754062, Recall: 0.3383325476343841

              precision    recall  f1-score   support

           0       0.52      0.35      0.42      2795
           1       0.38      0.08      0.13      1321
           2       0.58      0.07      0.13       355
           3       0.83      0.80      0.81      4700
           4       0.39      0.02      0.04       585
           5       0.54      0.25      0.35      1504
           6       0.66      0.50      0.57      3669
           7       0.52      0.37      0.44      7506
           8       0.51      0.09      0.15       666
           9       0.62      0.85      0.72     20013

   micro avg       0.62      0.62      0.62     43114
   macro avg       0.56      0.34      0.37     43114
weighted avg       0.61      0.62      0.59     43114
 samples avg       0.62      0.62      0.62     43114


[[  971     2     0     9     1    51    14   167     4  1576]
 [   12   101     1    81     1     3    64   230     0   828]
 [   30     2    26     5     0     3     9    34     0   246]
 [   17    23     1  3762     0     4    38   319     3   533]
 [   12     5     0     5    12     2    10    39     0   500]
 [  100     6     0    28     1   383    13   183    12   778]
 [    6    17     2    71     2     3  1845   137     0  1586]
 [  198    46     3   332     7    95    73  2812    13  3927]
 [   16     2     0    25     0    11     7   114    57   434]
 [  504    59    12   232     7   152   720  1343    22 16962]]

