Title: Fully Connected - Words: 2000, Batch: 64, Epochs: 6, Outputs: 512

Results of Training Set

--------------------
Accuracy: 0.8487266317205548, F1 Score: 0.7238869538252207, Precision: 0.9106876137420568, Recall: 0.644081971700919

              precision    recall  f1-score   support

           0       0.88      0.77      0.82      8263
           1       0.93      0.43      0.59      3968
           2       0.95      0.45      0.61      1050
           3       0.95      0.93      0.94     14541
           4       0.99      0.27      0.43      1763
           5       0.86      0.63      0.73      4392
           6       0.94      0.83      0.88     11089
           7       0.81      0.78      0.79     22288
           8       0.96      0.40      0.56      1971
           9       0.82      0.95      0.88     60017

   micro avg       0.85      0.85      0.85    129342
   macro avg       0.91      0.64      0.72    129342
weighted avg       0.86      0.85      0.84    129342
 samples avg       0.85      0.85      0.85    129342


[[ 6381     3     3     4     0    61     8   279     1  1523]
 [   12  1704     0    84     0    16    81   486     0  1585]
 [   29     0   475     3     0     8    11   104     0   420]
 [   17    17     0 13476     0    10    24   473     1   523]
 [   15     4     1     8   479     6    11   103     0  1136]
 [  138     3     3    20     1  2774     7   452    11   983]
 [   11    12     1    92     1     1  9209   240     1  1521]
 [  194    27     6   212     1   110    90 17293     8  4347]
 [   32     4     1    31     0    40     8   293   783   779]
 [  410    52     8   199     1   181   318  1634    12 57202]]

Results of Validation Set

--------------------
Accuracy: 0.6258291970125713, F1 Score: 0.3844865086058249, Precision: 0.5808686486214317, Recall: 0.34820825537867484

              precision    recall  f1-score   support

           0       0.52      0.37      0.43      2797
           1       0.47      0.10      0.16      1370
           2       0.55      0.08      0.14       371
           3       0.83      0.80      0.81      4733
           4       0.53      0.01      0.03       600
           5       0.56      0.29      0.38      1417
           6       0.67      0.49      0.57      3795
           7       0.50      0.44      0.47      7454
           8       0.55      0.08      0.15       665
           9       0.63      0.82      0.71     19912

   micro avg       0.63      0.63      0.63     43114
   macro avg       0.58      0.35      0.38     43114
weighted avg       0.61      0.63      0.60     43114
 samples avg       0.63      0.63      0.63     43114


[[ 1021     2     3     7     0    55    12   242     2  1453]
 [    3   133     1    96     0     6    67   257     1   806]
 [   21     2    30     3     0     3     7    45     0   260]
 [   13    26     0  3777     2    11    31   342     4   527]
 [   11     0     0     2     8     1     6    59     0   513]
 [  106     2     3    15     0   409     9   231     6   636]
 [   15    12     1    83     0     2  1878   137     3  1664]
 [  195    44     3   284     0    84    97  3243    10  3494]
 [   12     0     0    27     0    20     6   159    56   385]
 [  576    61    14   245     5   144   710  1711    19 16427]]

Results of Test Set

--------------------
Accuracy: 0.6258987799786612, F1 Score: 0.3748837515814529, Precision: 0.5289573021279627, Recall: 0.34255076193598594

              precision    recall  f1-score   support

           0       0.50      0.36      0.42      2795
           1       0.40      0.07      0.11      1321
           2       0.46      0.08      0.13       355
           3       0.83      0.80      0.82      4700
           4       0.28      0.01      0.02       585
           5       0.52      0.27      0.35      1504
           6       0.67      0.50      0.57      3669
           7       0.50      0.43      0.47      7506
           8       0.50      0.08      0.14       666
           9       0.63      0.83      0.72     20013

   micro avg       0.63      0.63      0.63     43114
   macro avg       0.53      0.34      0.37     43114
weighted avg       0.61      0.63      0.60     43114
 samples avg       0.63      0.63      0.63     43114


[[ 1014     2     5    10     0    67    11   277     0  1409]
 [   12    88     0    86     1    11    45   250     1   827]
 [   28     0    27     4     0     4    13    45     0   234]
 [   19    14     1  3758     0     4    33   391     3   477]
 [   11     2     0     7     5     3     7    55     0   495]
 [  111     4     2    19     2   400    11   245    10   700]
 [   11    18     1    76     0     5  1840   150     1  1567]
 [  205    37     4   294     4    95    89  3257    16  3505]
 [   15     2     0    22     0    17     6   147    56   401]
 [  601    53    19   244     6   159   692  1673    26 16540]]

