Title: Fully Connected - Words: 2000, Batch: 128, Epochs: 6, Outputs: 512

Results of Training Set

--------------------
Accuracy: 0.8214733033353435, F1 Score: 0.6609612467003497, Precision: 0.910354168556321, Recall: 0.5750978088320693

              precision    recall  f1-score   support

           0       0.89      0.69      0.78      8263
           1       0.93      0.37      0.53      3968
           2       0.96      0.34      0.51      1050
           3       0.95      0.92      0.94     14541
           4       0.99      0.19      0.32      1763
           5       0.88      0.53      0.66      4392
           6       0.95      0.78      0.86     11089
           7       0.83      0.69      0.75     22288
           8       0.95      0.26      0.41      1971
           9       0.77      0.97      0.86     60017

   micro avg       0.82      0.82      0.82    129342
   macro avg       0.91      0.58      0.66    129342
weighted avg       0.84      0.82      0.81    129342
 samples avg       0.82      0.82      0.82    129342


[[ 5731     1     0     5     0    54     6   205     1  2260]
 [   15  1461     2    80     0    12    80   432     2  1884]
 [   26     0   362     3     0     5    13   106     0   535]
 [   10    23     0 13381     0    10    19   340     0   758]
 [    3     8     1    14   331     2     9   101     0  1294]
 [  113     1     1    22     0  2326    11   427     7  1484]
 [    4    21     1    60     0     3  8694   239     0  2067]
 [  183    30     5   240     1    88    95 15433     7  6206]
 [   33     1     0    44     0    23    10   234   520  1106]
 [  306    33     4   192     1   131   210  1120     8 58012]]

Results of Validation Set

--------------------
Accuracy: 0.6272208563343693, F1 Score: 0.3708611219044419, Precision: 0.633905461248531, Recall: 0.332323865076605

              precision    recall  f1-score   support

           0       0.54      0.32      0.40      2797
           1       0.55      0.09      0.15      1370
           2       0.64      0.08      0.14       371
           3       0.83      0.80      0.82      4733
           4       0.78      0.01      0.02       600
           5       0.59      0.25      0.35      1417
           6       0.70      0.47      0.56      3795
           7       0.53      0.38      0.45      7454
           8       0.57      0.05      0.10       665
           9       0.61      0.86      0.72     19912

   micro avg       0.63      0.63      0.63     43114
   macro avg       0.63      0.33      0.37     43114
weighted avg       0.62      0.63      0.59     43114
 samples avg       0.63      0.63      0.63     43114


[[  899     1     1     7     0    47     6   180     2  1654]
 [    2   122     1    91     0     4    42   228     0   880]
 [   23     3    29     5     0     5    10    34     0   262]
 [   12    13     0  3789     0     8    39   290     1   581]
 [   11     0     0     4     7     1     8    42     0   527]
 [   77     2     0    15     0   356     7   217     6   737]
 [   13    10     1    85     0     2  1790   109     1  1784]
 [  153    23     3   305     0    73    75  2862     5  3955]
 [   11     1     0    25     0    15     4   121    36   452]
 [  466    47    10   236     2    97   592  1298    12 17152]]

Results of Test Set

--------------------
Accuracy: 0.627499188198729, F1 Score: 0.36277703049922766, Precision: 0.5973835643412151, Recall: 0.327163955716023

              precision    recall  f1-score   support

           0       0.54      0.33      0.41      2795
           1       0.46      0.06      0.10      1321
           2       0.64      0.08      0.14       355
           3       0.84      0.80      0.82      4700
           4       0.58      0.01      0.02       585
           5       0.56      0.22      0.31      1504
           6       0.69      0.47      0.56      3669
           7       0.53      0.38      0.44      7506
           8       0.53      0.06      0.10       666
           9       0.62      0.86      0.72     20013

   micro avg       0.63      0.63      0.63     43114
   macro avg       0.60      0.33      0.36     43114
weighted avg       0.62      0.63      0.59     43114
 samples avg       0.63      0.63      0.63     43114


[[  918     2     1     7     0    41    12   179     0  1635]
 [    9    78     0    75     0     3    57   227     0   872]
 [   21     0    27     4     0     4     9    45     0   245]
 [   15    11     1  3780     0     5    30   299     2   557]
 [    7     1     1     7     7     2     9    43     0   508]
 [  105     4     0    21     0   325     9   219     7   814]
 [    9    10     1    69     0     1  1740   133     0  1706]
 [  151    27     4   319     2    75    75  2877    12  3964]
 [   12     3     0    22     0     9     6   126    37   451]
 [  464    35     7   222     3   117   576  1312    12 17265]]

