Title: Fully Connected - Words: 2000, Batch: 32, Epochs: 7, Outputs: 10

Results of Training Set

--------------------
Accuracy: 0.6054877765922902, F1 Score: 0.24008919985087135, Precision: 0.34667760110941914, Recall: 0.2378722339428184

              precision    recall  f1-score   support

           0       0.61      0.01      0.03      8263
           1       0.00      0.00      0.00      3968
           2       0.00      0.00      0.00      1050
           3       0.85      0.81      0.83     14541
           4       0.00      0.00      0.00      1763
           5       0.00      0.00      0.00      4392
           6       0.80      0.39      0.52     11089
           7       0.65      0.21      0.31     22288
           8       0.00      0.00      0.00      1971
           9       0.56      0.96      0.71     60017

   micro avg       0.61      0.61      0.61    129342
   macro avg       0.35      0.24      0.24    129342
weighted avg       0.57      0.61      0.52    129342
 samples avg       0.61      0.61      0.61    129342


[[  115     0     0     4     0     0     1    48     0  8095]
 [    1     0     0   239     0     0    52   286     0  3390]
 [    3     0     0     5     0     0    12    23     0  1007]
 [    3     0     0 11784     0     0    36   560     0  2158]
 [    1     0     0    22     0     0     5    24     0  1711]
 [   11     0     0    58     0     0     7   215     0  4101]
 [    0     0     0   214     0     0  4328    97     0  6450]
 [    5     0     0   931     0     0    79  4595     0 16678]
 [    0     0     0    68     0     0     7   187     0  1709]
 [   50     0     0   540     0     0   872  1062     0 57493]]

Results of Validation Set

--------------------
Accuracy: 0.5895996660017627, F1 Score: 0.23028172136458389, Precision: 0.33527375176832735, Recall: 0.22949323231989446

              precision    recall  f1-score   support

           0       0.63      0.02      0.04      2797
           1       0.00      0.00      0.00      1370
           2       0.00      0.00      0.00       371
           3       0.82      0.78      0.80      4733
           4       0.00      0.00      0.00       600
           5       0.00      0.00      0.00      1417
           6       0.75      0.36      0.49      3795
           7       0.60      0.19      0.28      7454
           8       0.00      0.00      0.00       665
           9       0.55      0.95      0.70     19912

   micro avg       0.59      0.59      0.59     43114
   macro avg       0.34      0.23      0.23     43114
weighted avg       0.55      0.59      0.50     43114
 samples avg       0.59      0.59      0.59     43114


[[   52     0     0     3     0     0     1    27     0  2714]
 [    0     0     0   102     0     0    24   100     0  1144]
 [    1     0     0     4     0     0     7    10     0   349]
 [    1     0     0  3673     0     0    33   203     0   823]
 [    0     0     0     4     0     0     1    11     0   584]
 [    4     0     0    17     0     0     1    81     0  1314]
 [    1     0     0    87     0     0  1382    33     0  2292]
 [    4     0     0   358     0     0    30  1382     0  5680]
 [    0     0     0    26     0     0     2    78     0   559]
 [   19     0     0   228     0     0   357   377     0 18931]]

Results of Test Set

--------------------
Accuracy: 0.5919654868488194, F1 Score: 0.23118503662532114, Precision: 0.3301563632216463, Recall: 0.23071787835310725

              precision    recall  f1-score   support

           0       0.56      0.01      0.03      2795
           1       0.00      0.00      0.00      1321
           2       0.00      0.00      0.00       355
           3       0.82      0.78      0.80      4700
           4       0.00      0.00      0.00       585
           5       0.00      0.00      0.00      1504
           6       0.76      0.37      0.50      3669
           7       0.61      0.18      0.28      7506
           8       0.00      0.00      0.00       666
           9       0.55      0.95      0.70     20013

   micro avg       0.59      0.59      0.59     43114
   macro avg       0.33      0.23      0.23     43114
weighted avg       0.55      0.59      0.51     43114
 samples avg       0.59      0.59      0.59     43114


[[   37     0     0     3     0     0     2    28     0  2725]
 [    0     0     0    76     0     0    19    97     0  1129]
 [    0     0     0     4     0     0     6     9     0   336]
 [    0     0     0  3688     0     0    18   202     0   792]
 [    0     0     0     5     0     0     5    14     0   561]
 [    4     0     0    21     0     0     6    66     0  1407]
 [    0     0     0    76     0     0  1369    34     0  2190]
 [    3     0     0   365     0     0    26  1386     0  5726]
 [    0     0     0    19     0     0     3    70     0   574]
 [   22     0     0   218     0     0   352   379     0 19042]]

