Title: Fully Connected - Words: 2000, Batch: 64, Epochs: 7, Outputs: 10

Results of Training Set

--------------------
Accuracy: 0.5963801394751898, F1 Score: 0.2286417150700847, Precision: 0.40149840846102813, Recall: 0.22611212199555636

              precision    recall  f1-score   support

           0       0.54      0.02      0.03      8263
           1       0.00      0.00      0.00      3968
           2       0.00      0.00      0.00      1050
           3       0.86      0.79      0.83     14541
           4       0.00      0.00      0.00      1763
           5       0.59      0.01      0.01      4392
           6       0.82      0.30      0.44     11089
           7       0.66      0.18      0.28     22288
           8       0.00      0.00      0.00      1971
           9       0.55      0.97      0.70     60017

   micro avg       0.60      0.60      0.60    129342
   macro avg       0.40      0.23      0.23    129342
weighted avg       0.59      0.60      0.51    129342
 samples avg       0.60      0.60      0.60    129342


[[  130     0     0     3     0     1     1    51     0  8077]
 [    1     0     0   221     0     0    21   231     0  3494]
 [    3     0     0     5     0     0     7    19     0  1016]
 [    3     0     0 11551     0     0    32   529     0  2426]
 [    0     0     0    15     0     0     4    21     0  1723]
 [   42     0     0    57     0    23     3   215     0  4052]
 [    0     0     0   205     0     0  3331    76     0  7477]
 [   12     0     0   871     0     6    49  3923     0 17427]
 [    2     0     0    62     0     2    10   179     0  1716]
 [   48     0     0   444     0     7   617   722     0 58179]]

Results of Validation Set

--------------------
Accuracy: 0.5828269239690124, F1 Score: 0.22044640693464598, Precision: 0.3768700939513342, Recall: 0.21951682910177112

              precision    recall  f1-score   support

           0       0.56      0.02      0.03      2797
           1       0.00      0.00      0.00      1370
           2       0.00      0.00      0.00       371
           3       0.83      0.76      0.79      4733
           4       0.00      0.00      0.00       600
           5       0.44      0.00      0.01      1417
           6       0.79      0.29      0.42      3795
           7       0.60      0.16      0.25      7454
           8       0.00      0.00      0.00       665
           9       0.54      0.96      0.69     19912

   micro avg       0.58      0.58      0.58     43114
   macro avg       0.38      0.22      0.22     43114
weighted avg       0.57      0.58      0.49     43114
 samples avg       0.58      0.58      0.58     43114


[[   48     0     0     4     0     1     1    17     0  2726]
 [    0     0     0    92     0     0    15    80     0  1183]
 [    0     0     0     1     0     0     2     7     0   361]
 [    0     0     0  3611     0     0    15   213     0   894]
 [    0     0     0     3     0     0     0     9     0   588]
 [   12     0     0    14     0     4     0    82     0  1305]
 [    0     0     0    72     0     0  1102    27     0  2594]
 [    4     0     0   335     0     2    18  1182     0  5913]
 [    2     0     0    24     0     0     1    74     0   564]
 [   20     0     0   196     0     2   237   276     0 19181]]

Results of Test Set

--------------------
Accuracy: 0.5836155309180313, F1 Score: 0.22001349596528436, Precision: 0.3855668067621413, Recall: 0.21935262214770263

              precision    recall  f1-score   support

           0       0.56      0.02      0.03      2795
           1       0.00      0.00      0.00      1321
           2       0.00      0.00      0.00       355
           3       0.84      0.77      0.80      4700
           4       0.00      0.00      0.00       585
           5       0.53      0.01      0.01      1504
           6       0.79      0.29      0.42      3669
           7       0.59      0.15      0.24      7506
           8       0.00      0.00      0.00       666
           9       0.54      0.96      0.70     20013

   micro avg       0.58      0.58      0.58     43114
   macro avg       0.39      0.22      0.22     43114
weighted avg       0.57      0.58      0.49     43114
 samples avg       0.58      0.58      0.58     43114


[[   42     0     0     4     0     1     1    24     0  2723]
 [    0     0     0    67     0     0    11    78     0  1165]
 [    1     0     0     3     0     0     4     8     0   339]
 [    0     0     0  3622     0     1    15   219     0   843]
 [    0     0     0     4     0     0     2     9     0   570]
 [   13     0     0    19     0     8     5    62     0  1397]
 [    0     0     0    68     0     0  1046    29     0  2526]
 [    5     0     0   346     0     2    17  1152     0  5984]
 [    1     0     0    20     0     1     3    57     0   584]
 [   13     0     0   183     0     2   224   299     0 19292]]

