Title: Fully Connected - Words: 2000, Batch: 128, Epochs: 7, Outputs: 10

Results of Training Set

--------------------
Accuracy: 0.5970682376954122, F1 Score: 0.22914595627467946, Precision: 0.3481143113455125, Recall: 0.22547338211846069

              precision    recall  f1-score   support

           0       0.63      0.01      0.01      8263
           1       0.00      0.00      0.00      3968
           2       0.00      0.00      0.00      1050
           3       0.87      0.77      0.82     14541
           4       0.00      0.00      0.00      1763
           5       0.00      0.00      0.00      4392
           6       0.82      0.30      0.44     11089
           7       0.60      0.22      0.32     22288
           8       0.00      0.00      0.00      1971
           9       0.55      0.96      0.70     60017

   micro avg       0.60      0.60      0.60    129342
   macro avg       0.35      0.23      0.23    129342
weighted avg       0.57      0.60      0.51    129342
 samples avg       0.60      0.60      0.60    129342


[[   51     0     0     3     0     0     0    49     0  8160]
 [    0     0     0   176     0     0    24   349     0  3419]
 [    0     0     0     3     0     0     7    29     0  1011]
 [    3     0     0 11168     0     0    26   994     0  2350]
 [    0     0     0    13     0     0     4    29     0  1717]
 [    0     0     0    46     0     0     4   242     0  4100]
 [    0     0     0   193     0     0  3321   111     0  7464]
 [    4     0     0   730     0     0    57  4842     0 16655]
 [    0     0     0    54     0     0     5   253     0  1659]
 [   23     0     0   406     0     0   586  1158     0 57844]]

Results of Validation Set

--------------------
Accuracy: 0.5853551050702788, F1 Score: 0.22238889654851962, Precision: 0.3399417462807083, Recall: 0.2200009624649571

              precision    recall  f1-score   support

           0       0.64      0.01      0.01      2797
           1       0.00      0.00      0.00      1370
           2       0.00      0.00      0.00       371
           3       0.85      0.75      0.80      4733
           4       0.00      0.00      0.00       600
           5       0.00      0.00      0.00      1417
           6       0.79      0.29      0.42      3795
           7       0.57      0.20      0.30      7454
           8       0.00      0.00      0.00       665
           9       0.55      0.96      0.70     19912

   micro avg       0.59      0.59      0.59     43114
   macro avg       0.34      0.22      0.22     43114
weighted avg       0.56      0.59      0.50     43114
 samples avg       0.59      0.59      0.59     43114


[[   18     0     0     3     0     0     1    25     0  2750]
 [    0     0     0    79     0     0    15   130     0  1146]
 [    0     0     0     1     0     0     2     9     0   359]
 [    0     0     0  3529     0     0    14   333     0   857]
 [    0     0     0     4     0     0     0    12     0   584]
 [    0     0     0    10     0     0     0    97     0  1310]
 [    0     0     0    69     0     0  1087    37     0  2602]
 [    1     0     0   269     0     0    18  1511     0  5655]
 [    0     0     0    20     0     0     1    91     0   553]
 [    9     0     0   155     0     0   239   417     0 19092]]

Results of Test Set

--------------------
Accuracy: 0.5878137032054553, F1 Score: 0.22354085833674633, Precision: 0.34192384870219267, Recall: 0.2207853575445642

              precision    recall  f1-score   support

           0       0.65      0.01      0.02      2795
           1       0.00      0.00      0.00      1321
           2       0.00      0.00      0.00       355
           3       0.86      0.75      0.80      4700
           4       0.00      0.00      0.00       585
           5       0.00      0.00      0.00      1504
           6       0.79      0.28      0.42      3669
           7       0.57      0.20      0.30      7506
           8       0.00      0.00      0.00       666
           9       0.55      0.96      0.70     20013

   micro avg       0.59      0.59      0.59     43114
   macro avg       0.34      0.22      0.22     43114
weighted avg       0.56      0.59      0.50     43114
 samples avg       0.59      0.59      0.59     43114


[[   22     0     0     2     0     0     1    31     0  2739]
 [    0     0     0    53     0     0    13   129     0  1126]
 [    0     0     0     3     0     0     3     6     0   343]
 [    0     0     0  3529     0     0    18   344     0   809]
 [    0     0     0     3     0     0     2    13     0   567]
 [    1     0     0    16     0     0     3    70     0  1414]
 [    0     0     0    59     0     0  1045    38     0  2527]
 [    1     0     0   282     0     0    19  1533     0  5671]
 [    0     0     0    16     0     0     1    85     0   564]
 [   10     0     0   149     0     0   216   424     0 19214]]

