Title: Fully Connected - Words: 1000, Batch: 128, Epochs: 2, Outputs: 64

Results of Training Set

--------------------
Accuracy: 0.6047146325246247, F1 Score: 0.25207990186272317, Precision: 0.39784272819276334, Recall: 0.2450593656575883

              precision    recall  f1-score   support

           0       0.63      0.04      0.07      8263
           1       0.00      0.00      0.00      3968
           2       0.00      0.00      0.00      1050
           3       0.86      0.76      0.81     14541
           4       0.00      0.00      0.00      1763
           5       0.60      0.03      0.05      4392
           6       0.73      0.46      0.57     11089
           7       0.60      0.22      0.32     22288
           8       0.00      0.00      0.00      1971
           9       0.56      0.95      0.71     60017

   micro avg       0.60      0.60      0.60    129342
   macro avg       0.40      0.25      0.25    129342
weighted avg       0.58      0.60      0.53    129342
 samples avg       0.60      0.60      0.60    129342


[[  324     0     0     8     0    22    23   117     0  7769]
 [    5     0     0   183     0     1   104   313     0  3362]
 [    9     0     0     6     0     2    29    43     0   961]
 [    5     0     0 11084     0     0    69   899     0  2484]
 [    0     0     0    15     0     0    13    35     0  1700]
 [   34     0     0    50     0   110    12   263     0  3923]
 [    1     0     0   220     0     0  5123   111     0  5634]
 [   23     0     0   753     0    21   208  4827     0 16456]
 [    3     0     0    60     0     2    23   260     0  1623]
 [  110     0     0   456     0    26  1435  1243     0 56747]]

Results of Validation Set

--------------------
Accuracy: 0.5930556199842278, F1 Score: 0.24415733119802835, Precision: 0.36697971351807757, Recall: 0.23859882719024741

              precision    recall  f1-score   support

           0       0.60      0.03      0.06      2797
           1       0.00      0.00      0.00      1370
           2       0.00      0.00      0.00       371
           3       0.85      0.75      0.80      4733
           4       0.00      0.00      0.00       600
           5       0.39      0.02      0.04      1417
           6       0.71      0.44      0.54      3795
           7       0.56      0.21      0.30      7454
           8       0.00      0.00      0.00       665
           9       0.56      0.94      0.70     19912

   micro avg       0.59      0.59      0.59     43114
   macro avg       0.37      0.24      0.24     43114
weighted avg       0.56      0.59      0.52     43114
 samples avg       0.59      0.59      0.59     43114


[[   93     0     0     4     0    13     9    40     0  2638]
 [    1     0     0    70     0     1    40   122     0  1136]
 [    3     0     0     2     0     0    10    10     0   346]
 [    1     0     0  3534     0     0    26   305     0   867]
 [    1     0     0     2     0     0     5    21     0   571]
 [    8     0     0    12     0    29     6   102     0  1260]
 [    0     0     0    74     0     0  1670    36     0  2015]
 [   10     0     0   259     0    14    56  1536     0  5579]
 [    3     0     0    17     0     2     5    99     0   539]
 [   36     0     0   174     0    15   520   460     0 18707]]

Results of Test Set

--------------------
Accuracy: 0.5920350698149093, F1 Score: 0.24202513574390197, Precision: 0.369326843718585, Recall: 0.23726378777828733

              precision    recall  f1-score   support

           0       0.56      0.03      0.06      2795
           1       0.00      0.00      0.00      1321
           2       0.00      0.00      0.00       355
           3       0.85      0.75      0.80      4700
           4       0.00      0.00      0.00       585
           5       0.47      0.02      0.04      1504
           6       0.69      0.43      0.53      3669
           7       0.56      0.20      0.29      7506
           8       0.00      0.00      0.00       666
           9       0.56      0.94      0.70     20013

   micro avg       0.59      0.59      0.59     43114
   macro avg       0.37      0.24      0.24     43114
weighted avg       0.56      0.59      0.51     43114
 samples avg       0.59      0.59      0.59     43114


[[   88     0     0     3     0     8    10    46     0  2640]
 [    1     0     0    54     0     0    33   120     0  1113]
 [    3     0     0     4     0     0    10    11     0   327]
 [    0     0     0  3536     0     0    23   301     0   840]
 [    0     0     0     4     0     0     8    12     0   561]
 [   15     0     0    15     0    31    12    85     0  1346]
 [    0     0     0    70     0     0  1583    40     0  1976]
 [   13     0     0   279     0    12    54  1478     0  5670]
 [    2     0     0    14     0     1     4   100     0   545]
 [   35     0     0   172     0    14   548   435     0 18809]]

