Title: Fully Connected - Words: 2000, Batch: 32, Epochs: 7, Outputs: 16

Results of Training Set

--------------------
Accuracy: 0.6152989748109663, F1 Score: 0.27108356953178353, Precision: 0.4262649905117744, Recall: 0.25343987008427016

              precision    recall  f1-score   support

           0       0.67      0.07      0.13      8263
           1       0.00      0.00      0.00      3968
           2       0.00      0.00      0.00      1050
           3       0.89      0.77      0.82     14541
           4       0.00      0.00      0.00      1763
           5       0.71      0.08      0.14      4392
           6       0.82      0.41      0.55     11089
           7       0.61      0.25      0.35     22288
           8       0.00      0.00      0.00      1971
           9       0.57      0.96      0.71     60017

   micro avg       0.62      0.62      0.62    129342
   macro avg       0.43      0.25      0.27    129342
weighted avg       0.61      0.62      0.54    129342
 samples avg       0.62      0.62      0.62    129342


[[  601     0     0     3     0    32     1    86     0  7540]
 [    2     0     0   172     0     2    50   391     0  3351]
 [   11     0     0     2     0     5    23    26     0   983]
 [    7     0     0 11159     0     1    25  1043     0  2306]
 [    1     0     0    11     0     1     4    28     0  1718]
 [   69     0     0    34     0   348    10   283     0  3648]
 [    0     0     0   195     0     0  4573   124     0  6197]
 [   35     0     0   564     0    42    96  5479     0 16072]
 [    4     0     0    49     0     8     7   268     0  1635]
 [  172     0     0   358     0    54   793  1216     0 57424]]

Results of Validation Set

--------------------
Accuracy: 0.5960708818481236, F1 Score: 0.25523838535399185, Precision: 0.39566107203052203, Recall: 0.24108708373561213

              precision    recall  f1-score   support

           0       0.61      0.07      0.12      2797
           1       0.00      0.00      0.00      1370
           2       0.00      0.00      0.00       371
           3       0.86      0.73      0.79      4733
           4       0.00      0.00      0.00       600
           5       0.60      0.06      0.11      1417
           6       0.77      0.38      0.51      3795
           7       0.56      0.22      0.32      7454
           8       0.00      0.00      0.00       665
           9       0.56      0.95      0.70     19912

   micro avg       0.60      0.60      0.60     43114
   macro avg       0.40      0.24      0.26     43114
weighted avg       0.58      0.60      0.52     43114
 samples avg       0.60      0.60      0.60     43114


[[  193     0     0     4     0    12     1    31     0  2556]
 [    1     0     0    78     0     1    25   123     0  1142]
 [    1     0     0     1     0     0     8    10     0   351]
 [    1     0     0  3472     0     0    20   394     0   846]
 [    0     0     0     3     0     0     0    11     0   586]
 [   28     0     0     7     0    85     1   109     0  1187]
 [    2     0     0    74     0     0  1443    40     0  2236]
 [   23     0     0   244     0    20    33  1647     0  5487]
 [    1     0     0    19     0     4     1    93     0   547]
 [   69     0     0   152     0    19   333   480     0 18859]]

Results of Test Set

--------------------
Accuracy: 0.5981815651528506, F1 Score: 0.25648424416442345, Precision: 0.39472067941348316, Recall: 0.24216502047204416

              precision    recall  f1-score   support

           0       0.59      0.07      0.13      2795
           1       0.00      0.00      0.00      1321
           2       0.00      0.00      0.00       355
           3       0.87      0.74      0.80      4700
           4       0.00      0.00      0.00       585
           5       0.59      0.06      0.10      1504
           6       0.76      0.38      0.51      3669
           7       0.57      0.22      0.32      7506
           8       0.00      0.00      0.00       666
           9       0.56      0.95      0.70     20013

   micro avg       0.60      0.60      0.60     43114
   macro avg       0.39      0.24      0.26     43114
weighted avg       0.58      0.60      0.52     43114
 samples avg       0.60      0.60      0.60     43114


[[  203     0     0     1     0     9     2    42     0  2538]
 [    0     0     0    52     0     2    25   130     0  1112]
 [    5     0     0     2     0     1     7     7     0   333]
 [    2     0     0  3482     0     1    18   379     0   818]
 [    0     0     0     3     0     0     5    14     0   563]
 [   21     0     0    14     0    86     6    84     0  1293]
 [    0     0     0    63     0     0  1412    43     0  2151]
 [   28     0     0   231     0    17    34  1639     0  5557]
 [    1     0     0    17     0     3     3    87     0   555]
 [   82     0     0   137     0    26   339   461     0 18968]]

