Title: Fully Connected - Words: 2000, Batch: 64, Epochs: 7, Outputs: 16

Results of Training Set

--------------------
Accuracy: 0.6172859550648668, F1 Score: 0.26640553519905225, Precision: 0.4263270264010945, Recall: 0.25482399928110555

              precision    recall  f1-score   support

           0       0.68      0.05      0.09      8263
           1       0.00      0.00      0.00      3968
           2       0.00      0.00      0.00      1050
           3       0.86      0.80      0.83     14541
           4       0.00      0.00      0.00      1763
           5       0.75      0.05      0.09      4392
           6       0.81      0.44      0.57     11089
           7       0.59      0.27      0.38     22288
           8       0.00      0.00      0.00      1971
           9       0.57      0.94      0.71     60017

   micro avg       0.62      0.62      0.62    129342
   macro avg       0.43      0.25      0.27    129342
weighted avg       0.60      0.62      0.55    129342
 samples avg       0.62      0.62      0.62    129342


[[  385     0     0     5     0    14     3    87     0  7769]
 [    1     0     0   202     0     1    43   497     0  3224]
 [    6     0     0     4     0     2    13    36     0   989]
 [    3     0     0 11608     0     2    34  1004     0  1890]
 [    0     0     0    12     0     0     5    44     0  1702]
 [   41     0     0    49     0   215    11   283     0  3793]
 [    0     0     0   216     0     0  4828   161     0  5884]
 [   22     0     0   833     0    15    94  6118     0 15206]
 [    2     0     0    61     0     5     8   273     0  1622]
 [  110     0     0   483     0    34   910  1793     0 56687]]

Results of Validation Set

--------------------
Accuracy: 0.5988542004917197, F1 Score: 0.2525090575011458, Precision: 0.39652588223010987, Recall: 0.24335763696837134

              precision    recall  f1-score   support

           0       0.60      0.04      0.08      2797
           1       0.00      0.00      0.00      1370
           2       0.00      0.00      0.00       371
           3       0.83      0.76      0.80      4733
           4       0.00      0.00      0.00       600
           5       0.66      0.04      0.08      1417
           6       0.76      0.40      0.52      3795
           7       0.55      0.25      0.35      7454
           8       0.00      0.00      0.00       665
           9       0.56      0.94      0.70     19912

   micro avg       0.60      0.60      0.60     43114
   macro avg       0.40      0.24      0.25     43114
weighted avg       0.57      0.60      0.53     43114
 samples avg       0.60      0.60      0.60     43114


[[  112     0     0     4     0     8     3    52     0  2618]
 [    0     0     0    88     0     0    30   167     0  1085]
 [    6     0     0     1     0     0     5    18     0   341]
 [    3     0     0  3617     0     0    20   392     0   701]
 [    0     0     0     3     0     0     0    23     0   574]
 [   10     0     0    11     0    61     2   102     0  1231]
 [    1     0     0    82     0     0  1503    53     0  2156]
 [   10     0     0   322     0     9    33  1899     0  5181]
 [    0     0     0    20     0     3     1   103     0   538]
 [   44     0     0   205     0    12   369   655     0 18627]]

Results of Test Set

--------------------
Accuracy: 0.5995500301526187, F1 Score: 0.25165533974469667, Precision: 0.39641091112233223, Recall: 0.2436481363972202

              precision    recall  f1-score   support

           0       0.64      0.04      0.07      2795
           1       0.00      0.00      0.00      1321
           2       0.00      0.00      0.00       355
           3       0.83      0.77      0.80      4700
           4       0.00      0.00      0.00       585
           5       0.63      0.04      0.07      1504
           6       0.75      0.40      0.52      3669
           7       0.55      0.25      0.34      7506
           8       0.00      0.00      0.00       666
           9       0.56      0.93      0.70     20013

   micro avg       0.60      0.60      0.60     43114
   macro avg       0.40      0.24      0.25     43114
weighted avg       0.58      0.60      0.53     43114
 samples avg       0.60      0.60      0.60     43114


[[  102     0     0     4     0     8     3    47     0  2631]
 [    0     0     0    68     0     0    23   165     0  1065]
 [    0     0     0     3     0     0     6    11     0   335]
 [    2     0     0  3637     0     1    18   367     0   675]
 [    1     0     0     5     0     0     5    18     0   556]
 [   10     0     0    18     0    59     7    82     0  1328]
 [    0     0     0    74     0     0  1481    56     0  2058]
 [   11     0     0   338     0    10    37  1867     0  5243]
 [    0     0     0    23     0     2     3   100     0   538]
 [   34     0     0   200     0    14   390   672     0 18703]]

