Title: Fully Connected - Words: 2000, Batch: 128, Epochs: 7, Outputs: 16

Results of Training Set

--------------------
Accuracy: 0.6090828965069351, F1 Score: 0.24688078588348672, Precision: 0.42498759422873744, Recall: 0.24007958568280255

              precision    recall  f1-score   support

           0       0.69      0.03      0.07      8263
           1       0.00      0.00      0.00      3968
           2       0.00      0.00      0.00      1050
           3       0.87      0.79      0.83     14541
           4       0.00      0.00      0.00      1763
           5       0.70      0.00      0.00      4392
           6       0.82      0.36      0.50     11089
           7       0.61      0.26      0.36     22288
           8       0.00      0.00      0.00      1971
           9       0.56      0.95      0.71     60017

   micro avg       0.61      0.61      0.61    129342
   macro avg       0.42      0.24      0.25    129342
weighted avg       0.60      0.61      0.53    129342
 samples avg       0.61      0.61      0.61    129342


[[  282     0     0     5     0     0     1   117     0  7858]
 [    0     0     0   209     0     0    33   379     0  3347]
 [    2     0     0     6     0     0     6    28     0  1008]
 [    4     0     0 11516     0     0    30   860     0  2131]
 [    0     0     0    16     0     0     6    27     0  1714]
 [    6     0     0    52     0     7     3   331     0  3993]
 [    0     0     0   203     0     0  4016   116     0  6754]
 [   13     0     0   798     0     2    65  5741     0 15669]
 [    0     0     0    63     0     0    13   266     0  1629]
 [  101     0     0   445     0     1   747  1505     0 57218]]

Results of Validation Set

--------------------
Accuracy: 0.592893259730018, F1 Score: 0.23659502402669236, Precision: 0.399105665288155, Recall: 0.23148949138810618

              precision    recall  f1-score   support

           0       0.66      0.03      0.06      2797
           1       0.00      0.00      0.00      1370
           2       0.00      0.00      0.00       371
           3       0.83      0.76      0.80      4733
           4       0.00      0.00      0.00       600
           5       0.60      0.00      0.00      1417
           6       0.78      0.34      0.47      3795
           7       0.56      0.24      0.33      7454
           8       0.00      0.00      0.00       665
           9       0.56      0.95      0.70     19912

   micro avg       0.59      0.59      0.59     43114
   macro avg       0.40      0.23      0.24     43114
weighted avg       0.58      0.59      0.51     43114
 samples avg       0.59      0.59      0.59     43114


[[   91     0     0     4     0     1     1    47     0  2653]
 [    0     0     0    90     0     0    17   145     0  1118]
 [    1     0     0     1     0     0     2    12     0   355]
 [    1     0     0  3602     0     0    19   312     0   799]
 [    0     0     0     3     0     0     1    18     0   578]
 [    3     0     0     9     0     3     0   123     0  1279]
 [    1     0     0    77     0     0  1282    41     0  2394]
 [    7     0     0   322     0     0    23  1759     0  5343]
 [    0     0     0    22     0     0     2   106     0   535]
 [   34     0     0   187     0     1   297   568     0 18825]]

Results of Test Set

--------------------
Accuracy: 0.5945400565941458, F1 Score: 0.23702661976636338, Precision: 0.41424304421695446, Recall: 0.23213316911024434

              precision    recall  f1-score   support

           0       0.65      0.03      0.06      2795
           1       0.00      0.00      0.00      1321
           2       0.00      0.00      0.00       355
           3       0.84      0.77      0.80      4700
           4       0.00      0.00      0.00       585
           5       0.75      0.00      0.00      1504
           6       0.78      0.34      0.47      3669
           7       0.56      0.23      0.33      7506
           8       0.00      0.00      0.00       666
           9       0.56      0.95      0.70     20013

   micro avg       0.59      0.59      0.59     43114
   macro avg       0.41      0.23      0.24     43114
weighted avg       0.58      0.59      0.51     43114
 samples avg       0.59      0.59      0.59     43114


[[   85     0     0     5     0     1     1    63     0  2640]
 [    0     0     0    63     0     0    14   140     0  1104]
 [    0     0     0     3     0     0     5    12     0   335]
 [    0     0     0  3616     0     0    17   306     0   761]
 [    0     0     0     5     0     0     3    11     0   566]
 [    7     0     0    18     0     3     6   101     0  1369]
 [    0     0     0    67     0     0  1251    51     0  2300]
 [    5     0     0   325     0     0    21  1746     0  5409]
 [    0     0     0    19     0     0     2    94     0   551]
 [   33     0     0   180     0     0   288   580     0 18932]]

