Title: Fully Connected - Words: 2000, Batch: 32, Epochs: 7, Outputs: 32

Results of Training Set

--------------------
Accuracy: 0.6379830217562741, F1 Score: 0.31415536244060815, Precision: 0.6110707365300463, Recall: 0.28932731661704036

              precision    recall  f1-score   support

           0       0.71      0.18      0.28      8263
           1       0.80      0.00      0.00      3968
           2       1.00      0.02      0.04      1050
           3       0.87      0.81      0.84     14541
           4       0.00      0.00      0.00      1763
           5       0.74      0.13      0.22      4392
           6       0.78      0.52      0.62     11089
           7       0.62      0.31      0.41     22288
           8       0.00      0.00      0.00      1971
           9       0.59      0.94      0.73     60017

   micro avg       0.64      0.64      0.64    129342
   macro avg       0.61      0.29      0.31    129342
weighted avg       0.65      0.64      0.58    129342
 samples avg       0.64      0.64      0.64    129342


[[ 1452     0     0     4     0    41     5   136     0  6625]
 [    4     4     0   201     0     2    88   484     0  3185]
 [   27     0    21     3     0     4    29    66     0   900]
 [   13     0     0 11709     0     2    65   967     0  1785]
 [    3     0     0    17     0     0     7    37     0  1699]
 [   62     0     0    52     0   573    16   392     0  3297]
 [    1     0     0   202     0     0  5734   164     0  4988]
 [   84     0     0   725     0    63   142  6865     0 14409]
 [   13     0     0    61     0     5    18   333     0  1541]
 [  381     1     0   457     0    89  1231  1698     0 56160]]

Results of Validation Set

--------------------
Accuracy: 0.6074824882868674, F1 Score: 0.2830015478587892, Precision: 0.4892157811770031, Recall: 0.2650844609521222

              precision    recall  f1-score   support

           0       0.60      0.13      0.21      2797
           1       0.00      0.00      0.00      1370
           2       1.00      0.01      0.02       371
           3       0.84      0.77      0.80      4733
           4       0.00      0.00      0.00       600
           5       0.62      0.10      0.18      1417
           6       0.71      0.45      0.55      3795
           7       0.55      0.27      0.36      7454
           8       0.00      0.00      0.00       665
           9       0.57      0.92      0.71     19912

   micro avg       0.61      0.61      0.61     43114
   macro avg       0.49      0.27      0.28     43114
weighted avg       0.58      0.61      0.55     43114
 samples avg       0.61      0.61      0.61     43114


[[  363     0     0     3     0    19     5    62     0  2345]
 [    1     0     0    88     0     1    40   177     0  1063]
 [    8     0     3     3     0     0     7    19     0   331]
 [    2     0     0  3628     0     1    49   353     0   700]
 [    1     0     0     4     0     0     2    26     0   567]
 [   28     0     0    13     0   145     6   135     0  1090]
 [    5     0     0    88     0     1  1718    58     0  1925]
 [   46     0     0   285     0    32    54  2028     0  5009]
 [    5     0     0    19     0     4     3   122     0   512]
 [  150     0     0   195     0    30   546   685     0 18306]]

Results of Test Set

--------------------
Accuracy: 0.6073201280326576, F1 Score: 0.2808164064315351, Precision: 0.48370595544848494, Recall: 0.264206350033893

              precision    recall  f1-score   support

           0       0.60      0.14      0.22      2795
           1       0.00      0.00      0.00      1321
           2       1.00      0.01      0.02       355
           3       0.84      0.78      0.81      4700
           4       0.00      0.00      0.00       585
           5       0.58      0.08      0.14      1504
           6       0.70      0.46      0.55      3669
           7       0.55      0.26      0.36      7506
           8       0.00      0.00      0.00       666
           9       0.58      0.92      0.71     20013

   micro avg       0.61      0.61      0.61     43114
   macro avg       0.48      0.26      0.28     43114
weighted avg       0.58      0.61      0.54     43114
 samples avg       0.61      0.61      0.61     43114


[[  378     0     0     6     0    19     3    78     0  2311]
 [    3     0     0    73     0     0    36   169     0  1040]
 [   10     0     4     2     0     0     7    22     0   310]
 [    7     0     0  3648     0     0    36   353     0   656]
 [    3     0     0     5     0     0     7    14     0   556]
 [   31     0     0    17     0   123     9   120     0  1204]
 [    0     0     0    69     0     0  1672    75     0  1853]
 [   35     0     0   316     0    35    54  1977     0  5089]
 [    2     0     0    20     0     3     7   116     0   518]
 [  163     0     0   181     0    33   569   685     0 18382]]

