Title: Fully Connected - Words: 2000, Batch: 64, Epochs: 7, Outputs: 32

Results of Training Set

--------------------
Accuracy: 0.6380603361630406, F1 Score: 0.3082136677698448, Precision: 0.6372780408707237, Recall: 0.28344192059651685

              precision    recall  f1-score   support

           0       0.70      0.18      0.29      8263
           1       1.00      0.00      0.00      3968
           2       1.00      0.00      0.00      1050
           3       0.88      0.80      0.84     14541
           4       0.00      0.00      0.00      1763
           5       0.76      0.12      0.21      4392
           6       0.82      0.47      0.60     11089
           7       0.62      0.31      0.42     22288
           8       0.00      0.00      0.00      1971
           9       0.59      0.94      0.73     60017

   micro avg       0.64      0.64      0.64    129342
   macro avg       0.64      0.28      0.31    129342
weighted avg       0.66      0.64      0.58    129342
 samples avg       0.64      0.64      0.64    129342


[[ 1488     0     0     4     0    27     4   234     0  6506]
 [    5     2     0   183     0     5    69   512     0  3192]
 [   23     0     1     4     0     4    27    72     0   919]
 [    7     0     0 11612     0     2    44   909     0  1967]
 [    1     0     0    16     0     0     5    34     0  1707]
 [   89     0     0    44     0   543    18   392     0  3306]
 [    0     0     0   201     0     0  5261   181     0  5446]
 [  107     0     0   703     0    57   146  6956     0 14319]
 [   10     0     0    53     0     5    12   290     0  1601]
 [  388     0     0   441     0    70   836  1617     0 56665]]

Results of Validation Set

--------------------
Accuracy: 0.6059284687108596, F1 Score: 0.2791055540315029, Precision: 0.39367320764639013, Recall: 0.26016170745461775

              precision    recall  f1-score   support

           0       0.57      0.15      0.23      2797
           1       0.00      0.00      0.00      1370
           2       0.00      0.00      0.00       371
           3       0.84      0.76      0.80      4733
           4       0.00      0.00      0.00       600
           5       0.65      0.09      0.16      1417
           6       0.75      0.41      0.53      3795
           7       0.55      0.27      0.36      7454
           8       0.00      0.00      0.00       665
           9       0.57      0.93      0.71     19912

   micro avg       0.61      0.61      0.61     43114
   macro avg       0.39      0.26      0.28     43114
weighted avg       0.58      0.61      0.54     43114
 samples avg       0.61      0.61      0.61     43114


[[  409     0     0     2     0    16     2    83     0  2285]
 [    1     0     0    84     0     1    28   158     0  1098]
 [    6     0     0     1     0     2     7    25     0   330]
 [    6     0     0  3590     0     2    33   336     0   766]
 [    1     0     0     3     0     0     1    21     0   574]
 [   41     0     0    11     0   131     5   140     0  1089]
 [    6     0     0    81     0     1  1559    64     0  2084]
 [   48     0     0   296     0    22    46  1994     0  5048]
 [    4     0     0    18     0     4     2   113     0   524]
 [  193     0     0   184     0    23   391   680     0 18441]]

Results of Test Set

--------------------
Accuracy: 0.6065315210836387, F1 Score: 0.2779609792872403, Precision: 0.49203252193792657, Recall: 0.2597868429172312

              precision    recall  f1-score   support

           0       0.59      0.15      0.24      2795
           1       0.00      0.00      0.00      1321
           2       1.00      0.00      0.01       355
           3       0.84      0.77      0.80      4700
           4       0.00      0.00      0.00       585
           5       0.63      0.08      0.14      1504
           6       0.74      0.41      0.53      3669
           7       0.54      0.26      0.35      7506
           8       0.00      0.00      0.00       666
           9       0.57      0.93      0.71     20013

   micro avg       0.61      0.61      0.61     43114
   macro avg       0.49      0.26      0.28     43114
weighted avg       0.58      0.61      0.54     43114
 samples avg       0.61      0.61      0.61     43114


[[  413     0     0     2     0    14     6   104     0  2256]
 [    2     0     0    63     0     0    32   163     0  1061]
 [   11     0     1     3     0     1     7    19     0   313]
 [    5     0     0  3604     0     0    21   341     0   729]
 [    0     0     0     5     0     0     5    18     0   557]
 [   35     0     0    17     0   123     8   130     0  1191]
 [    1     0     0    71     0     0  1513    78     0  2006]
 [   55     0     0   303     0    25    46  1948     0  5129]
 [    2     0     0    20     0     1     4   111     0   528]
 [  176     0     0   181     0    31   411   666     0 18548]]

