Title: Fully Connected - Words: 2000, Batch: 128, Epochs: 7, Outputs: 32

Results of Training Set

--------------------
Accuracy: 0.6264477122667038, F1 Score: 0.29577234490613663, Precision: 0.5930984185024983, Recall: 0.27152356175884873

              precision    recall  f1-score   support

           0       0.69      0.12      0.21      8263
           1       0.60      0.00      0.00      3968
           2       1.00      0.02      0.04      1050
           3       0.88      0.80      0.83     14541
           4       0.00      0.00      0.00      1763
           5       0.76      0.12      0.21      4392
           6       0.81      0.42      0.55     11089
           7       0.61      0.29      0.40     22288
           8       0.00      0.00      0.00      1971
           9       0.58      0.95      0.72     60017

   micro avg       0.63      0.63      0.63    129342
   macro avg       0.59      0.27      0.30    129342
weighted avg       0.64      0.63      0.56    129342
 samples avg       0.63      0.63      0.63    129342


[[  995     0     0     6     0    24     4   117     0  7117]
 [    1     3     0   201     0     3    49   536     0  3175]
 [   18     2    24     1     0     3    10    81     0   911]
 [   16     0     0 11571     0     2    41   943     0  1968]
 [    1     0     0    11     0     0     5    44     0  1702]
 [   46     0     0    48     0   521     4   424     0  3349]
 [    0     0     0   205     0     0  4644   161     0  6079]
 [   51     0     0   689     0    54    91  6519     0 14884]
 [    3     0     0    59     0     6    10   265     0  1628]
 [  306     0     0   416     0    69   910  1567     0 56749]]

Results of Validation Set

--------------------
Accuracy: 0.6028668182029039, F1 Score: 0.27237598709372995, Precision: 0.5478367368603242, Recall: 0.25369168625287497

              precision    recall  f1-score   support

           0       0.63      0.10      0.17      2797
           1       0.50      0.00      0.00      1370
           2       1.00      0.01      0.03       371
           3       0.85      0.76      0.80      4733
           4       0.00      0.00      0.00       600
           5       0.62      0.09      0.15      1417
           6       0.76      0.38      0.51      3795
           7       0.56      0.26      0.36      7454
           8       0.00      0.00      0.00       665
           9       0.57      0.93      0.71     19912

   micro avg       0.60      0.60      0.60     43114
   macro avg       0.55      0.25      0.27     43114
weighted avg       0.60      0.60      0.54     43114
 samples avg       0.60      0.60      0.60     43114


[[  283     0     0     3     0    10     2    49     0  2450]
 [    1     1     0    89     0     1    24   170     0  1084]
 [    6     1     5     2     0     0     5    25     0   327]
 [    4     0     0  3592     0     0    29   344     0   764]
 [    2     0     0     3     0     0     0    25     0   570]
 [   14     0     0    12     0   124     2   155     0  1110]
 [    3     0     0    80     0     1  1440    46     0  2225]
 [   27     0     0   268     0    23    32  1951     0  5153]
 [    1     0     0    21     0     4     1    98     0   540]
 [  107     0     0   170     0    38   363   638     0 18596]]

Results of Test Set

--------------------
Accuracy: 0.6019854339657652, F1 Score: 0.26718174131712236, Precision: 0.4873155519411769, Recall: 0.250948054581245

              precision    recall  f1-score   support

           0       0.62      0.09      0.16      2795
           1       0.00      0.00      0.00      1321
           2       1.00      0.01      0.02       355
           3       0.85      0.77      0.81      4700
           4       0.00      0.00      0.00       585
           5       0.54      0.08      0.13      1504
           6       0.75      0.38      0.50      3669
           7       0.55      0.25      0.34      7506
           8       0.00      0.00      0.00       666
           9       0.57      0.93      0.71     20013

   micro avg       0.60      0.60      0.60     43114
   macro avg       0.49      0.25      0.27     43114
weighted avg       0.58      0.60      0.53     43114
 samples avg       0.60      0.60      0.60     43114


[[  260     0     0     5     0    16     1    68     0  2445]
 [    0     0     0    62     0     1    18   172     0  1068]
 [    2     0     3     5     0     1     4    22     0   318]
 [    5     0     0  3608     0     2    22   340     0   723]
 [    1     0     0     3     0     0     5    18     0   558]
 [   19     0     0    17     0   114     4   133     0  1217]
 [    0     0     0    66     0     1  1394    69     0  2139]
 [   29     0     0   298     0    33    29  1880     0  5237]
 [    1     0     0    18     0     6     2    94     0   545]
 [  102     0     0   171     0    38   380   627     0 18695]]

