Title: Fully Connected - Words: 2000, Batch: 32, Epochs: 7, Outputs: 64

Results of Training Set

--------------------
Accuracy: 0.6692953564967296, F1 Score: 0.37801474704390275, Precision: 0.7720139746071119, Recall: 0.33852953667652164

              precision    recall  f1-score   support

           0       0.71      0.33      0.45      8263
           1       0.89      0.01      0.03      3968
           2       0.92      0.07      0.12      1050
           3       0.89      0.82      0.86     14541
           4       0.50      0.00      0.00      1763
           5       0.72      0.29      0.41      4392
           6       0.85      0.50      0.63     11089
           7       0.61      0.42      0.50     22288
           8       1.00      0.02      0.03      1971
           9       0.63      0.93      0.75     60017

   micro avg       0.67      0.67      0.67    129342
   macro avg       0.77      0.34      0.38    129342
weighted avg       0.70      0.67      0.63    129342
 samples avg       0.67      0.67      0.67    129342


[[ 2755     0     0     6     0   100     5   291     0  5106]
 [    9    55     0   214     0     6    74   697     0  2913]
 [   57     0    70     2     0     8    19    81     0   813]
 [   22     2     0 11988     0     3    26  1040     0  1460]
 [    2     0     0    16     1     3     3    59     0  1679]
 [  144     0     0    49     1  1253    13   599     0  2333]
 [    6     1     1   197     0     0  5569   210     0  5105]
 [  187     3     3   551     0   159   129  9278     0 11978]
 [   17     0     0    51     0    18     7   447    33  1398]
 [  672     1     2   397     0   192   695  2492     0 55566]]

Results of Validation Set

--------------------
Accuracy: 0.614765505404277, F1 Score: 0.31644464497570024, Precision: 0.582345370545488, Recall: 0.2900303635767826

              precision    recall  f1-score   support

           0       0.54      0.24      0.33      2797
           1       0.54      0.01      0.01      1370
           2       0.64      0.02      0.05       371
           3       0.84      0.77      0.80      4733
           4       0.00      0.00      0.00       600
           5       0.57      0.20      0.29      1417
           6       0.74      0.42      0.54      3795
           7       0.52      0.35      0.42      7454
           8       0.83      0.01      0.01       665
           9       0.59      0.89      0.71     19912

   micro avg       0.61      0.61      0.61     43114
   macro avg       0.58      0.29      0.32     43114
weighted avg       0.61      0.61      0.57     43114
 samples avg       0.61      0.61      0.61     43114


[[  661     0     1     7     0    44     7   114     0  1963]
 [    2     7     0    94     0     2    27   246     0   992]
 [   23     0     9     2     0     1    10    31     0   295]
 [    6     0     0  3650     0     2    26   414     0   635]
 [    5     0     0     5     0     0     4    36     0   550]
 [   54     0     0    12     0   281     4   206     0   860]
 [   10     2     2    85     0     2  1595    75     0  2024]
 [   92     3     1   257     0    56    49  2597     0  4399]
 [    6     0     0    21     0     8     2   143     5   480]
 [  354     1     1   209     0    96   437  1113     1 17700]]

Results of Test Set

--------------------
Accuracy: 0.6166906341327643, F1 Score: 0.3139075334118065, Precision: 0.5865657868150884, Recall: 0.28793350545232543

              precision    recall  f1-score   support

           0       0.55      0.24      0.34      2795
           1       0.79      0.01      0.02      1321
           2       0.50      0.02      0.03       355
           3       0.85      0.77      0.81      4700
           4       0.00      0.00      0.00       585
           5       0.52      0.17      0.25      1504
           6       0.74      0.42      0.53      3669
           7       0.52      0.35      0.42      7506
           8       0.80      0.01      0.02       666
           9       0.59      0.89      0.71     20013

   micro avg       0.62      0.62      0.62     43114
   macro avg       0.59      0.29      0.31     43114
weighted avg       0.62      0.62      0.57     43114
 samples avg       0.62      0.62      0.62     43114


[[  676     0     0     5     0    50     6   136     0  1922]
 [    8    11     1    69     0     1    28   226     0   977]
 [   21     0     6     3     0     3     9    38     0   275]
 [   12     1     0  3639     0     0    18   430     0   600]
 [    2     0     0     3     0     1     6    31     0   542]
 [   60     0     0    17     0   253    10   195     0   969]
 [    2     0     3    67     0     1  1532    99     0  1965]
 [   91     0     1   262     0    65    45  2615     1  4426]
 [    5     1     0    19     0     9     2   145     8   477]
 [  342     1     1   200     0   103   417  1100     1 17848]]

