Title: Fully Connected - Words: 2000, Batch: 64, Epochs: 7, Outputs: 64

Results of Training Set

--------------------
Accuracy: 0.6671924046326793, F1 Score: 0.37257717445377414, Precision: 0.7212159094484354, Recall: 0.33430837430579385

              precision    recall  f1-score   support

           0       0.72      0.30      0.43      8263
           1       0.86      0.03      0.07      3968
           2       0.98      0.05      0.10      1050
           3       0.88      0.82      0.85     14541
           4       0.00      0.00      0.00      1763
           5       0.74      0.24      0.36      4392
           6       0.82      0.56      0.67     11089
           7       0.63      0.39      0.48     22288
           8       0.97      0.02      0.03      1971
           9       0.62      0.93      0.75     60017

   micro avg       0.67      0.67      0.67    129342
   macro avg       0.72      0.33      0.37    129342
weighted avg       0.69      0.67      0.62    129342
 samples avg       0.67      0.67      0.67    129342


[[ 2500     0     0     4     0    69    13   290     0  5387]
 [    9   137     0   190     0    10   128   603     0  2891]
 [   50     0    57     4     0     4    27    86     0   822]
 [   21     7     0 11924     0     3    53   855     0  1678]
 [    1     0     0    20     0     2     7    51     0  1682]
 [  151     0     0    51     0  1034    17   486     0  2653]
 [    5     3     1   188     0     2  6228   214     0  4448]
 [  168     7     0   689     0   102   155  8726     1 12440]
 [   15     0     0    65     0    12    13   367    31  1468]
 [  575     6     0   408     0   158   998  2213     0 55659]]

Results of Validation Set

--------------------
Accuracy: 0.614858282692397, F1 Score: 0.31480500639846853, Precision: 0.6103429175589927, Recall: 0.2883277785612052

              precision    recall  f1-score   support

           0       0.54      0.21      0.31      2797
           1       0.77      0.02      0.03      1370
           2       0.92      0.03      0.06       371
           3       0.84      0.77      0.80      4733
           4       0.00      0.00      0.00       600
           5       0.60      0.17      0.26      1417
           6       0.70      0.45      0.55      3795
           7       0.54      0.33      0.41      7454
           8       0.60      0.00      0.01       665
           9       0.59      0.89      0.71     19912

   micro avg       0.61      0.61      0.61     43114
   macro avg       0.61      0.29      0.31     43114
weighted avg       0.62      0.61      0.57     43114
 samples avg       0.61      0.61      0.61     43114


[[  599     0     0     3     0    31     6   114     0  2044]
 [    4    23     0    92     0     2    44   208     0   997]
 [   17     0    12     2     0     2    11    28     0   299]
 [   10     3     0  3642     0     0    45   329     0   704]
 [    5     0     0     6     0     0     5    33     0   551]
 [   45     0     0    14     0   239     3   182     0   934]
 [    5     0     0    82     0     1  1720    78     0  1909]
 [   87     1     1   293     0    45    66  2455     1  4505]
 [    6     0     0    26     0    10     3   137     3   480]
 [  322     3     0   194     0    70   540   966     1 17816]]

Results of Test Set

--------------------
Accuracy: 0.6154613350651761, F1 Score: 0.3119704183808518, Precision: 0.5990065462315929, Recall: 0.2869775223309065

              precision    recall  f1-score   support

           0       0.56      0.22      0.31      2795
           1       0.51      0.01      0.03      1321
           2       0.91      0.03      0.05       355
           3       0.84      0.78      0.81      4700
           4       0.00      0.00      0.00       585
           5       0.55      0.14      0.23      1504
           6       0.69      0.46      0.55      3669
           7       0.53      0.32      0.40      7506
           8       0.80      0.01      0.02       666
           9       0.59      0.89      0.71     20013

   micro avg       0.62      0.62      0.62     43114
   macro avg       0.60      0.29      0.31     43114
weighted avg       0.61      0.62      0.57     43114
 samples avg       0.62      0.62      0.62     43114


[[  609     0     0     4     0    33     4   128     0  2017]
 [   10    18     0    69     0     6    46   210     0   962]
 [   14     0    10     3     0     2     9    31     0   286]
 [    8     1     0  3661     0     0    31   354     0   645]
 [    3     0     0     5     0     1     9    23     0   544]
 [   55     1     0    17     0   213    10   165     0  1043]
 [    2     2     0    63     0     2  1689    98     0  1813]
 [   88     7     0   319     0    53    70  2420     2  4547]
 [    4     0     0    20     0     7     5   141     8   481]
 [  298     6     1   190     0    70   568   973     0 17907]]

