Title: Fully Connected - Words: 2000, Batch: 128, Epochs: 7, Outputs: 64

Results of Training Set

--------------------
Accuracy: 0.6608835490405283, F1 Score: 0.3548426203552462, Precision: 0.7130743855027152, Recall: 0.3202570984219301

              precision    recall  f1-score   support

           0       0.73      0.28      0.40      8263
           1       0.79      0.01      0.01      3968
           2       0.93      0.04      0.08      1050
           3       0.88      0.82      0.85     14541
           4       0.00      0.00      0.00      1763
           5       0.72      0.21      0.32      4392
           6       0.81      0.53      0.64     11089
           7       0.65      0.36      0.46     22288
           8       1.00      0.02      0.04      1971
           9       0.61      0.94      0.74     60017

   micro avg       0.66      0.66      0.66    129342
   macro avg       0.71      0.32      0.35    129342
weighted avg       0.68      0.66      0.61    129342
 samples avg       0.66      0.66      0.66    129342


[[ 2284     0     0     9     0    87    19   220     0  5644]
 [   10    26     0   208     0     9    92   515     0  3108]
 [   31     0    42     3     0     5    26    66     0   877]
 [   21     2     0 11988     0     4    52   819     0  1655]
 [    4     0     0    20     0     2    10    43     0  1684]
 [  161     0     1    68     0   914    16   455     0  2777]
 [    2     0     1   199     0     3  5904   209     0  4771]
 [  148     4     1   668     0   100   150  7969     0 13248]
 [    8     0     0    62     0    17    10   291    37  1546]
 [  439     1     0   411     0   123  1008  1719     0 56316]]

Results of Validation Set

--------------------
Accuracy: 0.6135594006587187, F1 Score: 0.30513793373319764, Precision: 0.6022903153368039, Recall: 0.28089443830831284

              precision    recall  f1-score   support

           0       0.58      0.19      0.29      2797
           1       0.67      0.01      0.01      1370
           2       0.90      0.02      0.05       371
           3       0.83      0.77      0.80      4733
           4       0.00      0.00      0.00       600
           5       0.59      0.16      0.25      1417
           6       0.72      0.45      0.55      3795
           7       0.55      0.29      0.38      7454
           8       0.60      0.00      0.01       665
           9       0.58      0.91      0.71     19912

   micro avg       0.61      0.61      0.61     43114
   macro avg       0.60      0.28      0.31     43114
weighted avg       0.61      0.61      0.56     43114
 samples avg       0.61      0.61      0.61     43114


[[  537     0     0     7     0    34     6    96     0  2117]
 [    1     8     0    92     0     2    39   177     0  1051]
 [   12     0     9     4     0     2    10    19     0   315]
 [    5     2     0  3659     0     0    38   337     0   692]
 [    2     0     0     5     0     0     5    26     0   562]
 [   61     0     0    11     0   220     4   167     0   954]
 [    8     0     0    81     0     1  1712    58     0  1935]
 [   82     2     1   302     0    39    66  2182     1  4779]
 [    6     0     0    25     0     8     3   121     3   499]
 [  211     0     0   211     0    65   498   803     1 18123]]

Results of Test Set

--------------------
Accuracy: 0.6130723198960895, F1 Score: 0.30336600012623316, Precision: 0.61259077751411, Recall: 0.28050588253069175

              precision    recall  f1-score   support

           0       0.57      0.20      0.30      2795
           1       0.33      0.00      0.00      1321
           2       1.00      0.02      0.03       355
           3       0.83      0.78      0.81      4700
           4       0.00      0.00      0.00       585
           5       0.55      0.14      0.23      1504
           6       0.71      0.45      0.55      3669
           7       0.55      0.29      0.38      7506
           8       1.00      0.01      0.02       666
           9       0.58      0.91      0.71     20013

   micro avg       0.61      0.61      0.61     43114
   macro avg       0.61      0.28      0.30     43114
weighted avg       0.61      0.61      0.56     43114
 samples avg       0.61      0.61      0.61     43114


[[  559     0     0     3     0    30     8   107     0  2088]
 [    2     2     0    80     0     3    38   160     0  1036]
 [   16     0     6     4     0     3    10    27     0   289]
 [    7     0     0  3677     0     1    26   340     0   649]
 [    2     0     0     7     0     1     9    17     0   549]
 [   52     0     0    20     0   214     7   147     0  1064]
 [    1     0     0    73     0     0  1666    78     0  1851]
 [   75     3     0   327     0    55    47  2181     0  4818]
 [    6     1     0    18     0     9     5   106     8   513]
 [  267     0     0   198     0    74   523   832     0 18119]]

