Title: Fully Connected - Words: 2000, Batch: 32, Epochs: 7, Outputs: 128

Results of Training Set

--------------------
Accuracy: 0.7058573394566343, F1 Score: 0.4456730014730882, Precision: 0.8498343237730287, Recall: 0.38908653098306056

              precision    recall  f1-score   support

           0       0.83      0.39      0.53      8263
           1       0.86      0.11      0.19      3968
           2       0.94      0.14      0.24      1050
           3       0.90      0.86      0.88     14541
           4       1.00      0.01      0.01      1763
           5       0.80      0.35      0.49      4392
           6       0.87      0.60      0.71     11089
           7       0.70      0.44      0.54     22288
           8       0.95      0.04      0.08      1971
           9       0.65      0.95      0.77     60017

   micro avg       0.71      0.71      0.71    129342
   macro avg       0.85      0.39      0.45    129342
weighted avg       0.74      0.71      0.67    129342
 samples avg       0.71      0.71      0.71    129342


[[ 3263     0     0     6     0    73    16   278     0  4627]
 [    8   428     0   171     0     8    84   507     0  2762]
 [   22     0   144     4     0     8    18    85     0   769]
 [   14    16     0 12499     0     7    23   702     0  1280]
 [    1     3     0    17    13     4     9    63     0  1653]
 [  128     0     0    49     0  1555    17   434     0  2209]
 [    6    15     1   179     0     1  6674   163     0  4050]
 [  134    23     7   563     0   117   134  9722     2 11586]
 [   21     0     0    59     0    13    12   329    86  1451]
 [  344    13     1   351     0   162   650  1580     3 56913]]

Results of Validation Set

--------------------
Accuracy: 0.617641601335993, F1 Score: 0.33189435577951587, Precision: 0.5789595941616087, Recall: 0.3001556122129239

              precision    recall  f1-score   support

           0       0.58      0.23      0.33      2797
           1       0.54      0.05      0.09      1370
           2       0.70      0.05      0.10       371
           3       0.83      0.78      0.81      4733
           4       0.00      0.00      0.00       600
           5       0.57      0.22      0.32      1417
           6       0.71      0.45      0.55      3795
           7       0.53      0.32      0.40      7454
           8       0.73      0.01      0.02       665
           9       0.59      0.89      0.71     19912

   micro avg       0.62      0.62      0.62     43114
   macro avg       0.58      0.30      0.33     43114
weighted avg       0.61      0.62      0.57     43114
 samples avg       0.62      0.62      0.62     43114


[[  647     0     0     8     0    42     5   139     0  1956]
 [    2    64     0    92     0     1    38   188     0   985]
 [   13     0    19     4     0     3     8    30     0   294]
 [    5     5     0  3695     0     2    39   332     0   655]
 [    2     1     0     3     0     0     7    34     0   553]
 [   57     2     0    15     0   309     5   183     0   846]
 [   14     4     0    81     0     2  1709    84     0  1901]
 [   93    22     3   310     0    68    72  2357     1  4528]
 [    4     0     0    21     0     9     3   129     8   491]
 [  277    21     5   218     0   106   510   952     2 17821]]

Results of Test Set

--------------------
Accuracy: 0.616922577353064, F1 Score: 0.3258640663906853, Precision: 0.5801755772329795, Recall: 0.29612600556593316

              precision    recall  f1-score   support

           0       0.56      0.24      0.33      2795
           1       0.51      0.03      0.06      1321
           2       0.67      0.05      0.08       355
           3       0.84      0.79      0.81      4700
           4       0.00      0.00      0.00       585
           5       0.54      0.19      0.28      1504
           6       0.70      0.44      0.54      3669
           7       0.53      0.32      0.40      7506
           8       0.86      0.02      0.04       666
           9       0.59      0.89      0.71     20013

   micro avg       0.62      0.62      0.62     43114
   macro avg       0.58      0.30      0.33     43114
weighted avg       0.61      0.62      0.57     43114
 samples avg       0.62      0.62      0.62     43114


[[  660     0     1     2     0    54    12   131     0  1935]
 [    8    43     0    77     0     2    35   185     0   971]
 [   12     0    16     2     0     5     9    35     0   276]
 [   13     5     1  3697     0     1    21   350     0   612]
 [    2     1     0     5     0     2     9    27     0   539]
 [   78     3     0    17     0   283    11   174     0   938]
 [    9     3     0    70     0     1  1632    94     0  1860]
 [   95    13     3   314     0    65    56  2376     1  4583]
 [   10     1     0    22     0    10     7   129    12   475]
 [  290    15     3   199     0    98   545   983     1 17879]]

