Title: Fully Connected - Words: 1000, Batch: 32, Epochs: 2, Outputs: 128

Results of Training Set

--------------------
Accuracy: 0.6221799570131898, F1 Score: 0.2943342971567901, Precision: 0.6107019335352138, Recall: 0.2724433957834217

              precision    recall  f1-score   support

           0       0.65      0.13      0.21      8263
           1       1.00      0.00      0.00      3968
           2       1.00      0.00      0.01      1050
           3       0.84      0.80      0.82     14541
           4       0.00      0.00      0.00      1763
           5       0.67      0.15      0.24      4392
           6       0.79      0.41      0.54     11089
           7       0.58      0.30      0.40     22288
           8       0.00      0.00      0.00      1971
           9       0.59      0.93      0.72     60017

   micro avg       0.62      0.62      0.62    129342
   macro avg       0.61      0.27      0.29    129342
weighted avg       0.64      0.62      0.56    129342
 samples avg       0.62      0.62      0.62    129342


[[ 1065     0     0    13     0    75    14   306     0  6790]
 [    6     2     0   236     0     4    69   471     0  3180]
 [   12     0     5     6     0     6    19    58     0   944]
 [   12     0     0 11598     0     3    34   934     0  1960]
 [    3     0     0    23     0     1     6    49     0  1681]
 [   92     0     0    61     0   645     6   404     0  3184]
 [    5     0     0   239     0     0  4562   194     0  6089]
 [   98     0     0   908     0    84   154  6787     0 14257]
 [   13     0     0    69     0    12    13   367     0  1497]
 [  342     0     0   601     0   136   902  2226     0 55810]]

Results of Validation Set

--------------------
Accuracy: 0.6040265343044022, F1 Score: 0.2774635434765842, Precision: 0.38293675866988663, Recall: 0.2599673660659844

              precision    recall  f1-score   support

           0       0.60      0.12      0.20      2797
           1       0.00      0.00      0.00      1370
           2       0.00      0.00      0.00       371
           3       0.82      0.77      0.80      4733
           4       0.00      0.00      0.00       600
           5       0.55      0.12      0.19      1417
           6       0.75      0.39      0.51      3795
           7       0.54      0.29      0.38      7454
           8       0.00      0.00      0.00       665
           9       0.57      0.92      0.71     19912

   micro avg       0.60      0.60      0.60     43114
   macro avg       0.38      0.26      0.28     43114
weighted avg       0.57      0.60      0.54     43114
 samples avg       0.60      0.60      0.60     43114


[[  327     0     0     6     0    35     3   103     0  2323]
 [    2     0     0    98     0     3    36   176     0  1055]
 [    2     0     0     3     0     1     6    15     0   344]
 [    2     0     0  3660     0     1    20   319     0   731]
 [    2     0     0     4     0     0     2    33     0   559]
 [   23     0     0    19     0   164     4   150     0  1057]
 [    3     0     0    92     0     0  1476    58     0  2166]
 [   47     0     0   333     0    30    44  2139     0  4861]
 [    1     0     0    24     0     9     2   114     0   515]
 [  135     0     0   234     0    57   385   825     0 18276]]

Results of Test Set

--------------------
Accuracy: 0.6014519645590759, F1 Score: 0.2711400398698759, Precision: 0.4719949784612093, Recall: 0.25532809825580427

              precision    recall  f1-score   support

           0       0.53      0.10      0.17      2795
           1       0.00      0.00      0.00      1321
           2       1.00      0.00      0.01       355
           3       0.83      0.78      0.80      4700
           4       0.00      0.00      0.00       585
           5       0.51      0.10      0.16      1504
           6       0.74      0.38      0.50      3669
           7       0.53      0.28      0.36      7506
           8       0.00      0.00      0.00       666
           9       0.57      0.92      0.71     20013

   micro avg       0.60      0.60      0.60     43114
   macro avg       0.47      0.26      0.27     43114
weighted avg       0.57      0.60      0.54     43114
 samples avg       0.60      0.60      0.60     43114


[[  284     0     0     4     0    28     5   104     0  2370]
 [    2     0     0    67     0     3    21   166     0  1062]
 [    4     0     1     4     0     2     8    19     0   317]
 [    2     0     0  3675     0     1    17   323     0   682]
 [    0     0     0     5     0     0     6    21     0   553]
 [   38     0     0    19     0   147     9   141     0  1150]
 [    2     0     0    76     0     2  1376    61     0  2152]
 [   43     0     0   354     0    43    40  2071     0  4955]
 [    3     0     0    20     0     5     3   135     0   500]
 [  154     0     0   221     0    57   368   836     0 18377]]

