Title: Fully Connected - Words: 2000, Batch: 64, Epochs: 7, Outputs: 128

Results of Training Set

--------------------
Accuracy: 0.7074654791173788, F1 Score: 0.44561348306449367, Precision: 0.8345768571014567, Recall: 0.3907541238349253

              precision    recall  f1-score   support

           0       0.81      0.41      0.54      8263
           1       0.88      0.09      0.17      3968
           2       0.95      0.10      0.18      1050
           3       0.90      0.86      0.88     14541
           4       0.88      0.01      0.02      1763
           5       0.79      0.36      0.49      4392
           6       0.86      0.62      0.72     11089
           7       0.68      0.46      0.55     22288
           8       0.92      0.07      0.13      1971
           9       0.66      0.94      0.77     60017

   micro avg       0.71      0.71      0.71    129342
   macro avg       0.83      0.39      0.45    129342
weighted avg       0.74      0.71      0.67    129342
 samples avg       0.71      0.71      0.71    129342


[[ 3352     0     0    10     0    86     8   325     0  4482]
 [   13   376     0   149     0    11   119   537     0  2763]
 [   20     0   105     5     0     7    21    92     0   800]
 [   28     4     0 12471     0     9    35   749     1  1244]
 [    3     5     0    14    15     1    17    81     0  1627]
 [  128     0     1    48     0  1566    19   534     3  2093]
 [    3     9     1   182     2     0  6820   187     0  3885]
 [  147    15     2   505     0   115   143 10147     4 11210]
 [   18     1     0    66     0    22    13   342   143  1366]
 [  403    15     2   342     0   155   698  1887     5 56510]]

Results of Validation Set

--------------------
Accuracy: 0.6198914505728997, F1 Score: 0.33421660162327216, Precision: 0.5733392879017932, Recall: 0.302785788690363

              precision    recall  f1-score   support

           0       0.58      0.24      0.34      2797
           1       0.59      0.03      0.06      1370
           2       0.69      0.05      0.09       371
           3       0.83      0.78      0.81      4733
           4       0.00      0.00      0.00       600
           5       0.57      0.22      0.31      1417
           6       0.70      0.45      0.55      3795
           7       0.53      0.34      0.41      7454
           8       0.62      0.02      0.04       665
           9       0.60      0.89      0.71     19912

   micro avg       0.62      0.62      0.62     43114
   macro avg       0.57      0.30      0.33     43114
weighted avg       0.61      0.62      0.57     43114
 samples avg       0.62      0.62      0.62     43114


[[  677     0     2     6     0    41     5   150     1  1915]
 [    2    47     0    89     0     2    40   203     1   986]
 [   17     0    18     4     0     2    11    31     0   288]
 [    7     3     1  3704     0     3    34   356     0   625]
 [    1     1     0     1     0     0     3    36     0   558]
 [   64     0     1    14     0   305     7   205     0   821]
 [   10     4     0    88     0     3  1719    83     0  1888]
 [   85    17     1   291     0    70    77  2539     1  4373]
 [    8     0     0    28     0    11     3   145    15   455]
 [  291     7     3   213     0    94   549  1047     6 17702]]

Results of Test Set

--------------------
Accuracy: 0.6205176972677089, F1 Score: 0.32875770765456136, Precision: 0.5434996579394304, Recall: 0.2993290437083035

              precision    recall  f1-score   support

           0       0.58      0.24      0.34      2795
           1       0.58      0.03      0.07      1321
           2       0.48      0.03      0.05       355
           3       0.84      0.79      0.81      4700
           4       0.00      0.00      0.00       585
           5       0.55      0.19      0.28      1504
           6       0.70      0.46      0.55      3669
           7       0.53      0.34      0.41      7506
           8       0.58      0.03      0.05       666
           9       0.60      0.89      0.72     20013

   micro avg       0.62      0.62      0.62     43114
   macro avg       0.54      0.30      0.33     43114
weighted avg       0.61      0.62      0.57     43114
 samples avg       0.62      0.62      0.62     43114


[[  684     0     1     7     0    38     8   163     0  1894]
 [    5    46     0    76     0     6    42   197     1   948]
 [   12     0    10     4     0     3     9    39     0   278]
 [   10     4     1  3711     0     2    23   354     2   593]
 [    3     2     0     4     0     0     5    26     0   545]
 [   60     1     1    24     0   282    10   191     1   934]
 [    2     3     1    70     0     2  1674    92     0  1825]
 [  101    13     3   295     0    66    60  2516     6  4446]
 [   11     2     0    20     0     9     3   132    18   471]
 [  300     8     4   206     0   107   551  1022     3 17812]]

