Title: Fully Connected - Words: 2000, Batch: 128, Epochs: 7, Outputs: 128

Results of Training Set

--------------------
Accuracy: 0.7029967064062718, F1 Score: 0.4280951158367093, Precision: 0.8350670654329724, Recall: 0.38115782411111365

              precision    recall  f1-score   support

           0       0.77      0.45      0.57      8263
           1       0.91      0.05      0.10      3968
           2       0.90      0.09      0.17      1050
           3       0.90      0.86      0.88     14541
           4       1.00      0.00      0.01      1763
           5       0.74      0.31      0.44      4392
           6       0.87      0.58      0.69     11089
           7       0.65      0.48      0.55     22288
           8       0.95      0.06      0.11      1971
           9       0.66      0.93      0.77     60017

   micro avg       0.70      0.70      0.70    129342
   macro avg       0.84      0.38      0.43    129342
weighted avg       0.73      0.70      0.67    129342
 samples avg       0.70      0.70      0.70    129342


[[ 3705     0     0     4     0    85     9   427     0  4033]
 [   14   199     0   171     0     9    74   643     0  2858]
 [   40     0    96     4     0    12    22   119     0   757]
 [   25    10     0 12515     0     8    29   796     0  1158]
 [    7     0     0    18     5     5     7    74     0  1647]
 [  175     0     2    52     0  1372    14   585     1  2191]
 [    6     4     2   193     0     3  6428   273     0  4180]
 [  246     2     4   513     0   136   123 10682     2 10580]
 [   25     0     0    64     0    23    10   353   112  1384]
 [  554     4     3   361     0   196   698  2385     3 55813]]

Results of Validation Set

--------------------
Accuracy: 0.6184997912511018, F1 Score: 0.3350881878857772, Precision: 0.5777908519502258, Recall: 0.3051280810711704

              precision    recall  f1-score   support

           0       0.54      0.27      0.36      2797
           1       0.52      0.02      0.04      1370
           2       0.86      0.05      0.10       371
           3       0.83      0.78      0.81      4733
           4       0.00      0.00      0.00       600
           5       0.58      0.22      0.32      1417
           6       0.72      0.45      0.55      3795
           7       0.51      0.36      0.42      7454
           8       0.62      0.02      0.04       665
           9       0.60      0.87      0.71     19912

   micro avg       0.62      0.62      0.62     43114
   macro avg       0.58      0.31      0.34     43114
weighted avg       0.61      0.62      0.58     43114
 samples avg       0.62      0.62      0.62     43114


[[  762     0     0     6     0    42     4   200     0  1783]
 [    5    31     1    92     0     2    39   239     0   961]
 [   19     0    19     4     0     6     9    33     0   281]
 [   12     6     0  3712     0     2    34   367     0   600]
 [   10     0     0     3     0     0     5    42     0   540]
 [   70     0     0    10     0   307     5   225     1   799]
 [   11     4     0    81     0     2  1694   108     0  1895]
 [  125    10     1   283     0    69    64  2708     3  4191]
 [    8     0     0    27     0     7     4   148    13   458]
 [  397     9     1   228     0    93   506  1254     4 17420]]

Results of Test Set

--------------------
Accuracy: 0.6229299067588254, F1 Score: 0.3319179795949094, Precision: 0.5531957126019429, Recall: 0.3043474874267943

              precision    recall  f1-score   support

           0       0.55      0.29      0.38      2795
           1       0.34      0.01      0.02      1321
           2       0.75      0.03      0.06       355
           3       0.84      0.79      0.81      4700
           4       0.00      0.00      0.00       585
           5       0.56      0.20      0.29      1504
           6       0.72      0.45      0.55      3669
           7       0.52      0.37      0.43      7506
           8       0.65      0.03      0.05       666
           9       0.61      0.88      0.72     20013

   micro avg       0.62      0.62      0.62     43114
   macro avg       0.55      0.30      0.33     43114
weighted avg       0.61      0.62      0.58     43114
 samples avg       0.62      0.62      0.62     43114


[[  808     1     0     6     0    45     6   192     0  1737]
 [    6    15     0    77     0     1    40   221     0   961]
 [   18     0    12     4     0     2     9    38     0   272]
 [   15    10     0  3727     0     1    22   373     1   551]
 [    3     0     0     7     0     1     5    39     0   530]
 [   83     1     1    18     0   294     8   206     1   892]
 [    7     1     0    75     0     0  1655   119     0  1812]
 [  120    10     1   304     0    71    52  2743     4  4201]
 [    9     0     0    18     0    11     4   149    17   458]
 [  413     6     2   215     0   100   503  1185     3 17586]]

