Title: Fully Connected - Words: 2000, Batch: 32, Epochs: 7, Outputs: 256

Results of Training Set

--------------------
Accuracy: 0.7853056238499482, F1 Score: 0.6128113118269485, Precision: 0.8816169111959153, Recall: 0.5333854189387415

              precision    recall  f1-score   support

           0       0.85      0.65      0.74      8263
           1       0.93      0.23      0.37      3968
           2       0.95      0.31      0.47      1050
           3       0.94      0.89      0.92     14541
           4       0.98      0.13      0.24      1763
           5       0.81      0.56      0.66      4392
           6       0.92      0.73      0.82     11089
           7       0.78      0.61      0.68     22288
           8       0.92      0.26      0.40      1971
           9       0.73      0.95      0.83     60017

   micro avg       0.79      0.79      0.79    129342
   macro avg       0.88      0.53      0.61    129342
weighted avg       0.80      0.79      0.77    129342
 samples avg       0.79      0.79      0.79    129342


[[ 5388     1     0     4     0    76     6   234     1  2553]
 [    9   917     0   109     0    14    72   578     1  2268]
 [   21     0   330     2     0    10    14    71     0   602]
 [   21    19     0 12994     0    12    20   508     3   964]
 [    8     3     2    11   237     5     6    53     0  1438]
 [  128     0     3    23     1  2438    11   430    10  1348]
 [   13     6     1    74     0     5  8122   190     0  2678]
 [  191    22     6   315     2   176   111 13637    17  7811]
 [   27     1     0    42     0    38     8   252   511  1092]
 [  505    19     5   187     2   239   415  1632    14 56999]]

Results of Validation Set

--------------------
Accuracy: 0.6216774133692072, F1 Score: 0.3659878304700178, Precision: 0.604829249499355, Recall: 0.3298644524033415

              precision    recall  f1-score   support

           0       0.53      0.33      0.41      2797
           1       0.50      0.07      0.12      1370
           2       0.67      0.08      0.14       371
           3       0.85      0.77      0.81      4733
           4       0.78      0.01      0.02       600
           5       0.51      0.29      0.37      1417
           6       0.69      0.47      0.56      3795
           7       0.52      0.37      0.44      7454
           8       0.40      0.05      0.09       665
           9       0.61      0.86      0.71     19912

   micro avg       0.62      0.62      0.62     43114
   macro avg       0.60      0.33      0.37     43114
weighted avg       0.62      0.62      0.59     43114
 samples avg       0.62      0.62      0.62     43114


[[  927     1     1     3     0    67     8   175     1  1614]
 [    6    93     0    84     0     8    48   236     3   892]
 [   34     0    28     1     0     5     8    33     0   262]
 [   13    21     0  3642     0    12    45   342     5   653]
 [    9     0     0     3     7     2     5    36     0   538]
 [   95     1     1    13     0   410    10   206     6   675]
 [   13     9     2    68     0     3  1778    92     0  1830]
 [  156    27     5   267     0   113    85  2784    14  4003]
 [   17     2     0    22     0    22     5   128    35   434]
 [  493    31     5   199     2   162   588  1309    24 17099]]

Results of Test Set

--------------------
Accuracy: 0.6212831098946978, F1 Score: 0.36267014484298293, Precision: 0.5708714011594908, Recall: 0.3271862512099095

              precision    recall  f1-score   support

           0       0.52      0.33      0.41      2795
           1       0.47      0.05      0.10      1321
           2       0.54      0.06      0.11       355
           3       0.85      0.78      0.81      4700
           4       0.46      0.01      0.02       585
           5       0.50      0.26      0.34      1504
           6       0.69      0.47      0.56      3669
           7       0.51      0.37      0.43      7506
           8       0.55      0.08      0.13       666
           9       0.61      0.86      0.71     20013

   micro avg       0.62      0.62      0.62     43114
   macro avg       0.57      0.33      0.36     43114
weighted avg       0.61      0.62      0.59     43114
 samples avg       0.62      0.62      0.62     43114


[[  930     0     2     7     0    81     6   180     2  1587]
 [   10    71     0    63     0     6    42   212     0   917]
 [   30     0    22     2     0     7    10    41     0   243]
 [   19    16     1  3667     0     6    33   364     2   592]
 [    8     0     0     6     6     3     9    38     0   515]
 [   84     3     0    22     0   397    12   194     6   786]
 [    7     6     1    63     0     3  1710   118     2  1759]
 [  171    21     6   287     1   111    75  2767    12  4055]
 [   10     0     0    15     0    15     3   127    51   445]
 [  528    33     9   173     6   171   574  1337    17 17165]]

