Title: Fully Connected - Words: 2000, Batch: 64, Epochs: 7, Outputs: 256

Results of Training Set

--------------------
Accuracy: 0.7780689953765985, F1 Score: 0.5940408392964249, Precision: 0.8835547263910026, Recall: 0.5128339368464816

              precision    recall  f1-score   support

           0       0.88      0.61      0.72      8263
           1       0.91      0.24      0.38      3968
           2       0.96      0.27      0.42      1050
           3       0.93      0.90      0.92     14541
           4       0.99      0.11      0.20      1763
           5       0.81      0.51      0.63      4392
           6       0.93      0.71      0.81     11089
           7       0.79      0.57      0.66     22288
           8       0.92      0.24      0.38      1971
           9       0.72      0.96      0.82     60017

   micro avg       0.78      0.78      0.78    129342
   macro avg       0.88      0.51      0.59    129342
weighted avg       0.80      0.78      0.76    129342
 samples avg       0.78      0.78      0.78    129342


[[ 5027     2     0     3     0    83     6   248     1  2893]
 [   11   941     0   118     0    13    79   464     1  2341]
 [   27     3   281     3     0     9    14   103     0   610]
 [   10    12     0 13102     0     9    16   481     5   906]
 [    5     3     0    13   201     4     4    68     0  1465]
 [  124     2     2    30     0  2248    12   405    10  1559]
 [    8    14     2   157     0     2  7873   199     3  2831]
 [  171    36     6   357     0   175   102 12795    13  8633]
 [   20     2     0    48     0    28    10   251   479  1133]
 [  342    20     2   217     3   196   313  1225     9 57690]]

Results of Validation Set

--------------------
Accuracy: 0.6244143433687434, F1 Score: 0.3601707994830366, Precision: 0.593932078133808, Recall: 0.3230524555531592

              precision    recall  f1-score   support

           0       0.56      0.29      0.38      2797
           1       0.52      0.07      0.12      1370
           2       0.67      0.07      0.13       371
           3       0.83      0.79      0.81      4733
           4       0.45      0.01      0.02       600
           5       0.53      0.26      0.35      1417
           6       0.71      0.46      0.56      3795
           7       0.54      0.36      0.43      7454
           8       0.52      0.05      0.09       665
           9       0.61      0.88      0.72     19912

   micro avg       0.62      0.62      0.62     43114
   macro avg       0.59      0.32      0.36     43114
weighted avg       0.62      0.62      0.59     43114
 samples avg       0.62      0.62      0.62     43114


[[  815     0     2     9     0    57     8   154     2  1750]
 [    4    96     1    84     0     3    47   211     0   924]
 [   16     1    26     2     0     5    10    37     1   273]
 [   13    15     1  3737     0     9    26   302     1   629]
 [    5     0     0     3     5     0     3    38     0   546]
 [   63     0     1    16     0   371     4   196     3   763]
 [   12    10     2    84     1     2  1738    85     0  1861]
 [  132    27     2   300     1    86    74  2665     9  4158]
 [   10     1     1    29     0    15     5   126    32   446]
 [  381    36     3   228     4   153   537  1121    13 17436]]

Results of Test Set

--------------------
Accuracy: 0.6248318411652828, F1 Score: 0.35354471100633944, Precision: 0.5588844606220615, Recall: 0.3191507148588984

              precision    recall  f1-score   support

           0       0.54      0.29      0.37      2795
           1       0.43      0.05      0.09      1321
           2       0.50      0.05      0.10       355
           3       0.83      0.80      0.82      4700
           4       0.43      0.01      0.01       585
           5       0.52      0.24      0.33      1504
           6       0.70      0.46      0.55      3669
           7       0.54      0.35      0.42      7506
           8       0.49      0.07      0.13       666
           9       0.61      0.88      0.72     20013

   micro avg       0.62      0.62      0.62     43114
   macro avg       0.56      0.32      0.35     43114
weighted avg       0.61      0.62      0.59     43114
 samples avg       0.62      0.62      0.62     43114


[[  798     1     2    10     0    68     8   172     3  1733]
 [   13    65     1    79     0     5    42   201     1   914]
 [   24     3    19     4     0     5    11    42     0   247]
 [   14    14     2  3755     0     4    26   312     4   569]
 [    4     0     0     8     3     2     6    43     0   519]
 [   77     2     1    21     0   364     6   189     6   838]
 [    5    16     1    77     1     6  1681   108     0  1774]
 [  129    26     2   305     1    90    66  2610    17  4260]
 [   12     1     0    21     0    12     3   131    48   438]
 [  413    23    10   221     2   147   561  1022    18 17596]]

