Title: Fully Connected - Words: 2000, Batch: 128, Epochs: 7, Outputs: 256

Results of Training Set

--------------------
Accuracy: 0.7579749810579703, F1 Score: 0.5366438366448779, Precision: 0.8773241169301972, Recall: 0.4660883352462478

              precision    recall  f1-score   support

           0       0.84      0.59      0.69      8263
           1       0.93      0.15      0.26      3968
           2       0.93      0.23      0.37      1050
           3       0.92      0.89      0.91     14541
           4       0.98      0.06      0.11      1763
           5       0.81      0.43      0.56      4392
           6       0.92      0.67      0.77     11089
           7       0.78      0.55      0.64     22288
           8       0.96      0.14      0.24      1971
           9       0.70      0.96      0.81     60017

   micro avg       0.76      0.76      0.76    129342
   macro avg       0.88      0.47      0.54    129342
weighted avg       0.79      0.76      0.73    129342
 samples avg       0.76      0.76      0.76    129342


[[ 4879     0     1     8     0    63     6   221     0  3085]
 [   15   595     0   126     1    11    90   509     0  2621]
 [   33     0   243     6     0     8    10    94     0   656]
 [   22     8     1 12990     0     6    28   465     0  1021]
 [    4     1     0    17   103     4     8    75     0  1551]
 [  160     2     2    46     0  1871    11   398     5  1897]
 [    5     5     1   148     0     1  7392   196     0  3341]
 [  236    20     9   383     0   135   126 12213     5  9161]
 [   35     1     0    64     0    24    13   243   274  1317]
 [  437     8     4   258     1   180   376  1274     1 57478]]

Results of Validation Set

--------------------
Accuracy: 0.6230922670130352, F1 Score: 0.35283196572463843, Precision: 0.5900181381839238, Recall: 0.31825854673663023

              precision    recall  f1-score   support

           0       0.54      0.31      0.39      2797
           1       0.62      0.05      0.09      1370
           2       0.60      0.07      0.12       371
           3       0.83      0.79      0.81      4733
           4       0.29      0.00      0.01       600
           5       0.57      0.24      0.34      1417
           6       0.71      0.46      0.55      3795
           7       0.54      0.34      0.42      7454
           8       0.60      0.04      0.08       665
           9       0.60      0.88      0.72     19912

   micro avg       0.62      0.62      0.62     43114
   macro avg       0.59      0.32      0.35     43114
weighted avg       0.62      0.62      0.58     43114
 samples avg       0.62      0.62      0.62     43114


[[  871     0     2     9     0    38     5   148     1  1723]
 [    4    63     1    93     0     1    48   208     1   951]
 [   23     0    25     4     0     2    12    35     0   270]
 [   13     7     0  3749     0     4    37   299     0   624]
 [    9     0     0     6     2     1     6    37     0   539]
 [   81     0     3    17     0   343     4   187     5   777]
 [   12     4     0    86     0     1  1727    88     0  1877]
 [  140    17     3   311     1    76    75  2555     6  4270]
 [   10     0     0    26     0    14     4   111    29   471]
 [  459    10     8   226     4   118   517  1064     6 17500]]

Results of Test Set

--------------------
Accuracy: 0.6243215660806235, F1 Score: 0.3468627784589884, Precision: 0.5767049275914438, Recall: 0.3143200358364757

              precision    recall  f1-score   support

           0       0.53      0.31      0.39      2795
           1       0.48      0.04      0.07      1321
           2       0.49      0.05      0.09       355
           3       0.83      0.80      0.82      4700
           4       0.40      0.00      0.01       585
           5       0.55      0.22      0.31      1504
           6       0.71      0.45      0.55      3669
           7       0.55      0.35      0.43      7506
           8       0.63      0.05      0.09       666
           9       0.61      0.88      0.72     20013

   micro avg       0.62      0.62      0.62     43114
   macro avg       0.58      0.31      0.35     43114
weighted avg       0.61      0.62      0.58     43114
 samples avg       0.62      0.62      0.62     43114


[[  873     0     2     6     0    48     7   151     0  1708]
 [   13    48     1    77     0     3    41   190     0   948]
 [   20     1    18     4     0     5     9    36     0   262]
 [   13    11     1  3755     0     1    28   305     1   585]
 [    4     1     0     5     2     2     7    33     0   531]
 [   98     2     1    26     0   325    10   177     4   861]
 [    6     4     0    75     0     2  1637   123     0  1822]
 [  141    19     2   316     0    78    61  2613     7  4269]
 [   13     0     0    24     0    10     3   119    34   463]
 [  479    14    12   226     3   113   513  1033     8 17612]]

