Title: Fully Connected - Words: 2000, Batch: 32, Epochs: 7, Outputs: 512

Results of Training Set

--------------------
Accuracy: 0.8801781323931901, F1 Score: 0.812523134971572, Precision: 0.9355621582597952, Recall: 0.7368204285234753

              precision    recall  f1-score   support

           0       0.92      0.82      0.87      8263
           1       0.96      0.63      0.76      3968
           2       0.98      0.57      0.72      1050
           3       0.98      0.94      0.96     14541
           4       0.99      0.58      0.74      1763
           5       0.89      0.70      0.79      4392
           6       0.97      0.87      0.91     11089
           7       0.87      0.79      0.82     22288
           8       0.97      0.50      0.66      1971
           9       0.84      0.97      0.90     60017

   micro avg       0.88      0.88      0.88    129342
   macro avg       0.94      0.74      0.81    129342
weighted avg       0.89      0.88      0.88    129342
 samples avg       0.88      0.88      0.88    129342


[[ 6743     2     0     0     0    54     1   159     1  1303]
 [    9  2514     0    29     1     9    29   283     1  1093]
 [   21     1   601     3     0     6    12    71     0   335]
 [   11    25     0 13596     1    13    20   355     2   518]
 [    9     6     0    10  1031     4     3    56     0   644]
 [  110     4     0     8     0  3094     6   277    13   880]
 [    7     7     1    27     1     1  9642   171     1  1231]
 [  121    34     9   124     0    97    62 17510    10  4321]
 [   15     5     0    13     0    32     5   187   982   732]
 [  274    25     4   108     8   159   207  1095     6 58131]]

Results of Validation Set

--------------------
Accuracy: 0.6235097648095747, F1 Score: 0.3856908538928108, Precision: 0.5806172453628871, Recall: 0.344794675907632

              precision    recall  f1-score   support

           0       0.53      0.34      0.42      2797
           1       0.45      0.13      0.20      1370
           2       0.73      0.09      0.17       371
           3       0.84      0.78      0.81      4733
           4       0.36      0.03      0.05       600
           5       0.53      0.27      0.36      1417
           6       0.67      0.49      0.56      3795
           7       0.51      0.41      0.46      7454
           8       0.57      0.07      0.13       665
           9       0.62      0.84      0.71     19912

   micro avg       0.62      0.62      0.62     43114
   macro avg       0.58      0.34      0.39     43114
weighted avg       0.61      0.62      0.60     43114
 samples avg       0.62      0.62      0.62     43114


[[  955     3     2     7     0    57     8   186     2  1577]
 [    8   177     0    82     1     3    56   242     1   800]
 [   27     2    35     5     2     3    13    39     2   243]
 [   15    32     0  3685     0     7    36   354     3   601]
 [   10     4     0     4    15     2    11    58     0   496]
 [   84     5     0    16     0   384     7   221     5   695]
 [   11    21     0    78     2     3  1859   128     1  1692]
 [  156    50     6   250     2    90    95  3065     6  3734]
 [   10     1     0    25     1    21     8   143    47   409]
 [  526    95     5   213    19   160   700  1518    16 16660]]

Results of Test Set

--------------------
Accuracy: 0.6236953193858144, F1 Score: 0.3809004273151804, Precision: 0.5446098440200766, Recall: 0.3420798460274588

              precision    recall  f1-score   support

           0       0.51      0.34      0.41      2795
           1       0.39      0.10      0.16      1321
           2       0.58      0.09      0.16       355
           3       0.85      0.79      0.82      4700
           4       0.26      0.02      0.04       585
           5       0.52      0.25      0.34      1504
           6       0.67      0.51      0.58      3669
           7       0.51      0.40      0.45      7506
           8       0.54      0.09      0.15       666
           9       0.62      0.84      0.71     20013

   micro avg       0.62      0.62      0.62     43114
   macro avg       0.54      0.34      0.38     43114
weighted avg       0.61      0.62      0.60     43114
 samples avg       0.62      0.62      0.62     43114


[[  939     5     3     9     1    59     6   198     2  1573]
 [   20   129     0    74     1     7    52   238     0   800]
 [   30     1    33     2     0     5    11    35     0   238]
 [   14    25     1  3692     0     6    33   372     3   554]
 [    9     4     0     7    12     2    13    56     0   482]
 [   97    12     1    17     2   382    12   212     8   761]
 [   11    21     1    65     1     7  1856   152     3  1552]
 [  168    40     3   263     8   102    85  3032    12  3793]
 [   10     2     0    23     0    12     5   145    58   411]
 [  540    92    15   185    22   149   695  1536    22 16757]]

