Title: Fully Connected - Words: 2000, Batch: 64, Epochs: 7, Outputs: 512

Results of Training Set

--------------------
Accuracy: 0.876320143495539, F1 Score: 0.7925377865055058, Precision: 0.932768878502665, Recall: 0.7136231004313901

              precision    recall  f1-score   support

           0       0.92      0.82      0.87      8263
           1       0.94      0.61      0.74      3968
           2       0.97      0.54      0.69      1050
           3       0.96      0.95      0.95     14541
           4       1.00      0.49      0.66      1763
           5       0.89      0.69      0.78      4392
           6       0.98      0.84      0.90     11089
           7       0.86      0.79      0.82     22288
           8       0.97      0.45      0.61      1971
           9       0.84      0.97      0.90     60017

   micro avg       0.88      0.88      0.88    129342
   macro avg       0.93      0.71      0.79    129342
weighted avg       0.88      0.88      0.87    129342
 samples avg       0.88      0.88      0.88    129342


[[ 6768     2     1     0     0    49     2   221     1  1219]
 [    8  2406     0    53     0    16    32   290     0  1163]
 [   13     1   568     4     1     3     5    88     0   367]
 [   10    19     0 13755     0     9     8   247     1   492]
 [    9     8     1    10   868     3     5    69     0   790]
 [  100     4     2    23     0  3011     3   346    12   891]
 [    5    18     1    53     0     0  9338   189     0  1485]
 [  128    47    10   182     0   111    50 17577     9  4174]
 [   30     5     0    29     0    37     7   219   879   765]
 [  274    44     5   182     1   136   116  1078     6 58175]]

Results of Validation Set

--------------------
Accuracy: 0.6290068191306768, F1 Score: 0.391642674910634, Precision: 0.5816229314066961, Recall: 0.34958763908950424

              precision    recall  f1-score   support

           0       0.54      0.36      0.43      2797
           1       0.47      0.12      0.20      1370
           2       0.60      0.09      0.16       371
           3       0.83      0.80      0.82      4733
           4       0.37      0.03      0.06       600
           5       0.57      0.29      0.38      1417
           6       0.71      0.47      0.57      3795
           7       0.51      0.40      0.45      7454
           8       0.60      0.08      0.14       665
           9       0.62      0.85      0.72     19912

   micro avg       0.63      0.63      0.63     43114
   macro avg       0.58      0.35      0.39     43114
weighted avg       0.62      0.63      0.60     43114
 samples avg       0.63      0.63      0.63     43114


[[ 1004     5     4     9     1    48     3   221     1  1501]
 [    9   169     1    86     2     3    46   248     1   805]
 [   26     3    34     4     1     5     9    40     0   249]
 [   18    22     1  3808     2     6    29   315     3   529]
 [   11     2     0     4    18     3     4    50     0   508]
 [   88     2     2    22     0   408    10   224     8   653]
 [   20    15     3    78     1     1  1798   124     0  1755]
 [  180    54     3   303     4    90    66  2981     9  3764]
 [    9     1     0    27     0    19     8   149    53   399]
 [  497    87     9   252    20   127   552  1508    14 16846]]

Results of Test Set

--------------------
Accuracy: 0.6244839263348332, F1 Score: 0.38058574872611906, Precision: 0.5538866868856375, Recall: 0.3420592711689666

              precision    recall  f1-score   support

           0       0.52      0.34      0.41      2795
           1       0.41      0.11      0.17      1321
           2       0.54      0.08      0.15       355
           3       0.83      0.81      0.82      4700
           4       0.32      0.02      0.03       585
           5       0.52      0.26      0.34      1504
           6       0.69      0.46      0.55      3669
           7       0.51      0.40      0.45      7506
           8       0.59      0.10      0.17       666
           9       0.62      0.84      0.72     20013

   micro avg       0.62      0.62      0.62     43114
   macro avg       0.55      0.34      0.38     43114
weighted avg       0.61      0.62      0.59     43114
 samples avg       0.62      0.62      0.62     43114


[[  964     2     1    13     0    61     8   232     2  1512]
 [   12   140     0    82     0     8    44   227     0   808]
 [   29     2    30     4     0     4     9    46     0   231]
 [   16    26     2  3809     1     5    22   321     3   495]
 [    7     4     1     7    10     2    10    41     0   503]
 [   98     8     1    24     0   386     8   225     9   745]
 [    7    18     2    73     1     3  1697   153     0  1715]
 [  183    61     6   322     6   114    68  3025    11  3710]
 [   12     3     0    21     1    15     7   139    64   404]
 [  537    81    13   255    12   148   581  1568    19 16799]]

