Title: Fully Connected - Words: 2000, Batch: 128, Epochs: 7, Outputs: 512

Results of Training Set

--------------------
Accuracy: 0.8618004979047795, F1 Score: 0.7381516077797892, Precision: 0.9248219370312265, Recall: 0.6538890799715099

              precision    recall  f1-score   support

           0       0.93      0.75      0.83      8263
           1       0.95      0.46      0.62      3968
           2       0.97      0.44      0.61      1050
           3       0.97      0.93      0.95     14541
           4       0.99      0.36      0.53      1763
           5       0.86      0.63      0.72      4392
           6       0.96      0.86      0.91     11089
           7       0.84      0.79      0.82     22288
           8       0.96      0.35      0.51      1971
           9       0.82      0.97      0.89     60017

   micro avg       0.86      0.86      0.86    129342
   macro avg       0.92      0.65      0.74    129342
weighted avg       0.87      0.86      0.85    129342
 samples avg       0.86      0.86      0.86    129342


[[ 6235     4     0     2     0    76     7   265     0  1674]
 [   10  1823     0    62     3    19    56   505     0  1490]
 [   15     3   466     3     0     9    19   126     0   409]
 [   13    17     0 13496     0    10    19   378     3   605]
 [    7    10     0    13   634     4     8   109     0   978]
 [   89     4     1    17     1  2754     8   384     9  1125]
 [    3    14     1    20     2     6  9515   217     0  1311]
 [  101    22     8   140     1   133    73 17681     7  4122]
 [   20     3     0    32     0    38    15   275   681   907]
 [  219    22     4   120     2   168   179  1115     6 58182]]

Results of Validation Set

--------------------
Accuracy: 0.6276615484529388, F1 Score: 0.38109061990702126, Precision: 0.589097464371523, Recall: 0.3426565518054655

              precision    recall  f1-score   support

           0       0.55      0.32      0.40      2797
           1       0.51      0.10      0.16      1370
           2       0.62      0.09      0.16       371
           3       0.85      0.79      0.82      4733
           4       0.54      0.02      0.04       600
           5       0.53      0.29      0.38      1417
           6       0.68      0.50      0.58      3795
           7       0.51      0.42      0.46      7454
           8       0.49      0.06      0.10       665
           9       0.62      0.84      0.72     19912

   micro avg       0.63      0.63      0.63     43114
   macro avg       0.59      0.34      0.38     43114
weighted avg       0.62      0.63      0.60     43114
 samples avg       0.63      0.63      0.63     43114


[[  883     1     3     6     1    80    12   204     1  1606]
 [    5   133     1    84     1     6    55   238     3   844]
 [   31     1    33     3     0     5     9    44     0   245]
 [   18    15     1  3733     1     7    38   338     6   576]
 [    7     1     0     3    13     1    15    55     0   505]
 [   73     2     1    12     0   418     6   240     5   660]
 [   12    13     2    80     1     3  1892   125     0  1667]
 [  147    37     3   254     1   101    96  3139    11  3665]
 [    8     0     0    26     0    21     5   148    38   419]
 [  435    60     9   206     6   152   652  1599    14 16779]]

Results of Test Set

--------------------
Accuracy: 0.6262003061650508, F1 Score: 0.37302142628532725, Precision: 0.5606605874590334, Recall: 0.3370311081336214

              precision    recall  f1-score   support

           0       0.54      0.32      0.41      2795
           1       0.43      0.08      0.13      1321
           2       0.51      0.07      0.12       355
           3       0.85      0.79      0.82      4700
           4       0.44      0.02      0.04       585
           5       0.52      0.26      0.35      1504
           6       0.67      0.50      0.57      3669
           7       0.51      0.42      0.46      7506
           8       0.52      0.07      0.12       666
           9       0.62      0.84      0.72     20013

   micro avg       0.63      0.63      0.63     43114
   macro avg       0.56      0.34      0.37     43114
weighted avg       0.61      0.63      0.60     43114
 samples avg       0.63      0.63      0.63     43114


[[  904     4     2     8     2    74    10   241     2  1548]
 [   12   103     0    73     0     9    46   234     1   843]
 [   21     3    24     4     0     6    11    50     0   236]
 [   14    11     2  3733     1     5    31   359     2   542]
 [    9     4     1     4    11     2    13    45     0   496]
 [   84     2     1    19     0   391    15   232     7   753]
 [    9    15     3    68     0     3  1828   150     2  1591]
 [  152    33     3   263     4   104    82  3150    11  3704]
 [   15     2     0    19     0    17     3   141    47   422]
 [  448    63    11   195     7   140   704  1619    19 16807]]

