Title: Fully Connected - Words: 2000, Batch: 32, Epochs: 8, Outputs: 10

Results of Training Set

--------------------
Accuracy: 0.6006324318473505, F1 Score: 0.23603447638623232, Precision: 0.3628144711179366, Recall: 0.23250302605736345

              precision    recall  f1-score   support

           0       0.77      0.02      0.03      8263
           1       0.00      0.00      0.00      3968
           2       0.00      0.00      0.00      1050
           3       0.88      0.77      0.82     14541
           4       0.00      0.00      0.00      1763
           5       0.00      0.00      0.00      4392
           6       0.82      0.39      0.53     11089
           7       0.62      0.17      0.27     22288
           8       0.00      0.00      0.00      1971
           9       0.55      0.97      0.71     60017

   micro avg       0.60      0.60      0.60    129342
   macro avg       0.36      0.23      0.24    129342
weighted avg       0.58      0.60      0.51    129342
 samples avg       0.60      0.60      0.60    129342


[[  144     0     0     2     0     0     1    17     0  8099]
 [    0     0     0   196     0     0    42   256     0  3474]
 [    4     0     0     2     0     0    17    27     0  1000]
 [    2     0     0 11252     0     0    28   937     0  2322]
 [    0     0     0     9     0     0     4    27     0  1723]
 [    5     0     0    40     0     0     9   159     0  4179]
 [    0     0     0   203     0     0  4379   100     0  6407]
 [    1     0     0   698     0     0    83  3805     0 17701]
 [    0     0     0    55     0     0     6   162     0  1748]
 [   32     0     0   397     0     0   801   680     0 58107]]

Results of Validation Set

--------------------
Accuracy: 0.5863060722735074, F1 Score: 0.22672687900303087, Precision: 0.3407272786551142, Recall: 0.2246511852333728

              precision    recall  f1-score   support

           0       0.66      0.02      0.03      2797
           1       0.00      0.00      0.00      1370
           2       0.00      0.00      0.00       371
           3       0.85      0.74      0.79      4733
           4       0.00      0.00      0.00       600
           5       0.00      0.00      0.00      1417
           6       0.78      0.37      0.50      3795
           7       0.57      0.16      0.24      7454
           8       0.00      0.00      0.00       665
           9       0.55      0.96      0.70     19912

   micro avg       0.59      0.59      0.59     43114
   macro avg       0.34      0.22      0.23     43114
weighted avg       0.56      0.59      0.50     43114
 samples avg       0.59      0.59      0.59     43114


[[   49     0     0     3     0     0     1    14     0  2730]
 [    0     0     0    86     0     0    22    81     0  1181]
 [    3     0     0     1     0     0     6     6     0   355]
 [    0     0     0  3519     0     0    18   340     0   856]
 [    0     0     0     2     0     0     0    10     0   588]
 [    3     0     0     9     0     0     2    69     0  1334]
 [    1     0     0    82     0     0  1396    32     0  2284]
 [    4     0     0   258     0     0    27  1161     0  6004]
 [    0     0     0    20     0     0     2    61     0   582]
 [   14     0     0   176     0     0   319   250     0 19153]]

Results of Test Set

--------------------
Accuracy: 0.588045646425755, F1 Score: 0.22769341746750307, Precision: 0.3457369907928422, Recall: 0.22587205117340128

              precision    recall  f1-score   support

           0       0.71      0.02      0.03      2795
           1       0.00      0.00      0.00      1321
           2       0.00      0.00      0.00       355
           3       0.85      0.75      0.80      4700
           4       0.00      0.00      0.00       585
           5       0.00      0.00      0.00      1504
           6       0.77      0.38      0.51      3669
           7       0.58      0.15      0.24      7506
           8       0.00      0.00      0.00       666
           9       0.55      0.96      0.70     20013

   micro avg       0.59      0.59      0.59     43114
   macro avg       0.35      0.23      0.23     43114
weighted avg       0.56      0.59      0.50     43114
 samples avg       0.59      0.59      0.59     43114


[[   46     0     0     1     0     0     0    17     0  2731]
 [    0     0     0    58     0     0    18    92     0  1153]
 [    0     0     0     2     0     0     6     7     0   340]
 [    2     0     0  3537     0     0    14   333     0   814]
 [    0     0     0     4     0     0     3    10     0   568]
 [    2     0     0    16     0     0     5    48     0  1433]
 [    0     0     0    75     0     0  1377    25     0  2192]
 [    1     0     0   268     0     0    27  1146     0  6064]
 [    0     0     0    17     0     0     3    54     0   592]
 [   14     0     0   161     0     0   330   261     0 19247]]

