Title: Fully Connected - Words: 2000, Batch: 64, Epochs: 8, Outputs: 10

Results of Training Set

--------------------
Accuracy: 0.5965270368480463, F1 Score: 0.22784463738841945, Precision: 0.37454222862883046, Recall: 0.22313730650610247

              precision    recall  f1-score   support

           0       0.88      0.00      0.00      8263
           1       0.00      0.00      0.00      3968
           2       0.00      0.00      0.00      1050
           3       0.89      0.74      0.81     14541
           4       0.00      0.00      0.00      1763
           5       0.00      0.00      0.00      4392
           6       0.84      0.29      0.43     11089
           7       0.58      0.23      0.33     22288
           8       0.00      0.00      0.00      1971
           9       0.55      0.97      0.70     60017

   micro avg       0.60      0.60      0.60    129342
   macro avg       0.37      0.22      0.23    129342
weighted avg       0.59      0.60      0.51    129342
 samples avg       0.60      0.60      0.60    129342


[[    7     0     0     2     0     0     1    49     0  8204]
 [    0     0     0   160     0     0    25   385     0  3398]
 [    0     0     0     1     0     0     7    25     0  1017]
 [    0     0     0 10820     0     0    39  1331     0  2351]
 [    0     0     0     5     0     0     5    36     0  1717]
 [    0     0     0    27     0     0     4   249     0  4112]
 [    0     0     0   207     0     0  3235   115     0  7532]
 [    0     0     0   531     0     0    47  5085     0 16625]
 [    0     0     0    48     0     0     5   254     0  1664]
 [    1     0     0   350     0     0   475  1182     0 58009]]

Results of Validation Set

--------------------
Accuracy: 0.5829428955791622, F1 Score: 0.22019877056376608, Precision: 0.3507634957569308, Recall: 0.21681700956486902

              precision    recall  f1-score   support

           0       0.75      0.00      0.00      2797
           1       0.00      0.00      0.00      1370
           2       0.00      0.00      0.00       371
           3       0.86      0.71      0.78      4733
           4       0.00      0.00      0.00       600
           5       0.00      0.00      0.00      1417
           6       0.81      0.28      0.42      3795
           7       0.54      0.21      0.30      7454
           8       0.00      0.00      0.00       665
           9       0.55      0.96      0.70     19912

   micro avg       0.58      0.58      0.58     43114
   macro avg       0.35      0.22      0.22     43114
weighted avg       0.56      0.58      0.50     43114
 samples avg       0.58      0.58      0.58     43114


[[    3     0     0     3     0     0     0    27     0  2764]
 [    0     0     0    68     0     0    13   134     0  1155]
 [    0     0     0     1     0     0     3     8     0   359]
 [    0     0     0  3383     0     0    19   475     0   856]
 [    0     0     0     2     0     0     0    13     0   585]
 [    0     0     0     6     0     0     1    93     0  1317]
 [    0     0     0    80     0     0  1074    32     0  2609]
 [    0     0     0   210     0     0    17  1562     0  5665]
 [    0     0     0    15     0     0     2    97     0   551]
 [    1     0     0   146     0     0   202   452     0 19111]]

Results of Test Set

--------------------
Accuracy: 0.5840794173586306, F1 Score: 0.2199969176322359, Precision: 0.35524861038051064, Recall: 0.2166468750419405

              precision    recall  f1-score   support

           0       0.80      0.00      0.00      2795
           1       0.00      0.00      0.00      1321
           2       0.00      0.00      0.00       355
           3       0.87      0.72      0.79      4700
           4       0.00      0.00      0.00       585
           5       0.00      0.00      0.00      1504
           6       0.80      0.28      0.41      3669
           7       0.54      0.21      0.30      7506
           8       0.00      0.00      0.00       666
           9       0.55      0.96      0.70     20013

   micro avg       0.58      0.58      0.58     43114
   macro avg       0.36      0.22      0.22     43114
weighted avg       0.56      0.58      0.50     43114
 samples avg       0.58      0.58      0.58     43114


[[    4     0     0     1     0     0     1    35     0  2754]
 [    0     0     0    50     0     0    10   142     0  1119]
 [    0     0     0     2     0     0     4     7     0   342]
 [    0     0     0  3374     0     0    19   490     0   817]
 [    0     0     0     4     0     0     1    13     0   567]
 [    0     0     0    15     0     0     5    73     0  1411]
 [    0     0     0    68     0     0  1023    36     0  2542]
 [    0     0     0   222     0     0    16  1561     0  5707]
 [    0     0     0    18     0     0     2    81     0   565]
 [    1     0     0   136     0     0   203   453     0 19220]]

