Title: Fully Connected - Words: 1000, Batch: 64, Epochs: 2, Outputs: 128

Results of Training Set

--------------------
Accuracy: 0.6227211578605557, F1 Score: 0.2993353687452628, Precision: 0.5814512340513053, Recall: 0.2773055820842435

              precision    recall  f1-score   support

           0       0.64      0.14      0.24      8263
           1       0.83      0.00      0.00      3968
           2       0.95      0.02      0.04      1050
           3       0.84      0.80      0.82     14541
           4       0.00      0.00      0.00      1763
           5       0.64      0.13      0.22      4392
           6       0.76      0.45      0.57     11089
           7       0.57      0.31      0.40     22288
           8       0.00      0.00      0.00      1971
           9       0.59      0.92      0.72     60017

   micro avg       0.62      0.62      0.62    129342
   macro avg       0.58      0.28      0.30    129342
weighted avg       0.63      0.62      0.57    129342
 samples avg       0.62      0.62      0.62    129342


[[ 1193     0     0    12     0    74    17   317     0  6650]
 [    9     5     0   230     0     3    84   471     0  3166]
 [   20     0    19     8     0    10    22    72     0   899]
 [   17     0     0 11595     0     5    67   925     0  1932]
 [    4     0     0    23     0     1    11    59     0  1665]
 [   65     0     0    68     0   582    13   446     0  3218]
 [    3     0     0   246     0     1  4978   211     0  5650]
 [  106     1     1   958     0    98   155  6899     0 14070]
 [    8     0     0    70     0    13    23   375     0  1482]
 [  444     0     0   631     0   126  1161  2382     0 55273]]

Results of Validation Set

--------------------
Accuracy: 0.6033538989655333, F1 Score: 0.2797021930612513, Precision: 0.4733145692934791, Recall: 0.26264217577240373

              precision    recall  f1-score   support

           0       0.58      0.12      0.20      2797
           1       0.00      0.00      0.00      1370
           2       1.00      0.01      0.02       371
           3       0.82      0.78      0.80      4733
           4       0.00      0.00      0.00       600
           5       0.50      0.10      0.17      1417
           6       0.72      0.41      0.52      3795
           7       0.53      0.29      0.38      7454
           8       0.00      0.00      0.00       665
           9       0.57      0.91      0.70     19912

   micro avg       0.60      0.60      0.60     43114
   macro avg       0.47      0.26      0.28     43114
weighted avg       0.57      0.60      0.54     43114
 samples avg       0.60      0.60      0.60     43114


[[  345     0     0     5     0    32     4    90     0  2321]
 [    2     0     0    96     0     3    38   183     0  1048]
 [    4     0     4     4     0     1     7    17     0   334]
 [    3     0     0  3686     0     1    26   322     0   695]
 [    0     0     0     4     0     0     4    38     0   554]
 [   23     0     0    14     0   144     4   158     0  1074]
 [    3     0     0    82     0     0  1558    64     0  2088]
 [   50     0     0   353     0    46    46  2181     0  4778]
 [    3     0     0    22     0     6     4   136     0   494]
 [  158     0     0   256     0    55   459   889     0 18095]]

Results of Test Set

--------------------
Accuracy: 0.6028900125249339, F1 Score: 0.27715756724982066, Precision: 0.4709356981686653, Recall: 0.2607967767957019

              precision    recall  f1-score   support

           0       0.55      0.12      0.19      2795
           1       0.00      0.00      0.00      1321
           2       1.00      0.01      0.02       355
           3       0.82      0.78      0.80      4700
           4       0.00      0.00      0.00       585
           5       0.52      0.10      0.16      1504
           6       0.71      0.41      0.52      3669
           7       0.53      0.28      0.37      7506
           8       0.00      0.00      0.00       666
           9       0.58      0.91      0.71     20013

   micro avg       0.60      0.60      0.60     43114
   macro avg       0.47      0.26      0.28     43114
weighted avg       0.57      0.60      0.54     43114
 samples avg       0.60      0.60      0.60     43114


[[  323     0     0     3     0    27     7   117     0  2318]
 [    5     0     0    66     0     1    34   172     0  1043]
 [    8     0     4     4     0     2     7    24     0   306]
 [    4     0     0  3663     0     0    25   346     0   662]
 [    3     0     0     7     0     0     5    25     0   545]
 [   31     0     0    15     0   147    10   148     0  1153]
 [    0     0     0    78     0     2  1504    71     0  2014]
 [   47     0     0   381     0    44    47  2128     0  4859]
 [    3     0     0    20     0     7     3   144     0   489]
 [  158     0     0   234     0    52   471   874     0 18224]]

