Title: Fully Connected - Words: 2000, Batch: 128, Epochs: 8, Outputs: 10

Results of Training Set

--------------------
Accuracy: 0.5937205238824202, F1 Score: 0.22740497560896594, Precision: 0.36164071144365134, Recall: 0.22341457708457443

              precision    recall  f1-score   support

           0       0.73      0.03      0.05      8263
           1       0.00      0.00      0.00      3968
           2       0.00      0.00      0.00      1050
           3       0.87      0.77      0.81     14541
           4       0.00      0.00      0.00      1763
           5       0.00      0.00      0.00      4392
           6       0.84      0.30      0.44     11089
           7       0.63      0.17      0.27     22288
           8       0.00      0.00      0.00      1971
           9       0.55      0.97      0.70     60017

   micro avg       0.59      0.59      0.59    129342
   macro avg       0.36      0.22      0.23    129342
weighted avg       0.58      0.59      0.50    129342
 samples avg       0.59      0.59      0.59    129342


[[  213     0     0     3     0     1     1    48     0  7997]
 [    1     0     0   176     0     0    22   233     0  3536]
 [    1     0     0     1     0     0     7    18     0  1023]
 [    4     0     0 11166     0     0    25   742     0  2604]
 [    0     0     0    11     0     0     4    18     0  1730]
 [   19     0     0    43     0     0     3   162     0  4165]
 [    0     0     0   194     0     0  3313    73     0  7509]
 [    6     0     0   857     0     0    42  3793     0 17590]
 [    0     0     0    61     0     0     8   175     0  1727]
 [   47     0     0   383     0     0   523   756     0 58308]]

Results of Validation Set

--------------------
Accuracy: 0.5816440135454841, F1 Score: 0.2208225507317252, Precision: 0.4442422159679752, Recall: 0.21787233099611542

              precision    recall  f1-score   support

           0       0.67      0.03      0.05      2797
           1       0.00      0.00      0.00      1370
           2       0.00      0.00      0.00       371
           3       0.85      0.74      0.79      4733
           4       0.00      0.00      0.00       600
           5       1.00      0.00      0.00      1417
           6       0.80      0.28      0.42      3795
           7       0.59      0.16      0.25      7454
           8       0.00      0.00      0.00       665
           9       0.54      0.97      0.69     19912

   micro avg       0.58      0.58      0.58     43114
   macro avg       0.44      0.22      0.22     43114
weighted avg       0.59      0.58      0.49     43114
 samples avg       0.58      0.58      0.58     43114


[[   76     0     0     3     0     0     1    21     0  2696]
 [    1     0     0    76     0     0    17    82     0  1194]
 [    1     0     0     1     0     0     2     5     0   362]
 [    1     0     0  3512     0     0    12   280     0   928]
 [    0     0     0     3     0     0     0     7     0   590]
 [    6     0     0     8     0     1     0    67     0  1335]
 [    0     0     0    71     0     0  1077    23     0  2624]
 [    6     0     0   296     0     0    16  1191     0  5945]
 [    0     0     0    20     0     0     2    64     0   579]
 [   23     0     0   166     0     0   218   285     0 19220]]

Results of Test Set

--------------------
Accuracy: 0.5826181750707426, F1 Score: 0.21986112568897256, Precision: 0.4432070006124308, Recall: 0.2173424378234293

              precision    recall  f1-score   support

           0       0.65      0.02      0.05      2795
           1       0.00      0.00      0.00      1321
           2       0.00      0.00      0.00       355
           3       0.85      0.75      0.79      4700
           4       0.00      0.00      0.00       585
           5       1.00      0.00      0.00      1504
           6       0.80      0.28      0.42      3669
           7       0.59      0.15      0.24      7506
           8       0.00      0.00      0.00       666
           9       0.54      0.97      0.70     20013

   micro avg       0.58      0.58      0.58     43114
   macro avg       0.44      0.22      0.22     43114
weighted avg       0.59      0.58      0.49     43114
 samples avg       0.58      0.58      0.58     43114


[[   66     0     0     1     0     0     0    24     0  2704]
 [    0     0     0    59     0     0    11    90     0  1161]
 [    0     0     0     2     0     0     5     6     0   342]
 [    0     0     0  3502     0     0    13   263     0   922]
 [    0     0     0     4     0     0     3    10     0   568]
 [    6     0     0    15     0     2     3    47     0  1431]
 [    0     0     0    63     0     0  1035    24     0  2547]
 [    5     0     0   313     0     0    20  1156     0  6012]
 [    0     0     0    21     0     0     1    59     0   585]
 [   25     0     0   157     0     0   196   277     0 19358]]

