Title: Fully Connected - Words: 2000, Batch: 32, Epochs: 8, Outputs: 16

Results of Training Set

--------------------
Accuracy: 0.6158401756583322, F1 Score: 0.2573121887032201, Precision: 0.5277566245113112, Recall: 0.24848707167530062

              precision    recall  f1-score   support

           0       0.69      0.04      0.08      8263
           1       0.96      0.01      0.01      3968
           2       0.00      0.00      0.00      1050
           3       0.86      0.80      0.83     14541
           4       0.00      0.00      0.00      1763
           5       0.77      0.02      0.03      4392
           6       0.82      0.40      0.54     11089
           7       0.61      0.27      0.37     22288
           8       0.00      0.00      0.00      1971
           9       0.57      0.95      0.71     60017

   micro avg       0.62      0.62      0.62    129342
   macro avg       0.53      0.25      0.26    129342
weighted avg       0.64      0.62      0.54    129342
 samples avg       0.62      0.62      0.62    129342


[[  343     0     0     3     0     0     1   105     0  7811]
 [    1    22     0   255     0     2    36   426     0  3226]
 [    3     0     0     5     0     0    11    38     0   993]
 [    3     0     0 11673     0     0    28   882     0  1955]
 [    1     0     0    16     0     0     4    31     0  1711]
 [   27     0     0    56     0    67     4   412     0  3826]
 [    0     0     0   221     0     0  4427   140     0  6301]
 [   19     0     0   844     0     5    71  5986     0 15363]
 [    1     0     0    64     0     2     5   259     0  1640]
 [  100     1     0   485     0    11   814  1470     0 57136]]

Results of Validation Set

--------------------
Accuracy: 0.5963956023565431, F1 Score: 0.2429769733002452, Precision: 0.45733804429294633, Recall: 0.23707566042982925

              precision    recall  f1-score   support

           0       0.62      0.03      0.06      2797
           1       0.50      0.00      0.00      1370
           2       0.00      0.00      0.00       371
           3       0.83      0.77      0.80      4733
           4       0.00      0.00      0.00       600
           5       0.72      0.01      0.03      1417
           6       0.78      0.37      0.50      3795
           7       0.56      0.24      0.33      7454
           8       0.00      0.00      0.00       665
           9       0.56      0.94      0.70     19912

   micro avg       0.60      0.60      0.60     43114
   macro avg       0.46      0.24      0.24     43114
weighted avg       0.59      0.60      0.52     43114
 samples avg       0.60      0.60      0.60     43114


[[   95     0     0     4     0     1     2    42     0  2653]
 [    0     1     0    98     0     0    19   146     0  1106]
 [    3     0     0     1     0     0     5    12     0   350]
 [    2     0     0  3653     0     0    18   318     0   742]
 [    0     0     0     2     0     0     1    18     0   579]
 [    9     0     0    11     0    21     2   141     0  1233]
 [    0     0     0    89     0     0  1404    45     0  2257]
 [   10     1     0   333     0     4    23  1763     0  5320]
 [    1     0     0    23     0     0     2    98     0   541]
 [   32     0     0   202     0     3   327   572     0 18776]]

Results of Test Set

--------------------
Accuracy: 0.597856844644431, F1 Score: 0.24361879330677927, Precision: 0.46838504834653893, Recall: 0.23750627970931645

              precision    recall  f1-score   support

           0       0.62      0.04      0.07      2795
           1       0.75      0.00      0.00      1321
           2       0.00      0.00      0.00       355
           3       0.83      0.77      0.80      4700
           4       0.00      0.00      0.00       585
           5       0.60      0.01      0.02      1504
           6       0.76      0.37      0.49      3669
           7       0.57      0.24      0.34      7506
           8       0.00      0.00      0.00       666
           9       0.56      0.94      0.70     20013

   micro avg       0.60      0.60      0.60     43114
   macro avg       0.47      0.24      0.24     43114
weighted avg       0.60      0.60      0.52     43114
 samples avg       0.60      0.60      0.60     43114


[[  105     0     0     3     0     2     2    55     0  2628]
 [    0     3     0    73     0     0    18   144     0  1083]
 [    1     0     0     3     0     0     5    13     0   333]
 [    1     0     0  3631     0     0    15   332     0   721]
 [    0     0     0     5     0     0     4    14     0   562]
 [    9     0     0    17     0    18     7   129     0  1324]
 [    0     0     0    74     0     0  1349    49     0  2197]
 [    8     1     0   345     0     4    27  1804     0  5317]
 [    0     0     0    20     0     1     3    99     0   543]
 [   46     0     0   196     0     5   353   547     0 18866]]

