Title: Fully Connected - Words: 2000, Batch: 64, Epochs: 8, Outputs: 16

Results of Training Set

--------------------
Accuracy: 0.6121058898115075, F1 Score: 0.2503356945352289, Precision: 0.4305848448519873, Recall: 0.24429315006848767

              precision    recall  f1-score   support

           0       0.73      0.03      0.05      8263
           1       0.00      0.00      0.00      3968
           2       0.00      0.00      0.00      1050
           3       0.87      0.78      0.83     14541
           4       0.00      0.00      0.00      1763
           5       0.71      0.01      0.01      4392
           6       0.79      0.44      0.57     11089
           7       0.64      0.23      0.34     22288
           8       0.00      0.00      0.00      1971
           9       0.57      0.96      0.71     60017

   micro avg       0.61      0.61      0.61    129342
   macro avg       0.43      0.24      0.25    129342
weighted avg       0.61      0.61      0.53    129342
 samples avg       0.61      0.61      0.61    129342


[[  211     0     0     5     0     1     2   106     0  7938]
 [    0     0     0   192     0     0    47   336     0  3393]
 [    0     0     0     4     0     0    11    51     0   984]
 [    2     0     0 11365     0     0    40   720     0  2414]
 [    0     0     0    13     0     0     8    18     0  1724]
 [    8     0     0    39     0    22     7   348     0  3968]
 [    0     0     0   194     0     0  4869    95     0  5931]
 [    9     0     0   744     0     3    85  5210     0 16237]
 [    3     0     0    57     0     0    15   265     0  1631]
 [   58     0     0   380     0     5  1043  1037     0 57494]]

Results of Validation Set

--------------------
Accuracy: 0.592939648374078, F1 Score: 0.23813421451933486, Precision: 0.4065812966714997, Recall: 0.23363784416411093

              precision    recall  f1-score   support

           0       0.64      0.03      0.05      2797
           1       0.00      0.00      0.00      1370
           2       0.00      0.00      0.00       371
           3       0.85      0.75      0.79      4733
           4       0.00      0.00      0.00       600
           5       0.70      0.00      0.01      1417
           6       0.75      0.40      0.52      3795
           7       0.58      0.21      0.30      7454
           8       0.00      0.00      0.00       665
           9       0.55      0.95      0.70     19912

   micro avg       0.59      0.59      0.59     43114
   macro avg       0.41      0.23      0.24     43114
weighted avg       0.58      0.59      0.51     43114
 samples avg       0.59      0.59      0.59     43114


[[   75     0     0     4     0     2     1    37     0  2678]
 [    0     0     0    81     0     0    29   124     0  1136]
 [    1     0     0     1     0     0     5    16     0   348]
 [    0     0     0  3544     0     0    18   263     0   908]
 [    0     0     0     3     0     0     0    13     0   584]
 [    3     0     0    11     0     7     1   124     0  1271]
 [    1     0     0    76     0     0  1523    32     0  2163]
 [    6     0     0   293     0     0    34  1540     0  5581]
 [    0     0     0    21     0     0     2    95     0   547]
 [   31     0     0   158     0     1   420   427     0 18875]]

Results of Test Set

--------------------
Accuracy: 0.5944240849839959, F1 Score: 0.237246219359311, Precision: 0.3869935548213583, Recall: 0.23369566615151866

              precision    recall  f1-score   support

           0       0.65      0.02      0.04      2795
           1       0.00      0.00      0.00      1321
           2       0.00      0.00      0.00       355
           3       0.85      0.76      0.80      4700
           4       0.00      0.00      0.00       585
           5       0.50      0.00      0.01      1504
           6       0.74      0.40      0.52      3669
           7       0.58      0.20      0.30      7506
           8       0.00      0.00      0.00       666
           9       0.56      0.95      0.70     20013

   micro avg       0.59      0.59      0.59     43114
   macro avg       0.39      0.23      0.24     43114
weighted avg       0.57      0.59      0.51     43114
 samples avg       0.59      0.59      0.59     43114


[[   63     0     0     4     0     3     2    57     0  2666]
 [    0     0     0    61     0     0    24   120     0  1116]
 [    0     0     0     2     0     0     7    21     0   325]
 [    0     0     0  3563     0     0    24   266     0   847]
 [    0     0     0     5     0     0     6     8     0   566]
 [    7     0     0    18     0     6     8   102     0  1363]
 [    0     0     0    64     0     0  1470    36     0  2099]
 [    2     0     0   305     0     1    31  1514     0  5653]
 [    0     0     0    20     0     1     2    95     0   548]
 [   25     0     0   151     0     1   418   406     0 19012]]

