Title: Fully Connected - Words: 2000, Batch: 128, Epochs: 8, Outputs: 16

Results of Training Set

--------------------
Accuracy: 0.6156623525227691, F1 Score: 0.25854887651610825, Precision: 0.423799157348132, Recall: 0.2493802194738542

              precision    recall  f1-score   support

           0       0.69      0.03      0.06      8263
           1       0.00      0.00      0.00      3968
           2       0.00      0.00      0.00      1050
           3       0.86      0.79      0.82     14541
           4       0.00      0.00      0.00      1763
           5       0.69      0.03      0.05      4392
           6       0.82      0.42      0.56     11089
           7       0.60      0.27      0.38     22288
           8       0.00      0.00      0.00      1971
           9       0.57      0.95      0.71     60017

   micro avg       0.62      0.62      0.62    129342
   macro avg       0.42      0.25      0.26    129342
weighted avg       0.60      0.62      0.54    129342
 samples avg       0.62      0.62      0.62    129342


[[  274     0     0     4     0     9     3   113     0  7860]
 [    0     0     0   214     0     0    62   432     0  3260]
 [    3     0     0     5     0     0     8    31     0  1003]
 [    6     0     0 11461     0     1    36   999     0  2038]
 [    0     0     0    12     0     0     4    40     0  1707]
 [   11     0     0    44     0   116     7   323     0  3891]
 [    0     0     0   203     0     0  4701   137     0  6048]
 [   11     0     0   818     0    16    81  6066     0 15296]
 [    2     0     0    64     0     2    10   309     0  1584]
 [   89     0     0   449     0    24   845  1597     0 57013]]

Results of Validation Set

--------------------
Accuracy: 0.5979960105766109, F1 Score: 0.24611126573762682, Precision: 0.4051550526434752, Recall: 0.23894395832846077

              precision    recall  f1-score   support

           0       0.71      0.03      0.06      2797
           1       0.00      0.00      0.00      1370
           2       0.00      0.00      0.00       371
           3       0.84      0.76      0.79      4733
           4       0.00      0.00      0.00       600
           5       0.61      0.02      0.04      1417
           6       0.78      0.39      0.52      3795
           7       0.55      0.25      0.34      7454
           8       0.00      0.00      0.00       665
           9       0.56      0.94      0.70     19912

   micro avg       0.60      0.60      0.60     43114
   macro avg       0.41      0.24      0.25     43114
weighted avg       0.58      0.60      0.52     43114
 samples avg       0.60      0.60      0.60     43114


[[   92     0     0     3     0     7     2    47     0  2646]
 [    0     0     0    91     0     0    26   152     0  1101]
 [    1     0     0     1     0     0     3    13     0   353]
 [    2     0     0  3585     0     0    20   354     0   772]
 [    0     0     0     1     0     0     2    20     0   577]
 [    3     0     0     8     0    28     2   121     0  1255]
 [    1     0     0    87     0     0  1482    46     0  2179]
 [    7     0     0   309     0     2    33  1841     0  5262]
 [    0     0     0    20     0     2     1   118     0   524]
 [   23     0     0   181     0     7   332   615     0 18754]]

Results of Test Set

--------------------
Accuracy: 0.5994572528644988, F1 Score: 0.2458860279364529, Precision: 0.38183952115470543, Recall: 0.23961537720595497

              precision    recall  f1-score   support

           0       0.57      0.03      0.05      2795
           1       0.00      0.00      0.00      1321
           2       0.00      0.00      0.00       355
           3       0.84      0.77      0.80      4700
           4       0.00      0.00      0.00       585
           5       0.52      0.02      0.03      1504
           6       0.76      0.39      0.52      3669
           7       0.56      0.25      0.35      7506
           8       0.00      0.00      0.00       666
           9       0.56      0.94      0.70     20013

   micro avg       0.60      0.60      0.60     43114
   macro avg       0.38      0.24      0.25     43114
weighted avg       0.57      0.60      0.52     43114
 samples avg       0.60      0.60      0.60     43114


[[   77     0     0     5     0     5     2    60     0  2646]
 [    0     0     0    61     0     0    23   163     0  1074]
 [    0     0     0     3     0     0     6    10     0   336]
 [    2     0     0  3619     0     0    16   342     0   721]
 [    0     0     0     4     0     0     4    17     0   560]
 [    8     0     0    18     0    27     5    94     0  1352]
 [    0     0     0    71     0     0  1432    52     0  2114]
 [    7     0     0   312     0     9    32  1880     0  5266]
 [    0     0     0    20     0     2     2   117     0   525]
 [   41     0     0   179     0     9   359   615     0 18810]]

