Title: Fully Connected - Words: 2000, Batch: 32, Epochs: 8, Outputs: 32

Results of Training Set

--------------------
Accuracy: 0.6405575915016004, F1 Score: 0.32153006373170046, Precision: 0.6361362750000575, Recall: 0.29196119192776054

              precision    recall  f1-score   support

           0       0.69      0.23      0.34      8263
           1       1.00      0.00      0.00      3968
           2       1.00      0.03      0.05      1050
           3       0.88      0.81      0.84     14541
           4       0.00      0.00      0.00      1763
           5       0.75      0.15      0.25      4392
           6       0.83      0.45      0.58     11089
           7       0.63      0.32      0.42     22288
           8       0.00      0.00      0.00      1971
           9       0.59      0.94      0.73     60017

   micro avg       0.64      0.64      0.64    129342
   macro avg       0.64      0.29      0.32    129342
weighted avg       0.66      0.64      0.59    129342
 samples avg       0.64      0.64      0.64    129342


[[ 1864     0     0     6     0    38     5   157     0  6193]
 [    7     5     0   211     0     4    50   471     0  3220]
 [   24     0    27     3     0     7    12    76     0   901]
 [   15     0     0 11782     0     2    33   824     0  1885]
 [    2     0     0    10     0     0     3    39     0  1709]
 [  138     0     0    43     0   654    13   359     0  3185]
 [    5     0     0   201     0     2  5001   169     0  5711]
 [  144     0     0   697     0    74   106  7040     0 14227]
 [   10     0     0    64     0     7     5   340     0  1545]
 [  502     0     0   426     0    87   831  1693     0 56478]]

Results of Validation Set

--------------------
Accuracy: 0.6077144315071671, F1 Score: 0.2890558287280176, Precision: 0.491513959927774, Recall: 0.2666565890106815

              precision    recall  f1-score   support

           0       0.57      0.18      0.27      2797
           1       0.00      0.00      0.00      1370
           2       1.00      0.01      0.03       371
           3       0.84      0.76      0.80      4733
           4       0.00      0.00      0.00       600
           5       0.62      0.12      0.20      1417
           6       0.76      0.40      0.52      3795
           7       0.56      0.27      0.36      7454
           8       0.00      0.00      0.00       665
           9       0.57      0.92      0.71     19912

   micro avg       0.61      0.61      0.61     43114
   macro avg       0.49      0.27      0.29     43114
weighted avg       0.59      0.61      0.55     43114
 samples avg       0.61      0.61      0.61     43114


[[  502     0     0     6     0    18     2    64     0  2205]
 [    3     0     0    96     0     2    25   163     0  1081]
 [   13     0     5     2     0     1     6    25     0   319]
 [    5     0     0  3614     0     1    26   331     0   756]
 [    1     0     0     3     0     0     0    24     0   572]
 [   49     0     0    11     0   168     2   131     0  1056]
 [    7     0     0    78     0     2  1514    51     0  2143]
 [   70     0     0   307     0    36    37  2003     0  5001]
 [    6     0     0    21     0     6     2   119     0   511]
 [  232     0     0   182     0    36   376   691     0 18395]]

Results of Test Set

--------------------
Accuracy: 0.608456649812126, F1 Score: 0.2867805934530385, Precision: 0.5918119722210325, Recall: 0.2654778080994621

              precision    recall  f1-score   support

           0       0.58      0.18      0.27      2795
           1       1.00      0.00      0.00      1321
           2       1.00      0.01      0.02       355
           3       0.84      0.77      0.81      4700
           4       0.00      0.00      0.00       585
           5       0.63      0.10      0.18      1504
           6       0.74      0.40      0.52      3669
           7       0.56      0.27      0.36      7506
           8       0.00      0.00      0.00       666
           9       0.58      0.92      0.71     20013

   micro avg       0.61      0.61      0.61     43114
   macro avg       0.59      0.27      0.29     43114
weighted avg       0.62      0.61      0.55     43114
 samples avg       0.61      0.61      0.61     43114


[[  495     0     0     5     0    17     4    68     0  2206]
 [    3     2     0    69     0     1    30   170     0  1046]
 [   11     0     4     3     0     1     8    21     0   307]
 [    9     0     0  3631     0     0    24   335     0   701]
 [    1     0     0     4     0     0     5    14     0   561]
 [   50     0     0    18     0   156     9   110     0  1161]
 [    2     0     0    76     0     1  1466    69     0  2055]
 [   64     0     0   300     0    30    35  1991     0  5086]
 [    3     0     0    19     0     4     4   119     0   517]
 [  220     0     0   184     0    39   392   690     0 18488]]

