Title: Fully Connected - Words: 2000, Batch: 64, Epochs: 8, Outputs: 32

Results of Training Set

--------------------
Accuracy: 0.6365140480277095, F1 Score: 0.31071459402081164, Precision: 0.6172628622106359, Recall: 0.28521325447205437

              precision    recall  f1-score   support

           0       0.73      0.14      0.23      8263
           1       0.80      0.00      0.00      3968
           2       1.00      0.02      0.04      1050
           3       0.88      0.81      0.84     14541
           4       0.00      0.00      0.00      1763
           5       0.75      0.16      0.26      4392
           6       0.81      0.49      0.61     11089
           7       0.63      0.29      0.39     22288
           8       0.00      0.00      0.00      1971
           9       0.59      0.95      0.73     60017

   micro avg       0.64      0.64      0.64    129342
   macro avg       0.62      0.29      0.31    129342
weighted avg       0.65      0.64      0.58    129342
 samples avg       0.64      0.64      0.64    129342


[[ 1124     0     0     6     0    45     4   157     0  6927]
 [    2     4     0   201     0     5   112   448     0  3196]
 [   13     0    22     2     0     5    31    64     0   913]
 [    8     0     0 11756     0     3    38   818     0  1918]
 [    0     0     0    13     0     3    10    35     0  1702]
 [   80     0     0    48     0   696     8   396     0  3164]
 [    0     1     0   200     0     2  5452   129     0  5305]
 [   73     0     0   730     0    73   132  6427     0 14853]
 [    6     0     0    59     0    12    10   316     0  1568]
 [  243     0     0   417     0    86   960  1464     0 56847]]

Results of Validation Set

--------------------
Accuracy: 0.6066938813378485, F1 Score: 0.2799486658306769, Precision: 0.5921563528771664, Recall: 0.2617603317471516

              precision    recall  f1-score   support

           0       0.62      0.11      0.19      2797
           1       1.00      0.00      0.00      1370
           2       1.00      0.00      0.01       371
           3       0.84      0.76      0.80      4733
           4       0.00      0.00      0.00       600
           5       0.60      0.12      0.20      1417
           6       0.73      0.43      0.55      3795
           7       0.57      0.25      0.35      7454
           8       0.00      0.00      0.00       665
           9       0.57      0.93      0.71     19912

   micro avg       0.61      0.61      0.61     43114
   macro avg       0.59      0.26      0.28     43114
weighted avg       0.62      0.61      0.54     43114
 samples avg       0.61      0.61      0.61     43114


[[  314     0     0     3     0    21     4    55     0  2400]
 [    1     1     0    90     0     2    38   139     0  1099]
 [    5     0     1     1     0     2     5    27     0   330]
 [    2     0     0  3618     0     0    29   327     0   757]
 [    0     0     0     4     0     0     3    17     0   576]
 [   25     0     0    11     0   168     2   139     0  1072]
 [    5     0     0    75     0     1  1650    46     0  2018]
 [   37     0     0   300     0    34    54  1899     0  5130]
 [    6     0     0    23     0     7     3   112     0   514]
 [  114     0     0   180     0    47   465   600     0 18506]]

Results of Test Set

--------------------
Accuracy: 0.6067402699819084, F1 Score: 0.2782899991109191, Precision: 0.48725999836998063, Recall: 0.2609859102292225

              precision    recall  f1-score   support

           0       0.61      0.11      0.19      2795
           1       0.00      0.00      0.00      1321
           2       1.00      0.01      0.02       355
           3       0.85      0.77      0.81      4700
           4       0.00      0.00      0.00       585
           5       0.56      0.10      0.18      1504
           6       0.72      0.44      0.54      3669
           7       0.56      0.25      0.34      7506
           8       0.00      0.00      0.00       666
           9       0.57      0.93      0.71     20013

   micro avg       0.61      0.61      0.61     43114
   macro avg       0.49      0.26      0.28     43114
weighted avg       0.58      0.61      0.54     43114
 samples avg       0.61      0.61      0.61     43114


[[  312     0     0     3     0    19     6    74     0  2381]
 [    1     0     0    73     0     1    42   145     0  1059]
 [    8     0     3     4     0     2    10    23     0   305]
 [    5     0     0  3637     0     1    23   319     0   715]
 [    0     0     0     4     0     1     7    13     0   560]
 [   31     0     0    17     0   157     6   115     0  1178]
 [    0     0     0    65     0     0  1599    53     0  1952]
 [   36     0     0   312     0    42    46  1848     0  5222]
 [    0     0     0    18     0     7     4   107     0   530]
 [  115     0     0   171     0    50   483   591     0 18603]]

