Title: Fully Connected - Words: 2000, Batch: 128, Epochs: 8, Outputs: 32

Results of Training Set

--------------------
Accuracy: 0.630754124723601, F1 Score: 0.3002421502490645, Precision: 0.4312981384028201, Recall: 0.27657962676894465

              precision    recall  f1-score   support

           0       0.69      0.16      0.26      8263
           1       0.00      0.00      0.00      3968
           2       0.00      0.00      0.00      1050
           3       0.88      0.80      0.84     14541
           4       0.00      0.00      0.00      1763
           5       0.71      0.13      0.22      4392
           6       0.81      0.45      0.58     11089
           7       0.63      0.27      0.38     22288
           8       0.00      0.00      0.00      1971
           9       0.58      0.95      0.72     60017

   micro avg       0.63      0.63      0.63    129342
   macro avg       0.43      0.28      0.30    129342
weighted avg       0.62      0.63      0.57    129342
 samples avg       0.63      0.63      0.63    129342


[[ 1328     0     0     6     0    56     5   126     0  6742]
 [    4     0     0   195     0     4    52   441     0  3272]
 [   19     0     0     4     0     4    13    36     0   974]
 [   14     0     0 11658     0     2    34   804     0  2029]
 [    0     0     0    16     0     0     6    35     0  1706]
 [  117     0     0    49     0   572     8   317     0  3329]
 [    1     0     0   198     0     0  5042   135     0  5713]
 [   92     0     0   708     0    75   107  5992     0 15314]
 [   11     0     0    60     0     5    14   267     0  1614]
 [  328     0     0   412     0    87   910  1289     0 56991]]

Results of Validation Set

--------------------
Accuracy: 0.6052558333719905, F1 Score: 0.2758187641187366, Precision: 0.39176366142232544, Recall: 0.2576325938715033

              precision    recall  f1-score   support

           0       0.59      0.13      0.21      2797
           1       0.00      0.00      0.00      1370
           2       0.00      0.00      0.00       371
           3       0.84      0.77      0.80      4733
           4       0.00      0.00      0.00       600
           5       0.58      0.10      0.17      1417
           6       0.76      0.41      0.53      3795
           7       0.58      0.24      0.34      7454
           8       0.00      0.00      0.00       665
           9       0.57      0.94      0.71     19912

   micro avg       0.61      0.61      0.61     43114
   macro avg       0.39      0.26      0.28     43114
weighted avg       0.58      0.61      0.54     43114
 samples avg       0.61      0.61      0.61     43114


[[  366     0     0     5     0    23     2    45     0  2356]
 [    2     0     0    88     0     2    25   135     0  1118]
 [    4     0     0     3     0     1     5    12     0   346]
 [    6     0     0  3626     0     0    21   304     0   776]
 [    1     0     0     4     0     0     2    17     0   576]
 [   42     0     0    12     0   138     1   121     0  1103]
 [    5     0     0    78     0     0  1540    47     0  2125]
 [   45     0     0   291     0    29    42  1792     0  5255]
 [    4     0     0    20     0     4     1    97     0   539]
 [  143     0     0   187     0    42   388   519     0 18633]]

Results of Test Set

--------------------
Accuracy: 0.6039337570162824, F1 Score: 0.2714889014732205, Precision: 0.3818454885148618, Recall: 0.2548916611967088

              precision    recall  f1-score   support

           0       0.57      0.13      0.21      2795
           1       0.00      0.00      0.00      1321
           2       0.00      0.00      0.00       355
           3       0.84      0.77      0.80      4700
           4       0.00      0.00      0.00       585
           5       0.52      0.08      0.14      1504
           6       0.74      0.41      0.52      3669
           7       0.57      0.23      0.33      7506
           8       0.00      0.00      0.00       666
           9       0.57      0.94      0.71     20013

   micro avg       0.60      0.60      0.60     43114
   macro avg       0.38      0.25      0.27     43114
weighted avg       0.57      0.60      0.54     43114
 samples avg       0.60      0.60      0.60     43114


[[  352     0     0     7     0    23     7    59     0  2347]
 [    2     0     0    67     0     2    27   148     0  1075]
 [    5     0     0     3     0     3     7    11     0   326]
 [    8     0     0  3608     0     2    19   313     0   750]
 [    2     0     0     3     0     0     2    13     0   565]
 [   42     0     0    21     0   124    11   104     0  1202]
 [    2     0     0    65     0     0  1486    53     0  2063]
 [   46     0     0   305     0    40    39  1743     0  5333]
 [    1     0     0    19     0     4     2    95     0   545]
 [  155     0     0   175     0    41   395   522     0 18725]]

