Title: Fully Connected - Words: 2000, Batch: 32, Epochs: 8, Outputs: 64

Results of Training Set

--------------------
Accuracy: 0.6712436795472468, F1 Score: 0.3830513411115877, Precision: 0.8250435689309793, Recall: 0.34201494574197827

              precision    recall  f1-score   support

           0       0.75      0.33      0.46      8263
           1       0.81      0.04      0.07      3968
           2       0.97      0.06      0.11      1050
           3       0.88      0.85      0.86     14541
           4       1.00      0.00      0.00      1763
           5       0.76      0.27      0.39      4392
           6       0.83      0.56      0.67     11089
           7       0.65      0.35      0.45     22288
           8       0.98      0.03      0.05      1971
           9       0.62      0.94      0.75     60017

   micro avg       0.67      0.67      0.67    129342
   macro avg       0.83      0.34      0.38    129342
weighted avg       0.71      0.67      0.63    129342
 samples avg       0.67      0.67      0.67    129342


[[ 2745     0     0     6     0    77     5   217     0  5213]
 [   16   156     0   240     0    11   112   498     0  2935]
 [   29     0    64     2     0     5    21    51     0   878]
 [   14    12     0 12349     0     5    39   635     0  1487]
 [    1     0     0    18     1     1    10    40     0  1692]
 [  167     3     0    58     0  1169    17   434     0  2544]
 [    4     4     1   190     0     1  6200   159     0  4530]
 [  172    11     0   746     0   118   134  7727     1 13379]
 [   15     0     0    62     0    14    16   393    53  1418]
 [  501     7     1   425     0   140   907  1680     0 56356]]

Results of Validation Set

--------------------
Accuracy: 0.6139073154891682, F1 Score: 0.31391813768937193, Precision: 0.6213300623045106, Recall: 0.2879968291803289

              precision    recall  f1-score   support

           0       0.57      0.22      0.31      2797
           1       0.62      0.02      0.04      1370
           2       0.91      0.03      0.05       371
           3       0.82      0.79      0.80      4733
           4       0.00      0.00      0.00       600
           5       0.57      0.18      0.27      1417
           6       0.71      0.45      0.55      3795
           7       0.55      0.28      0.37      7454
           8       0.88      0.01      0.02       665
           9       0.59      0.90      0.71     19912

   micro avg       0.61      0.61      0.61     43114
   macro avg       0.62      0.29      0.31     43114
weighted avg       0.61      0.61      0.56     43114
 samples avg       0.61      0.61      0.61     43114


[[  603     1     0     7     0    42     4   100     0  2040]
 [    4    26     0   102     0     3    39   185     0  1011]
 [   17     0    10     3     0     1    11    18     0   311]
 [    7     4     0  3716     0     2    40   292     0   672]
 [    4     0     0     4     0     0     2    19     0   571]
 [   49     0     0    16     0   256     4   152     0   940]
 [    8     1     0    85     0     2  1724    63     0  1912]
 [   88     5     1   345     0    56    61  2110     0  4788]
 [    5     0     0    23     0     6     6   140     7   478]
 [  267     5     0   220     0    78   542   783     1 18016]]

Results of Test Set

--------------------
Accuracy: 0.6150902259126966, F1 Score: 0.31127081110285326, Precision: 0.5870863213355653, Recall: 0.28663167988518895

              precision    recall  f1-score   support

           0       0.56      0.22      0.31      2795
           1       0.38      0.01      0.02      1321
           2       0.82      0.03      0.05       355
           3       0.83      0.80      0.81      4700
           4       0.00      0.00      0.00       585
           5       0.52      0.16      0.24      1504
           6       0.70      0.45      0.55      3669
           7       0.55      0.29      0.38      7506
           8       0.92      0.02      0.04       666
           9       0.59      0.90      0.71     20013

   micro avg       0.62      0.62      0.62     43114
   macro avg       0.59      0.29      0.31     43114
weighted avg       0.61      0.62      0.56     43114
 samples avg       0.62      0.62      0.62     43114


[[  608     0     0     6     0    47     8   113     0  2013]
 [    6    15     0    82     0     2    44   186     0   986]
 [   11     0     9     1     0     4    10    19     0   301]
 [   13     5     0  3737     0     2    25   290     0   628]
 [    1     0     0     4     0     0     8    24     0   548]
 [   74     1     0    18     0   240    11   142     0  1018]
 [    2     2     0    68     0     1  1647    85     0  1864]
 [   84     4     1   349     0    64    55  2145     0  4804]
 [    9     0     0    20     0     9     8   141    12   467]
 [  283    12     1   215     0    94   530   771     1 18106]]

