Title: Fully Connected - Words: 2000, Batch: 64, Epochs: 8, Outputs: 64

Results of Training Set

--------------------
Accuracy: 0.6687541556493637, F1 Score: 0.36696561541899114, Precision: 0.8327257217931752, Recall: 0.32995604473251233

              precision    recall  f1-score   support

           0       0.73      0.30      0.43      8263
           1       0.86      0.02      0.03      3968
           2       0.98      0.05      0.10      1050
           3       0.88      0.83      0.86     14541
           4       1.00      0.00      0.00      1763
           5       0.76      0.23      0.36      4392
           6       0.84      0.54      0.66     11089
           7       0.66      0.37      0.48     22288
           8       1.00      0.01      0.02      1971
           9       0.62      0.94      0.75     60017

   micro avg       0.67      0.67      0.67    129342
   macro avg       0.83      0.33      0.37    129342
weighted avg       0.71      0.67      0.62    129342
 samples avg       0.67      0.67      0.67    129342


[[ 2485     0     0     5     0    50    10   231     0  5482]
 [    8    60     0   207     0     6    84   571     0  3032]
 [   34     0    55     6     0     9    18    58     0   870]
 [   11     2     0 12113     0     4    32   758     0  1621]
 [    1     3     0    23     2     1     7    50     0  1676]
 [  169     1     0    47     0  1019    16   501     0  2639]
 [    8     1     1   198     0     2  6031   177     0  4671]
 [  159     2     0   665     0    97   133  8309     0 12923]
 [   24     0     0    58     0    13     9   320    17  1530]
 [  482     1     0   404     0   142   879  1702     0 56407]]

Results of Validation Set

--------------------
Accuracy: 0.6131882915062393, F1 Score: 0.3089918616713484, Precision: 0.6092975049202038, Recall: 0.28321914552350674

              precision    recall  f1-score   support

           0       0.58      0.21      0.30      2797
           1       0.71      0.01      0.02      1370
           2       1.00      0.03      0.05       371
           3       0.83      0.77      0.80      4733
           4       0.00      0.00      0.00       600
           5       0.62      0.17      0.27      1417
           6       0.72      0.44      0.54      3795
           7       0.54      0.30      0.38      7454
           8       0.50      0.00      0.00       665
           9       0.58      0.91      0.71     19912

   micro avg       0.61      0.61      0.61     43114
   macro avg       0.61      0.28      0.31     43114
weighted avg       0.62      0.61      0.56     43114
 samples avg       0.61      0.61      0.61     43114


[[  578     0     0     4     0    26     7   105     0  2077]
 [    2    15     0    93     0     2    37   191     0  1030]
 [   11     0    10     3     0     2     8    20     0   317]
 [    5     0     0  3667     0     1    25   331     0   704]
 [    3     0     0     2     0     0     6    26     0   563]
 [   58     0     0    11     0   242     2   163     0   941]
 [   13     2     0    88     0     1  1656    70     0  1965]
 [   80     4     0   311     0    38    52  2220     1  4748]
 [    4     0     0    24     0     7     4   122     1   503]
 [  251     0     0   224     0    70   488   831     0 18048]]

Results of Test Set

--------------------
Accuracy: 0.6130491255740594, F1 Score: 0.3050431462233158, Precision: 0.6262511777918084, Recall: 0.28169720742804116

              precision    recall  f1-score   support

           0       0.54      0.21      0.30      2795
           1       0.67      0.00      0.01      1321
           2       0.83      0.03      0.05       355
           3       0.83      0.79      0.81      4700
           4       0.00      0.00      0.00       585
           5       0.56      0.15      0.23      1504
           6       0.70      0.44      0.54      3669
           7       0.54      0.30      0.38      7506
           8       1.00      0.01      0.01       666
           9       0.59      0.90      0.71     20013

   micro avg       0.61      0.61      0.61     43114
   macro avg       0.63      0.28      0.31     43114
weighted avg       0.61      0.61      0.56     43114
 samples avg       0.61      0.61      0.61     43114


[[  578     0     0     6     0    36     4   113     0  2058]
 [    4     6     0    78     0     0    37   197     0   999]
 [   15     0    10     3     0     2    11    28     0   286]
 [   11     0     0  3698     0     2    21   329     0   639]
 [    3     0     0     7     0     0     5    28     0   542]
 [   69     0     0    15     0   219    10   161     0  1030]
 [    5     0     1    73     0     1  1610    89     0  1890]
 [   89     1     1   330     0    51    56  2229     0  4749]
 [    7     1     0    20     0     7     5   127     4   495]
 [  290     1     0   202     0    73   535   835     0 18077]]

