Title: Fully Connected - Words: 2000, Batch: 128, Epochs: 8, Outputs: 64

Results of Training Set

--------------------
Accuracy: 0.6626772432775123, F1 Score: 0.3648905133663071, Precision: 0.7247754043664679, Recall: 0.3274138911670851

              precision    recall  f1-score   support

           0       0.72      0.28      0.40      8263
           1       0.85      0.02      0.05      3968
           2       0.94      0.05      0.09      1050
           3       0.88      0.83      0.86     14541
           4       0.00      0.00      0.00      1763
           5       0.74      0.30      0.42      4392
           6       0.84      0.51      0.64     11089
           7       0.66      0.34      0.45     22288
           8       1.00      0.00      0.01      1971
           9       0.61      0.94      0.74     60017

   micro avg       0.66      0.66      0.66    129342
   macro avg       0.72      0.33      0.36    129342
weighted avg       0.69      0.66      0.62    129342
 samples avg       0.66      0.66      0.66    129342


[[ 2284     0     0     6     0    80     9   209     0  5675]
 [   10    99     0   214     0    14    73   475     0  3083]
 [   19     0    48     3     0     4    18    67     0   891]
 [   13     5     0 12103     0     5    28   743     0  1644]
 [    1     1     0    16     0     5     8    34     0  1698]
 [  148     0     0    57     0  1300    10   403     0  2474]
 [    2     2     1   199     0     2  5697   177     0  5009]
 [  169     7     2   670     0   144   140  7557     0 13599]
 [   22     1     0    63     0    15     8   311     5  1546]
 [  520     1     0   366     0   185   768  1558     0 56619]]

Results of Validation Set

--------------------
Accuracy: 0.6137913438790185, F1 Score: 0.31199571747122334, Precision: 0.6433154865464521, Recall: 0.2847982132988577

              precision    recall  f1-score   support

           0       0.57      0.20      0.30      2797
           1       0.66      0.01      0.03      1370
           2       0.92      0.03      0.06       371
           3       0.83      0.77      0.80      4733
           4       0.00      0.00      0.00       600
           5       0.57      0.21      0.30      1417
           6       0.74      0.43      0.54      3795
           7       0.56      0.28      0.38      7454
           8       1.00      0.00      0.00       665
           9       0.58      0.91      0.71     19912

   micro avg       0.61      0.61      0.61     43114
   macro avg       0.64      0.28      0.31     43114
weighted avg       0.62      0.61      0.56     43114
 samples avg       0.61      0.61      0.61     43114


[[  571     0     0     5     0    40     3    85     0  2093]
 [    3    19     0    98     0     4    31   158     0  1057]
 [   11     0    11     3     0     1     9    21     0   315]
 [    4     2     0  3656     0     2    19   320     0   730]
 [    3     0     0     2     0     1     2    21     0   571]
 [   55     0     0    12     0   291     4   148     0   907]
 [    7     0     0    85     0     1  1613    57     0  2032]
 [   82     3     0   304     0    54    47  2102     0  4862]
 [    5     0     0    26     0    13     0   108     1   512]
 [  259     5     1   189     0   106   443   710     0 18199]]

Results of Test Set

--------------------
Accuracy: 0.6127939880317298, F1 Score: 0.3069343679175904, Precision: 0.6390000312419908, Recall: 0.28126268419013595

              precision    recall  f1-score   support

           0       0.56      0.20      0.30      2795
           1       0.67      0.01      0.02      1321
           2       0.90      0.03      0.05       355
           3       0.84      0.78      0.81      4700
           4       0.00      0.00      0.00       585
           5       0.56      0.18      0.28      1504
           6       0.73      0.42      0.54      3669
           7       0.55      0.27      0.36      7506
           8       1.00      0.00      0.00       666
           9       0.58      0.91      0.71     20013

   micro avg       0.61      0.61      0.61     43114
   macro avg       0.64      0.28      0.31     43114
weighted avg       0.62      0.61      0.56     43114
 samples avg       0.61      0.61      0.61     43114


[[  569     0     0     6     0    43     8    94     0  2075]
 [    4    16     0    77     0     3    26   150     0  1045]
 [   10     0     9     2     0     2     8    28     0   296]
 [    6     1     0  3665     0     2    21   332     0   673]
 [    3     0     0     4     0     2     5    20     0   551]
 [   63     0     1    19     0   275     7   139     0  1000]
 [    2     0     0    73     0     4  1545    71     0  1974]
 [   79     6     0   324     0    60    43  2042     0  4952]
 [    3     0     0    21     0     8     6   112     1   515]
 [  282     1     0   183     0    92   434   723     0 18298]]

