Title: Fully Connected - Words: 1000, Batch: 128, Epochs: 2, Outputs: 128

Results of Training Set

--------------------
Accuracy: 0.6176647956580229, F1 Score: 0.2842998471257519, Precision: 0.602726007647074, Recall: 0.2642591088896348

              precision    recall  f1-score   support

           0       0.62      0.14      0.23      8263
           1       1.00      0.00      0.00      3968
           2       1.00      0.00      0.01      1050
           3       0.86      0.78      0.82     14541
           4       0.00      0.00      0.00      1763
           5       0.62      0.09      0.15      4392
           6       0.79      0.40      0.53     11089
           7       0.56      0.30      0.39     22288
           8       0.00      0.00      0.00      1971
           9       0.58      0.93      0.72     60017

   micro avg       0.62      0.62      0.62    129342
   macro avg       0.60      0.26      0.28    129342
weighted avg       0.63      0.62      0.56    129342
 samples avg       0.62      0.62      0.62    129342


[[ 1147     0     0    10     0    50     8   298     0  6750]
 [    9     2     0   210     0     3    68   481     0  3195]
 [   21     0     4     6     0     9    17    73     0   920]
 [   16     0     0 11337     0     4    52  1033     0  2099]
 [    5     0     0    21     0     1     6    66     0  1664]
 [   98     0     0    52     0   375    10   414     0  3443]
 [    5     0     0   220     0     1  4462   209     0  6192]
 [  132     0     0   848     0    73   131  6723     0 14381]
 [   17     0     0    67     0     8    11   330     0  1538]
 [  415     0     0   485     0    80   866  2331     0 55840]]

Results of Validation Set

--------------------
Accuracy: 0.6012432156608062, F1 Score: 0.27036859361626353, Precision: 0.3750318669872258, Recall: 0.25351598084738913

              precision    recall  f1-score   support

           0       0.56      0.13      0.20      2797
           1       0.00      0.00      0.00      1370
           2       0.00      0.00      0.00       371
           3       0.84      0.75      0.79      4733
           4       0.00      0.00      0.00       600
           5       0.49      0.07      0.13      1417
           6       0.76      0.38      0.50      3795
           7       0.53      0.29      0.37      7454
           8       0.00      0.00      0.00       665
           9       0.57      0.92      0.70     19912

   micro avg       0.60      0.60      0.60     43114
   macro avg       0.38      0.25      0.27     43114
weighted avg       0.57      0.60      0.54     43114
 samples avg       0.60      0.60      0.60     43114


[[  350     0     0     5     0    27     3    89     0  2323]
 [    2     0     0    88     0     2    28   197     0  1053]
 [    6     0     0     3     0     1     7    19     0   335]
 [    3     0     0  3572     0     0    20   369     0   769]
 [    3     0     0     3     0     0     4    38     0   552]
 [   34     0     0    13     0   102     3   152     0  1113]
 [    4     0     0    81     0     0  1428    67     0  2215]
 [   57     0     0   293     0    29    37  2133     0  4905]
 [    3     0     0    24     0     8     3   113     0   514]
 [  158     0     0   181     0    39   357   840     0 18337]]

Results of Test Set

--------------------
Accuracy: 0.5992485039662291, F1 Score: 0.26559516032891023, Precision: 0.3682527619415997, Recall: 0.2505548527565458

              precision    recall  f1-score   support

           0       0.52      0.11      0.18      2795
           1       0.00      0.00      0.00      1321
           2       0.00      0.00      0.00       355
           3       0.84      0.76      0.80      4700
           4       0.00      0.00      0.00       585
           5       0.49      0.07      0.12      1504
           6       0.74      0.37      0.49      3669
           7       0.53      0.28      0.36      7506
           8       0.00      0.00      0.00       666
           9       0.57      0.92      0.70     20013

   micro avg       0.60      0.60      0.60     43114
   macro avg       0.37      0.25      0.27     43114
weighted avg       0.56      0.60      0.53     43114
 samples avg       0.60      0.60      0.60     43114


[[  303     0     0     4     0    21     8    93     0  2366]
 [    5     0     0    63     0     2    20   175     0  1056]
 [    8     0     0     4     0     1     7    21     0   314]
 [    4     0     0  3593     0     0    23   358     0   722]
 [    1     0     0     3     0     0     3    23     0   555]
 [   37     0     0    16     0    99    10   144     0  1198]
 [    0     0     0    72     0     0  1359    76     0  2162]
 [   56     0     0   331     0    33    40  2078     0  4968]
 [    4     0     0    19     0     2     3   124     0   514]
 [  161     0     0   174     0    46   369   859     0 18404]]

