Title: Fully Connected - Words: 2000, Batch: 32, Epochs: 8, Outputs: 128

Results of Training Set

--------------------
Accuracy: 0.7177869524207141, F1 Score: 0.47434839914148463, Precision: 0.8539863798027965, Recall: 0.4106861045208241

              precision    recall  f1-score   support

           0       0.84      0.41      0.55      8263
           1       0.86      0.14      0.24      3968
           2       0.94      0.16      0.27      1050
           3       0.90      0.88      0.89     14541
           4       0.98      0.02      0.05      1763
           5       0.85      0.32      0.47      4392
           6       0.86      0.66      0.75     11089
           7       0.71      0.45      0.55     22288
           8       0.93      0.11      0.19      1971
           9       0.66      0.95      0.78     60017

   micro avg       0.72      0.72      0.72    129342
   macro avg       0.85      0.41      0.47    129342
weighted avg       0.75      0.72      0.69    129342
 samples avg       0.72      0.72      0.72    129342


[[ 3411     0     0    11     0    41    15   260     0  4525]
 [   10   550     1   187     0    11   129   526     0  2554]
 [   21     0   164     4     0     3    38    78     0   742]
 [   11    18     0 12806     0     4    42   593     1  1066]
 [    2     2     0    17    43     0    15    50     0  1634]
 [  103     2     0    54     0  1423    16   463     5  2326]
 [    3    10     1   156     0     1  7370   195     0  3353]
 [  125    29     6   574     1    84   132 10068     5 11264]
 [   14     0     0    62     0    16    12   309   212  1346]
 [  339    25     2   332     0   101   803  1617     5 56793]]

Results of Validation Set

--------------------
Accuracy: 0.6163891079463747, F1 Score: 0.3338807737972508, Precision: 0.6049246710031811, Recall: 0.30185855992159477

              precision    recall  f1-score   support

           0       0.58      0.22      0.32      2797
           1       0.44      0.05      0.08      1370
           2       0.74      0.05      0.10       371
           3       0.82      0.79      0.81      4733
           4       0.50      0.00      0.00       600
           5       0.63      0.18      0.29      1417
           6       0.67      0.47      0.55      3795
           7       0.53      0.32      0.40      7454
           8       0.53      0.04      0.07       665
           9       0.59      0.89      0.71     19912

   micro avg       0.62      0.62      0.62     43114
   macro avg       0.60      0.30      0.33     43114
weighted avg       0.61      0.62      0.57     43114
 samples avg       0.62      0.62      0.62     43114


[[  627     1     1    10     0    28    11   144     1  1974]
 [    3    63     0    89     1     2    62   204     0   946]
 [   11     0    20     6     0     3    12    30     0   289]
 [   11    12     0  3742     0     3    51   313     3   598]
 [    1     0     0     4     1     0    12    22     0   560]
 [   52     1     0    15     0   262     8   186     4   889]
 [    5     5     2    88     0     2  1795    84     1  1813]
 [   83    22     2   329     0    42    73  2404     3  4496]
 [    3     1     0    26     0     9     4   131    24   467]
 [  284    37     2   231     0    65   652   995     9 17637]]

Results of Test Set

--------------------
Accuracy: 0.616133970404045, F1 Score: 0.33196006023585456, Precision: 0.5409922037622219, Recall: 0.3009021884097565

              precision    recall  f1-score   support

           0       0.57      0.23      0.32      2795
           1       0.40      0.04      0.07      1321
           2       0.56      0.05      0.09       355
           3       0.83      0.80      0.81      4700
           4       0.00      0.00      0.00       585
           5       0.60      0.17      0.27      1504
           6       0.67      0.47      0.55      3669
           7       0.53      0.32      0.40      7506
           8       0.66      0.05      0.09       666
           9       0.60      0.88      0.71     20013

   micro avg       0.62      0.62      0.62     43114
   macro avg       0.54      0.30      0.33     43114
weighted avg       0.60      0.62      0.57     43114
 samples avg       0.62      0.62      0.62     43114


[[  632     1     0    10     0    25    12   142     1  1972]
 [    7    49     0    78     0     2    52   195     0   938]
 [    9     0    18     1     0     3    14    29     0   281]
 [   10     9     1  3750     0     1    41   314     0   574]
 [    4     0     0     6     0     2     9    31     0   533]
 [   56     5     1    23     1   258     9   171     3   977]
 [    1    10     2    69     0     2  1739   112     0  1734]
 [   85    19     1   328     0    60    59  2385     8  4561]
 [    9     1     0    21     0     9     7   125    33   461]
 [  302    29     9   229     0    67   671  1001     5 17700]]

