Title: Fully Connected - Words: 2000, Batch: 64, Epochs: 8, Outputs: 128

Results of Training Set

--------------------
Accuracy: 0.7190703715730389, F1 Score: 0.46717869115020016, Precision: 0.8465317021873785, Recall: 0.4104852520470831

              precision    recall  f1-score   support

           0       0.78      0.51      0.61      8263
           1       0.85      0.13      0.22      3968
           2       0.95      0.13      0.23      1050
           3       0.91      0.87      0.89     14541
           4       0.96      0.01      0.03      1763
           5       0.77      0.37      0.50      4392
           6       0.89      0.61      0.73     11089
           7       0.70      0.48      0.57     22288
           8       0.98      0.06      0.12      1971
           9       0.67      0.94      0.78     60017

   micro avg       0.72      0.72      0.72    129342
   macro avg       0.85      0.41      0.47    129342
weighted avg       0.75      0.72      0.69    129342
 samples avg       0.72      0.72      0.72    129342


[[ 4180     5     0     5     0    77     7   319     0  3670]
 [   21   499     0   153     0    16    90   473     0  2716]
 [   35     1   137     3     0     8    17    96     0   753]
 [   23    20     0 12600     0    13    21   726     0  1138]
 [    8     4     0    11    26     3    10    56     0  1645]
 [  198     2     0    35     0  1619    12   504     0  2022]
 [    7    12     1   161     1     5  6798   199     0  3905]
 [  235    15     5   464     0   141   104 10660     2 10662]
 [   29     1     0    48     0    22     8   360   123  1380]
 [  628    26     1   300     0   188   572  1937     1 56364]]

Results of Validation Set

--------------------
Accuracy: 0.6211439439625179, F1 Score: 0.34118469171916277, Precision: 0.5742596432924332, Recall: 0.3098849663532147

              precision    recall  f1-score   support

           0       0.53      0.30      0.38      2797
           1       0.55      0.05      0.09      1370
           2       0.82      0.05      0.09       371
           3       0.84      0.78      0.81      4733
           4       0.00      0.00      0.00       600
           5       0.56      0.23      0.33      1417
           6       0.72      0.45      0.55      3795
           7       0.53      0.35      0.42      7454
           8       0.60      0.01      0.03       665
           9       0.60      0.88      0.72     19912

   micro avg       0.62      0.62      0.62     43114
   macro avg       0.57      0.31      0.34     43114
weighted avg       0.61      0.62      0.58     43114
 samples avg       0.62      0.62      0.62     43114


[[  843     0     0     6     0    47     9   155     0  1737]
 [    9    64     0    91     0     5    38   210     1   952]
 [   21     0    18     4     0     4    10    35     0   279]
 [   12    15     1  3674     0     7    30   370     0   624]
 [    6     0     0     4     0     0     5    26     0   559]
 [   73     0     0    14     1   329     5   205     0   790]
 [   14     5     0    81     0     3  1697    94     0  1901]
 [  165    17     2   275     0    69    58  2637     2  4229]
 [   10     0     0    23     0    11     3   143     9   466]
 [  444    15     1   222     0   117   502  1099     3 17509]]

Results of Test Set

--------------------
Accuracy: 0.6200538108271095, F1 Score: 0.3353534573645297, Precision: 0.5468598146918728, Recall: 0.30611323879384694

              precision    recall  f1-score   support

           0       0.52      0.31      0.39      2795
           1       0.44      0.03      0.06      1321
           2       0.57      0.04      0.07       355
           3       0.84      0.79      0.81      4700
           4       0.00      0.00      0.00       585
           5       0.52      0.19      0.28      1504
           6       0.71      0.45      0.55      3669
           7       0.53      0.34      0.42      7506
           8       0.74      0.03      0.06       666
           9       0.60      0.88      0.72     20013

   micro avg       0.62      0.62      0.62     43114
   macro avg       0.55      0.31      0.34     43114
weighted avg       0.61      0.62      0.58     43114
 samples avg       0.62      0.62      0.62     43114


[[  854     0     0     7     0    46    12   168     0  1708]
 [   13    44     0    78     0     3    33   192     0   958]
 [   28     2    13     4     1     2     7    36     0   262]
 [   14     5     1  3691     0     1    21   374     0   593]
 [    2     1     0     5     0     1     6    34     0   536]
 [  101     2     1    20     0   293    11   197     1   878]
 [    2     6     1    62     0     3  1666   108     0  1821]
 [  137    16     1   301     0    83    56  2576     4  4332]
 [   14     0     0    20     0    10     2   145    20   455]
 [  469    24     6   213     0   119   533  1071     2 17576]]

