Title: Fully Connected - Words: 2000, Batch: 128, Epochs: 8, Outputs: 128

Results of Training Set

--------------------
Accuracy: 0.7109600903032272, F1 Score: 0.4412111494479528, Precision: 0.8374807170563896, Recall: 0.39326136865334976

              precision    recall  f1-score   support

           0       0.75      0.50      0.60      8263
           1       0.86      0.07      0.13      3968
           2       0.90      0.12      0.21      1050
           3       0.90      0.87      0.88     14541
           4       1.00      0.00      0.01      1763
           5       0.79      0.29      0.42      4392
           6       0.85      0.63      0.73     11089
           7       0.71      0.45      0.55     22288
           8       0.97      0.06      0.11      1971
           9       0.66      0.94      0.78     60017

   micro avg       0.71      0.71      0.71    129342
   macro avg       0.84      0.39      0.44    129342
weighted avg       0.74      0.71      0.68    129342
 samples avg       0.71      0.71      0.71    129342


[[ 4162     0     0     5     0    48    12   238     0  3798]
 [   15   285     0   194     0     8   130   595     0  2741]
 [   42     0   124     7     0     5    33    93     0   746]
 [   29    16     0 12718     0     3    45   558     0  1172]
 [   11     2     0    23     6     2    12    59     0  1648]
 [  204     0     1    57     0  1255    17   501     0  2357]
 [    9     5     2   186     0     1  7035   180     0  3671]
 [  282    16     5   601     0   105   155  9926     3 11195]
 [   42     1     0    70     0    16    17   298   112  1415]
 [  723     7     6   341     0   153   836  1616     1 56334]]

Results of Validation Set

--------------------
Accuracy: 0.6198682562508698, F1 Score: 0.3369939052078931, Precision: 0.5898002503841175, Recall: 0.308158377348928

              precision    recall  f1-score   support

           0       0.52      0.31      0.39      2797
           1       0.58      0.04      0.07      1370
           2       0.75      0.05      0.09       371
           3       0.83      0.80      0.81      4733
           4       0.00      0.00      0.00       600
           5       0.61      0.19      0.29      1417
           6       0.69      0.48      0.56      3795
           7       0.54      0.32      0.40      7454
           8       0.78      0.02      0.04       665
           9       0.60      0.88      0.71     19912

   micro avg       0.62      0.62      0.62     43114
   macro avg       0.59      0.31      0.34     43114
weighted avg       0.61      0.62      0.58     43114
 samples avg       0.62      0.62      0.62     43114


[[  872     1     1     4     0    24    12   130     1  1752]
 [    5    49     0    92     0     3    54   194     0   973]
 [   27     1    18     2     0     2    12    30     0   279]
 [   11     8     0  3768     0     4    37   276     0   629]
 [    7     0     0     3     0     0     6    35     0   549]
 [  104     0     0    18     0   272     8   178     0   837]
 [   12     4     0    88     0     2  1811    73     0  1805]
 [  151    14     3   341     0    50    69  2368     2  4456]
 [   12     0     0    26     0    12     6   130    14   465]
 [  471     7     2   221     0    76   615   966     1 17553]]

Results of Test Set

--------------------
Accuracy: 0.6199842278610196, F1 Score: 0.33258050126963806, Precision: 0.5790562110018301, Recall: 0.30551483631932064

              precision    recall  f1-score   support

           0       0.50      0.30      0.38      2795
           1       0.51      0.02      0.05      1321
           2       0.75      0.05      0.09       355
           3       0.82      0.80      0.81      4700
           4       0.00      0.00      0.00       585
           5       0.57      0.16      0.25      1504
           6       0.68      0.48      0.57      3669
           7       0.54      0.31      0.40      7506
           8       0.81      0.03      0.06       666
           9       0.60      0.88      0.72     20013

   micro avg       0.62      0.62      0.62     43114
   macro avg       0.58      0.31      0.33     43114
weighted avg       0.61      0.62      0.57     43114
 samples avg       0.62      0.62      0.62     43114


[[  849     0     0     4     0    34    14   140     0  1754]
 [   12    32     0    83     0     4    49   200     0   941]
 [   24     0    18     4     0     4    13    28     0   264]
 [   18     8     1  3775     0     2    23   287     0   586]
 [    6     0     0     8     0     1     9    28     0   533]
 [  109     1     0    24     0   242    11   155     2   960]
 [    7     3     1    79     0     0  1771    92     0  1716]
 [  166    14     2   359     0    57    65  2357     2  4484]
 [   10     0     0    22     0    10     6   131    22   465]
 [  500     5     2   226     0    74   628   913     1 17664]]

