Title: Fully Connected - Words: 2000, Batch: 32, Epochs: 8, Outputs: 256

Results of Training Set

--------------------
Accuracy: 0.7986887476612392, F1 Score: 0.633835899398582, Precision: 0.8968445318376632, Recall: 0.5509151139170985

              precision    recall  f1-score   support

           0       0.87      0.68      0.76      8263
           1       0.94      0.28      0.43      3968
           2       0.96      0.34      0.50      1050
           3       0.95      0.91      0.93     14541
           4       0.98      0.19      0.32      1763
           5       0.84      0.55      0.67      4392
           6       0.92      0.76      0.84     11089
           7       0.81      0.62      0.70     22288
           8       0.96      0.22      0.35      1971
           9       0.74      0.96      0.84     60017

   micro avg       0.80      0.80      0.80    129342
   macro avg       0.90      0.55      0.63    129342
weighted avg       0.82      0.80      0.78    129342
 samples avg       0.80      0.80      0.80    129342


[[ 5582     0     0     2     1    58    10   189     1  2420]
 [    8  1107     0    92     0    10    92   506     0  2153]
 [   22     2   358     4     1     7    11    86     0   559]
 [   14    13     0 13226     1     9    28   382     0   868]
 [   10     3     0    11   341     4    12    46     0  1336]
 [  155     0     1    31     1  2420     8   369     8  1399]
 [    0    13     3    71     1     4  8480   166     0  2351]
 [  193    24     6   290     1   144   114 13819     6  7691]
 [   24     1     0    56     0    30    18   233   426  1183]
 [  435    16     5   176     1   182   449  1204     4 57545]]

Results of Validation Set

--------------------
Accuracy: 0.6213758871828177, F1 Score: 0.3629777687404799, Precision: 0.6054526503188433, Recall: 0.32840571533343454

              precision    recall  f1-score   support

           0       0.52      0.33      0.40      2797
           1       0.55      0.07      0.13      1370
           2       0.55      0.06      0.11       371
           3       0.84      0.78      0.81      4733
           4       0.67      0.01      0.03       600
           5       0.55      0.28      0.37      1417
           6       0.67      0.49      0.57      3795
           7       0.52      0.35      0.42      7454
           8       0.58      0.04      0.08       665
           9       0.61      0.86      0.71     19912

   micro avg       0.62      0.62      0.62     43114
   macro avg       0.61      0.33      0.36     43114
weighted avg       0.61      0.62      0.59     43114
 samples avg       0.62      0.62      0.62     43114


[[  921     0     2     5     1    61     9   155     2  1641]
 [    1   100     1    79     0     5    60   235     0   889]
 [   19     2    23     5     0     2     8    38     1   273]
 [   21    11     1  3706     1     6    45   314     2   626]
 [   11     0     0     2     8     0     4    43     0   532]
 [   84     0     0    18     0   397    11   209     4   694]
 [   14     4     1    80     0     3  1856    95     1  1741]
 [  175    25     2   279     0    90    99  2606     4  4174]
 [   11     2     0    29     0    20     8   128    29   438]
 [  508    38    12   220     2   139   661  1181     7 17144]]

Results of Test Set

--------------------
Accuracy: 0.6223732430301062, F1 Score: 0.3573436735688998, Precision: 0.5596568764248774, Recall: 0.3245188282240174

              precision    recall  f1-score   support

           0       0.51      0.33      0.40      2795
           1       0.53      0.06      0.11      1321
           2       0.55      0.05      0.09       355
           3       0.84      0.80      0.82      4700
           4       0.25      0.01      0.02       585
           5       0.53      0.24      0.33      1504
           6       0.67      0.49      0.57      3669
           7       0.53      0.35      0.42      7506
           8       0.58      0.06      0.11       666
           9       0.61      0.86      0.71     20013

   micro avg       0.62      0.62      0.62     43114
   macro avg       0.56      0.32      0.36     43114
weighted avg       0.61      0.62      0.59     43114
 samples avg       0.62      0.62      0.62     43114


[[  914     0     1    10     0    63     9   151     1  1646]
 [    9    79     0    74     0     3    48   191     1   916]
 [   29     0    18     3     0     3    13    38     0   251]
 [   22     7     1  3751     0     4    37   294     1   583]
 [    9     0     0     3     5     2     9    42     0   515]
 [  102     5     0    22     2   361     9   201     5   797]
 [    4    11     0    71     0     3  1810   105     0  1665]
 [  162    18     5   314     5    92    68  2606    10  4226]
 [   10     3     0    19     0    11     4   114    39   466]
 [  522    27     8   200     8   142   691  1155    10 17250]]

