Title: Fully Connected - Words: 2000, Batch: 64, Epochs: 8, Outputs: 256

Results of Training Set

--------------------
Accuracy: 0.8031343260503162, F1 Score: 0.6311439584775028, Precision: 0.8948907510973448, Recall: 0.5496277520766426

              precision    recall  f1-score   support

           0       0.87      0.66      0.75      8263
           1       0.90      0.33      0.48      3968
           2       0.96      0.30      0.46      1050
           3       0.95      0.90      0.93     14541
           4       0.99      0.16      0.28      1763
           5       0.84      0.55      0.66      4392
           6       0.93      0.76      0.84     11089
           7       0.79      0.66      0.72     22288
           8       0.96      0.21      0.35      1971
           9       0.75      0.96      0.84     60017

   micro avg       0.80      0.80      0.80    129342
   macro avg       0.89      0.55      0.63    129342
weighted avg       0.82      0.80      0.79    129342
 samples avg       0.80      0.80      0.80    129342


[[ 5438     5     1     3     0    63     7   288     1  2457]
 [   11  1297     0    68     0    19    74   479     0  2020]
 [   25     4   318     6     0     4    14    99     0   580]
 [   15    19     1 13147     0     9    23   556     2   769]
 [    5     6     0     9   289     4     9    85     0  1356]
 [  116     4     0    18     0  2396    10   441     6  1401]
 [   10    25     1   100     0     4  8450   209     0  2290]
 [  197    39     8   218     0   144   102 14803     6  6771]
 [   34     4     0    40     0    41    11   309   421  1111]
 [  365    45     1   180     2   175   376  1550     3 57320]]

Results of Validation Set

--------------------
Accuracy: 0.6225587976063459, F1 Score: 0.3683991541161255, Precision: 0.5988633579338966, Recall: 0.330944368239938

              precision    recall  f1-score   support

           0       0.54      0.31      0.39      2797
           1       0.48      0.09      0.15      1370
           2       0.81      0.08      0.14       371
           3       0.84      0.78      0.81      4733
           4       0.36      0.01      0.01       600
           5       0.54      0.27      0.36      1417
           6       0.68      0.48      0.56      3795
           7       0.51      0.40      0.45      7454
           8       0.61      0.05      0.09       665
           9       0.61      0.85      0.71     19912

   micro avg       0.62      0.62      0.62     43114
   macro avg       0.60      0.33      0.37     43114
weighted avg       0.61      0.62      0.59     43114
 samples avg       0.62      0.62      0.62     43114


[[  860     3     0     6     0    64     9   213     1  1641]
 [    7   123     0    75     0     6    56   254     3   846]
 [   19     0    29     3     0     3    11    32     0   274]
 [   13    22     0  3682     0     7    39   386     1   583]
 [    7     1     0     5     4     3     3    47     0   530]
 [   80     2     0    15     1   386     9   232     2   690]
 [   13     9     1    82     0     2  1811   109     0  1768]
 [  151    39     2   244     0    85    91  2980     4  3858]
 [   13     0     0    22     0    17     7   142    33   431]
 [  444    56     4   224     6   137   629  1469    10 16933]]

Results of Test Set

--------------------
Accuracy: 0.621167138284548, F1 Score: 0.36108748551503356, Precision: 0.5841224681771353, Recall: 0.3261051593468102

              precision    recall  f1-score   support

           0       0.52      0.31      0.39      2795
           1       0.38      0.07      0.11      1321
           2       0.73      0.07      0.12       355
           3       0.85      0.78      0.81      4700
           4       0.54      0.01      0.02       585
           5       0.52      0.24      0.33      1504
           6       0.67      0.48      0.56      3669
           7       0.51      0.40      0.45      7506
           8       0.52      0.06      0.10       666
           9       0.62      0.85      0.71     20013

   micro avg       0.62      0.62      0.62     43114
   macro avg       0.58      0.33      0.36     43114
weighted avg       0.61      0.62      0.59     43114
 samples avg       0.62      0.62      0.62     43114


[[  861     2     1     6     0    72    10   208     2  1633]
 [   11    88     0    75     0     4    52   224     0   867]
 [   20     2    24     4     0     7    10    43     0   245]
 [   14    28     0  3669     0     5    31   384     5   564]
 [    7     5     0     3     7     2     7    54     0   500]
 [   92     4     1    18     0   365    11   218     4   791]
 [    5    10     0    71     0     2  1759   126     0  1696]
 [  151    36     1   263     2    95    69  3010    10  3869]
 [   16     3     0    20     0    11     6   145    37   428]
 [  488    55     6   209     4   145   669  1463    13 16961]]

