Title: Fully Connected - Words: 2000, Batch: 128, Epochs: 8, Outputs: 256

Results of Training Set

--------------------
Accuracy: 0.7792828315628334, F1 Score: 0.5760780095935053, Precision: 0.8890439908504213, Recall: 0.49915555318008786

              precision    recall  f1-score   support

           0       0.86      0.63      0.73      8263
           1       0.91      0.24      0.38      3968
           2       0.96      0.24      0.39      1050
           3       0.95      0.90      0.92     14541
           4       0.96      0.08      0.14      1763
           5       0.83      0.48      0.61      4392
           6       0.94      0.69      0.80     11089
           7       0.79      0.60      0.68     22288
           8       0.97      0.17      0.29      1971
           9       0.72      0.96      0.82     60017

   micro avg       0.78      0.78      0.78    129342
   macro avg       0.89      0.50      0.58    129342
weighted avg       0.80      0.78      0.76    129342
 samples avg       0.78      0.78      0.78    129342


[[ 5175     0     0     4     0    65     1   229     0  2789]
 [   16   958     0    98     0    17    70   521     0  2288]
 [   23     0   256     5     0     9    11    94     0   652]
 [   25    28     0 13066     0    10    14   484     1   913]
 [   14     7     1    13   136     2     5    84     0  1501]
 [  165     3     1    34     1  2112    11   399     2  1664]
 [   11    19     2   102     2     4  7688   224     1  3036]
 [  182    26     5   252     2   127    88 13385     5  8216]
 [   31     0     0    45     0    27     9   249   332  1278]
 [  359    14     1   204     0   167   258  1325     3 57686]]

Results of Validation Set

--------------------
Accuracy: 0.6219557452335668, F1 Score: 0.35825893777731005, Precision: 0.6233766432003687, Recall: 0.32017672447316387

              precision    recall  f1-score   support

           0       0.55      0.31      0.39      2797
           1       0.50      0.07      0.12      1370
           2       0.73      0.08      0.15       371
           3       0.84      0.78      0.81      4733
           4       0.67      0.00      0.01       600
           5       0.55      0.25      0.34      1417
           6       0.72      0.44      0.55      3795
           7       0.52      0.36      0.42      7454
           8       0.55      0.04      0.08       665
           9       0.60      0.88      0.72     19912

   micro avg       0.62      0.62      0.62     43114
   macro avg       0.62      0.32      0.36     43114
weighted avg       0.62      0.62      0.58     43114
 samples avg       0.62      0.62      0.62     43114


[[  855     1     1     4     0    52     3   163     0  1718]
 [    2    95     1    82     0     5    36   221     1   927]
 [   19     1    30     2     0     2     7    37     0   273]
 [   18    19     0  3689     0     6    35   334     3   629]
 [    8     0     0     3     2     1     5    48     0   533]
 [   84     0     0    16     0   355     4   208     2   748]
 [   13    10     1    81     1     4  1665   108     1  1911]
 [  145    21     3   261     0    82    69  2651     8  4214]
 [   10     0     0    25     0    14     2   134    28   452]
 [  410    43     5   210     0   126   481  1184     8 17445]]

Results of Test Set

--------------------
Accuracy: 0.6243447604026534, F1 Score: 0.35212720174477086, Precision: 0.5795444199629503, Recall: 0.31685466956363145

              precision    recall  f1-score   support

           0       0.52      0.30      0.38      2795
           1       0.41      0.05      0.09      1321
           2       0.59      0.06      0.12       355
           3       0.85      0.79      0.82      4700
           4       0.38      0.01      0.01       585
           5       0.53      0.22      0.32      1504
           6       0.71      0.44      0.54      3669
           7       0.54      0.37      0.44      7506
           8       0.67      0.05      0.09       666
           9       0.61      0.88      0.72     20013

   micro avg       0.62      0.62      0.62     43114
   macro avg       0.58      0.32      0.35     43114
weighted avg       0.61      0.62      0.59     43114
 samples avg       0.62      0.62      0.62     43114


[[  845     1     4     8     0    57     8   159     1  1712]
 [   13    69     0    66     0     7    41   209     1   915]
 [   25     1    23     2     0     5    12    35     0   252]
 [   16    16     1  3698     0     4    30   348     2   585]
 [    5     4     0     5     3     2     7    32     0   527]
 [   97     3     2    17     1   338    11   180     2   853]
 [    4    13     1    69     0     3  1621   119     0  1839]
 [  167    29     3   272     3    84    51  2749     4  4144]
 [   15     2     0    23     0    11     4   119    32   460]
 [  451    30     5   205     1   121   505  1149     6 17540]]

