Title: Fully Connected - Words: 2000, Batch: 32, Epochs: 8, Outputs: 512

Results of Training Set

--------------------
Accuracy: 0.9013854741692567, F1 Score: 0.8449501188809971, Precision: 0.9428276049383765, Recall: 0.7792390365616157

              precision    recall  f1-score   support

           0       0.93      0.85      0.89      8263
           1       0.96      0.68      0.79      3968
           2       0.97      0.68      0.80      1050
           3       0.97      0.95      0.96     14541
           4       0.99      0.62      0.76      1763
           5       0.90      0.73      0.80      4392
           6       0.98      0.90      0.94     11089
           7       0.88      0.84      0.86     22288
           8       0.97      0.57      0.72      1971
           9       0.87      0.97      0.92     60017

   micro avg       0.90      0.90      0.90    129342
   macro avg       0.94      0.78      0.84    129342
weighted avg       0.91      0.90      0.90    129342
 samples avg       0.90      0.90      0.90    129342


[[ 7043     1     1     2     0    46     4   165     0  1001]
 [    8  2682     1    42     1    12    21   244     1   956]
 [   14     0   719     3     0     5     2    58     0   249]
 [   16    26     0 13875     3    10    12   250     4   345]
 [    5     4     0     9  1094     1     1    50     0   599]
 [   93     5     2    16     0  3195     1   327     5   748]
 [    3    14     1    35     0     4  9990   154     0   888]
 [  135    26     8   157     0   114    40 18624    10  3174]
 [   22     3     0    16     0    27     3   184  1124   592]
 [  268    22     9   141     5   136   137  1047    11 58241]]

Results of Validation Set

--------------------
Accuracy: 0.6250637843855824, F1 Score: 0.3935281969880805, Precision: 0.5733700973072787, Recall: 0.3524961101509715

              precision    recall  f1-score   support

           0       0.51      0.35      0.42      2797
           1       0.50      0.13      0.21      1370
           2       0.57      0.10      0.17       371
           3       0.83      0.79      0.81      4733
           4       0.42      0.03      0.06       600
           5       0.54      0.29      0.37      1417
           6       0.67      0.49      0.57      3795
           7       0.50      0.41      0.45      7454
           8       0.57      0.09      0.16       665
           9       0.63      0.83      0.71     19912

   micro avg       0.63      0.63      0.63     43114
   macro avg       0.57      0.35      0.39     43114
weighted avg       0.61      0.63      0.60     43114
 samples avg       0.63      0.63      0.63     43114


[[  984     3     2    13     1    59     9   242     1  1483]
 [   11   180     0    89     2     6    63   238     0   781]
 [   19     2    38     5     0     2    13    43     0   249]
 [   15    26     2  3762     1     8    40   341     4   534]
 [   12     2     0     3    19     4     9    67     0   484]
 [   96     3     3    12     0   404     7   248     8   636]
 [   18    11     2    83     1     3  1864   145     3  1665]
 [  172    53     9   303     5    88    82  3064    14  3664]
 [   14     2     1    24     0    22    10   145    62   385]
 [  571    78    10   245    16   158   705  1540    17 16572]]

Results of Test Set

--------------------
Accuracy: 0.6251101730296423, F1 Score: 0.38939830799834574, Precision: 0.5530597682826744, Recall: 0.3505042025197744

              precision    recall  f1-score   support

           0       0.50      0.35      0.41      2795
           1       0.43      0.11      0.17      1321
           2       0.52      0.08      0.15       355
           3       0.83      0.81      0.82      4700
           4       0.32      0.03      0.05       585
           5       0.55      0.27      0.37      1504
           6       0.66      0.49      0.56      3669
           7       0.51      0.42      0.46      7506
           8       0.58      0.12      0.19       666
           9       0.63      0.83      0.71     20013

   micro avg       0.63      0.63      0.63     43114
   macro avg       0.55      0.35      0.39     43114
weighted avg       0.61      0.63      0.60     43114
 samples avg       0.63      0.63      0.63     43114


[[  988     3     6    15     0    56    17   228     4  1478]
 [   16   140     1    88     1     6    47   229     1   792]
 [   30     3    30     2     1     7    10    40     0   232]
 [   18    14     1  3801     2     4    31   323    10   496]
 [    7     4     1     9    16     2    12    60     0   474]
 [   99     6     1    22     1   412    16   204     6   737]
 [   11    21     1    72     2     3  1808   146     1  1604]
 [  207    49     6   309    10    97    95  3115     8  3610]
 [   15     6     0    21     0    13     7   135    77   392]
 [  586    79    11   233    17   145   699  1654    25 16564]]

