Title: Fully Connected - Words: 2000, Batch: 64, Epochs: 8, Outputs: 512

Results of Training Set

--------------------
Accuracy: 0.9035966662027802, F1 Score: 0.8419555001156638, Precision: 0.9378832033069239, Recall: 0.7792663764230264

              precision    recall  f1-score   support

           0       0.93      0.86      0.89      8263
           1       0.94      0.71      0.81      3968
           2       0.96      0.69      0.80      1050
           3       0.98      0.96      0.97     14541
           4       0.99      0.54      0.70      1763
           5       0.88      0.75      0.81      4392
           6       0.95      0.92      0.94     11089
           7       0.90      0.83      0.86     22288
           8       0.97      0.58      0.72      1971
           9       0.87      0.97      0.92     60017

   micro avg       0.90      0.90      0.90    129342
   macro avg       0.94      0.78      0.84    129342
weighted avg       0.91      0.90      0.90    129342
 samples avg       0.90      0.90      0.90    129342


[[ 7078     8     1     1     0    66     7   159     2   941]
 [    5  2806     0    25     0    11    44   227     0   850]
 [    9     0   721     3     0     5    13    60     2   237]
 [    9    19     0 13891     0    10    18   219     3   372]
 [    5    12     1     9   953     5    12    42     0   724]
 [   81     8     4    11     1  3295    14   257     7   714]
 [    4    11     1    21     0     1 10196   125     0   730]
 [  125    52    14   111     0   139    91 18463     9  3284]
 [   23     4     0    18     1    38     9   158  1136   584]
 [  248    57     8   106     8   185   273   782    16 58334]]

Results of Validation Set

--------------------
Accuracy: 0.6248782298093427, F1 Score: 0.39292232976106933, Precision: 0.5434522120983057, Recall: 0.3578992927862832

              precision    recall  f1-score   support

           0       0.52      0.36      0.43      2797
           1       0.42      0.14      0.21      1370
           2       0.38      0.08      0.13       371
           3       0.83      0.80      0.81      4733
           4       0.47      0.03      0.06       600
           5       0.51      0.32      0.40      1417
           6       0.63      0.53      0.57      3795
           7       0.52      0.40      0.46      7454
           8       0.52      0.09      0.15       665
           9       0.63      0.82      0.71     19912

   micro avg       0.62      0.62      0.62     43114
   macro avg       0.54      0.36      0.39     43114
weighted avg       0.61      0.62      0.60     43114
 samples avg       0.62      0.62      0.62     43114


[[ 1012     3     4    10     0    76    12   215     1  1464]
 [   12   194     1    75     1     7    65   216     2   797]
 [   27     0    30     4     0     2    17    41     0   250]
 [   20    35     2  3777     0    13    59   310     4   513]
 [    9     5     1     5    18     1    12    46     0   503]
 [   88     6     2    22     0   458    19   199     9   614]
 [   17    23     4    79     3     5  2017   106     1  1540]
 [  189    81    10   280     2   109   133  2998    15  3637]
 [    8     2     1    34     0    30    13   131    58   388]
 [  578   110    24   251    14   197   880  1458    21 16379]]

Results of Test Set

--------------------
Accuracy: 0.6237880966739342, F1 Score: 0.3917314503468784, Precision: 0.5287622070871318, Recall: 0.356927417657675

              precision    recall  f1-score   support

           0       0.50      0.36      0.42      2795
           1       0.38      0.12      0.18      1321
           2       0.45      0.10      0.17       355
           3       0.83      0.81      0.82      4700
           4       0.31      0.02      0.03       585
           5       0.52      0.29      0.37      1504
           6       0.62      0.53      0.57      3669
           7       0.52      0.40      0.45      7506
           8       0.54      0.11      0.19       666
           9       0.63      0.82      0.71     20013

   micro avg       0.62      0.62      0.62     43114
   macro avg       0.53      0.36      0.39     43114
weighted avg       0.60      0.62      0.60     43114
 samples avg       0.62      0.62      0.62     43114


[[ 1020     7     8    10     0    78    12   211     6  1443]
 [   17   156     0    77     1     9    65   221     1   774]
 [   23     2    37     4     0     2    18    43     0   226]
 [   19    22     3  3807     0     5    47   307     2   488]
 [    8     8     1    11    10     3    13    38     0   493]
 [  100    10     2    25     2   436    12   217    11   689]
 [   12    15     4    79     0     2  1957   121     0  1479]
 [  199    74    10   312     7   112   108  3001    15  3668]
 [   19     8     1    25     0    21    12   132    75   373]
 [  636   112    17   240    12   165   927  1479    30 16395]]

