Title: Fully Connected - Words: 2000, Batch: 128, Epochs: 8, Outputs: 512

Results of Training Set

--------------------
Accuracy: 0.8945354177297398, F1 Score: 0.8136771288712511, Precision: 0.9349739193471736, Recall: 0.741191063807763

              precision    recall  f1-score   support

           0       0.92      0.84      0.88      8263
           1       0.95      0.60      0.73      3968
           2       0.97      0.60      0.74      1050
           3       0.98      0.95      0.96     14541
           4       0.99      0.51      0.67      1763
           5       0.89      0.70      0.78      4392
           6       0.97      0.89      0.93     11089
           7       0.87      0.85      0.86     22288
           8       0.95      0.52      0.67      1971
           9       0.87      0.97      0.92     60017

   micro avg       0.89      0.89      0.89    129342
   macro avg       0.93      0.74      0.81    129342
weighted avg       0.90      0.89      0.89    129342
 samples avg       0.89      0.89      0.89    129342


[[ 6941     4     1     1     1    57     3   213     4  1038]
 [   11  2371     0    31     1    11    44   361     1  1137]
 [   15     1   628     1     0     5    12   100     1   287]
 [    9    14     0 13784     0    11    16   264     2   441]
 [    6     2     0     8   896     2     2    87     0   760]
 [   93     7     2    22     1  3056    11   355    18   827]
 [    7    19     1    34     2     3  9840   202     0   981]
 [  124    35    11   108     3   108    80 18992    16  2811]
 [   30     2     0    24     0    29    11   196  1016   663]
 [  286    37     4   110     5   149   156  1081    12 58177]]

Results of Validation Set

--------------------
Accuracy: 0.6263626664192605, F1 Score: 0.39538541479574857, Precision: 0.5578328855010087, Recall: 0.35675085095163805

              precision    recall  f1-score   support

           0       0.52      0.35      0.42      2797
           1       0.51      0.13      0.20      1370
           2       0.51      0.10      0.17       371
           3       0.83      0.80      0.81      4733
           4       0.37      0.02      0.04       600
           5       0.52      0.29      0.38      1417
           6       0.67      0.51      0.58      3795
           7       0.50      0.44      0.47      7454
           8       0.52      0.10      0.17       665
           9       0.63      0.82      0.71     19912

   micro avg       0.63      0.63      0.63     43114
   macro avg       0.56      0.36      0.40     43114
weighted avg       0.61      0.63      0.60     43114
 samples avg       0.63      0.63      0.63     43114


[[  987     2     8     9     0    68    14   248     2  1459]
 [   10   175     2    84     3    11    63   252     3   767]
 [   24     5    38     2     2     4    11    48     1   236]
 [   15    22     0  3783     0    16    46   341     5   505]
 [   13     2     0     2    14     1    10    66     1   491]
 [   90     5     2    16     0   417    13   261    13   600]
 [   13     9     3    87     0     3  1932   151     2  1595]
 [  191    60     3   300     4   100   101  3262    12  3421]
 [   10     2     0    27     0    23     7   140    67   389]
 [  559    59    18   254    15   162   703  1790    22 16330]]

Results of Test Set

--------------------
Accuracy: 0.6262930834531707, F1 Score: 0.3936571765364353, Precision: 0.5461158501030666, Recall: 0.3556302032072827

              precision    recall  f1-score   support

           0       0.51      0.37      0.43      2795
           1       0.40      0.10      0.16      1321
           2       0.51      0.11      0.18       355
           3       0.83      0.81      0.82      4700
           4       0.36      0.03      0.06       585
           5       0.52      0.27      0.35      1504
           6       0.65      0.51      0.57      3669
           7       0.50      0.44      0.47      7506
           8       0.54      0.11      0.19       666
           9       0.64      0.82      0.72     20013

   micro avg       0.63      0.63      0.63     43114
   macro avg       0.55      0.36      0.39     43114
weighted avg       0.61      0.63      0.60     43114
 samples avg       0.63      0.63      0.63     43114


[[ 1021     3     6    12     0    80    19   244     5  1405]
 [   14   134     0    76     1     6    57   250     1   782]
 [   30     3    39     4     0     6    11    50     0   212]
 [   23    29     2  3784     1     7    27   343     3   481]
 [   14     3     2     7    18     2    12    54     0   473]
 [  109    11     2    20     1   402    12   235    12   700]
 [    4    16     1    72     2     4  1860   169     0  1541]
 [  202    51     6   319     4   100    88  3293    15  3428]
 [   17     2     0    21     0    17     9   140    75   385]
 [  571    79    19   235    23   151   752  1779    28 16376]]

