Title: Fully Connected - Words: 2000, Batch: 32, Epochs: 9, Outputs: 10

Results of Training Set

--------------------
Accuracy: 0.5907903078659678, F1 Score: 0.21949751231828674, Precision: 0.4450081216319063, Recall: 0.22570013643951836

              precision    recall  f1-score   support

           0       0.63      0.02      0.03      8263
           1       0.00      0.00      0.00      3968
           2       0.00      0.00      0.00      1050
           3       0.82      0.84      0.83     14541
           4       0.00      0.00      0.00      1763
           5       0.88      0.00      0.00      4392
           6       0.86      0.35      0.50     11089
           7       0.73      0.07      0.13     22288
           8       0.00      0.00      0.00      1971
           9       0.55      0.98      0.70     60017

   micro avg       0.59      0.59      0.59    129342
   macro avg       0.45      0.23      0.22    129342
weighted avg       0.61      0.59      0.49    129342
 samples avg       0.59      0.59      0.59    129342


[[  135     0     0    10     0     1     3     1     0  8113]
 [    1     0     0   270     0     0    20   112     0  3565]
 [    4     0     0    10     0     0    15     7     0  1014]
 [    2     0     0 12161     0     0    14   130     0  2234]
 [    0     0     0    27     0     0     1     6     0  1729]
 [   22     0     0    91     0     7     5    54     0  4213]
 [    0     0     0   231     0     0  3925    29     0  6904]
 [   10     0     0  1340     0     0    58  1630     0 19250]
 [    2     0     0    87     0     0     4    45     0  1833]
 [   39     0     0   668     0     0   525   229     0 58556]]

Results of Validation Set

--------------------
Accuracy: 0.5770747321055806, F1 Score: 0.21075603594693443, Precision: 0.3479328599363596, Recall: 0.2182647282314453

              precision    recall  f1-score   support

           0       0.68      0.02      0.03      2797
           1       0.00      0.00      0.00      1370
           2       0.00      0.00      0.00       371
           3       0.78      0.80      0.79      4733
           4       0.00      0.00      0.00       600
           5       0.00      0.00      0.00      1417
           6       0.81      0.33      0.47      3795
           7       0.67      0.07      0.12      7454
           8       0.00      0.00      0.00       665
           9       0.54      0.97      0.69     19912

   micro avg       0.58      0.58      0.58     43114
   macro avg       0.35      0.22      0.21     43114
weighted avg       0.57      0.58      0.47     43114
 samples avg       0.58      0.58      0.58     43114


[[   48     0     0     7     0     0     1     2     0  2739]
 [    0     0     0   112     0     0    16    27     0  1215]
 [    2     0     0     4     0     0     5     2     0   358]
 [    0     0     0  3781     0     0     8    62     0   882]
 [    0     0     0    11     0     0     0     3     0   586]
 [    8     0     0    25     0     0     0    28     0  1356]
 [    0     0     0    94     0     0  1254    10     0  2437]
 [    1     0     0   489     0     0    19   500     0  6445]
 [    1     0     0    27     0     0     0    22     0   615]
 [   11     0     0   269     0     1   246    88     0 19297]]

Results of Test Set

--------------------
Accuracy: 0.576123764902352, F1 Score: 0.2088625516653177, Precision: 0.35698764644098974, Recall: 0.2176273272462843

              precision    recall  f1-score   support

           0       0.56      0.02      0.03      2795
           1       0.00      0.00      0.00      1321
           2       0.00      0.00      0.00       355
           3       0.78      0.80      0.79      4700
           4       0.00      0.00      0.00       585
           5       0.25      0.00      0.00      1504
           6       0.80      0.33      0.47      3669
           7       0.64      0.06      0.11      7506
           8       0.00      0.00      0.00       666
           9       0.54      0.97      0.69     20013

   micro avg       0.58      0.58      0.58     43114
   macro avg       0.36      0.22      0.21     43114
weighted avg       0.56      0.58      0.47     43114
 samples avg       0.58      0.58      0.58     43114


[[   44     0     0    12     0     1     0     2     0  2736]
 [    0     0     0   101     0     0    12    37     0  1171]
 [    2     0     0     5     0     0     5     3     0   340]
 [    0     0     0  3769     0     1    10    61     0   859]
 [    0     0     0     7     0     0     2     3     0   573]
 [   11     0     0    30     0     1     4    20     0  1438]
 [    0     0     0    76     0     0  1219    10     0  2364]
 [    4     0     0   537     0     0    21   433     0  6511]
 [    0     0     0    30     0     1     2    11     0   622]
 [   17     0     0   272     0     0   258    93     0 19373]]

