Title: Fully Connected - Words: 1000, Batch: 32, Epochs: 2, Outputs: 256

Results of Training Set

--------------------
Accuracy: 0.6294552426899228, F1 Score: 0.3141930598549776, Precision: 0.6910066047916428, Recall: 0.28825637064890874

              precision    recall  f1-score   support

           0       0.64      0.19      0.29      8263
           1       0.77      0.00      0.01      3968
           2       0.97      0.03      0.06      1050
           3       0.84      0.81      0.83     14541
           4       0.00      0.00      0.00      1763
           5       0.74      0.16      0.26      4392
           6       0.76      0.49      0.59     11089
           7       0.60      0.28      0.38     22288
           8       1.00      0.01      0.01      1971
           9       0.59      0.93      0.72     60017

   micro avg       0.63      0.63      0.63    129342
   macro avg       0.69      0.29      0.31    129342
weighted avg       0.65      0.63      0.57    129342
 samples avg       0.63      0.63      0.63    129342


[[ 1532     0     0    10     0    43    15   225     0  6438]
 [    9    17     0   229     0     7   131   420     0  3155]
 [   24     0    30     9     0     6    20    65     0   896]
 [   15     1     0 11754     0     3    50   665     0  2053]
 [    2     0     0    18     0     3     7    52     0  1681]
 [  129     0     1    63     0   681    18   374     0  3126]
 [    6     0     0   224     0     1  5381   200     0  5277]
 [  182     3     0  1021     0    65   185  6254     0 14578]
 [   26     0     0    80     0    11    20   282    12  1540]
 [  470     1     0   515     0   104  1241  1932     0 55754]]

Results of Validation Set

--------------------
Accuracy: 0.6046759753212414, F1 Score: 0.28449786254087284, Precision: 0.622043557965612, Recall: 0.2660967885368505

              precision    recall  f1-score   support

           0       0.55      0.15      0.24      2797
           1       0.80      0.00      0.01      1370
           2       0.67      0.02      0.03       371
           3       0.82      0.78      0.80      4733
           4       0.00      0.00      0.00       600
           5       0.55      0.10      0.17      1417
           6       0.71      0.43      0.54      3795
           7       0.55      0.26      0.35      7454
           8       1.00      0.00      0.00       665
           9       0.57      0.92      0.71     19912

   micro avg       0.60      0.60      0.60     43114
   macro avg       0.62      0.27      0.28     43114
weighted avg       0.61      0.60      0.54     43114
 samples avg       0.60      0.60      0.60     43114


[[  426     0     1     5     0    23     6    87     0  2249]
 [    3     4     0    95     0     2    42   168     0  1056]
 [    8     0     6     3     0     1    10    21     0   322]
 [    3     1     0  3689     0     0    22   227     0   791]
 [    5     0     0     4     0     0     2    32     0   557]
 [   54     0     1    16     0   145     5   152     0  1044]
 [    4     0     0    83     0     1  1646    62     0  1999]
 [   68     0     1   370     0    34    64  1912     0  5005]
 [    2     0     0    24     0     7     4   111     1   516]
 [  201     0     0   214     0    52   516   688     0 18241]]

Results of Test Set

--------------------
Accuracy: 0.6036554251519228, F1 Score: 0.2829811511189496, Precision: 0.6331704178828255, Recall: 0.2647911114096045

              precision    recall  f1-score   support

           0       0.55      0.15      0.23      2795
           1       0.57      0.00      0.01      1321
           2       1.00      0.01      0.03       355
           3       0.82      0.79      0.80      4700
           4       0.00      0.00      0.00       585
           5       0.57      0.11      0.18      1504
           6       0.70      0.42      0.53      3669
           7       0.55      0.24      0.34      7506
           8       1.00      0.00      0.01       666
           9       0.57      0.92      0.71     20013

   micro avg       0.60      0.60      0.60     43114
   macro avg       0.63      0.26      0.28     43114
weighted avg       0.61      0.60      0.54     43114
 samples avg       0.60      0.60      0.60     43114


[[  415     0     0     2     0    17     8    83     0  2270]
 [    2     4     0    74     0     0    47   141     0  1053]
 [   12     0     5     3     0     1     9    27     0   298]
 [    3     1     0  3694     0     0    20   232     0   750]
 [    0     0     0     3     0     0     5    23     0   554]
 [   58     0     0    18     0   162    10   127     0  1129]
 [    1     0     0    75     0     2  1555    80     0  1956]
 [   79     1     0   408     0    38    50  1838     0  5092]
 [    5     0     0    19     0     6     4   110     2   520]
 [  184     1     0   203     0    57   515   702     0 18351]]

