Title: Fully Connected - Words: 2000, Batch: 64, Epochs: 9, Outputs: 10

Results of Training Set

--------------------
Accuracy: 0.6051707875245473, F1 Score: 0.24257480643785864, Precision: 0.41665739636165533, Recall: 0.2359914735950222

              precision    recall  f1-score   support

           0       0.59      0.01      0.02      8263
           1       0.00      0.00      0.00      3968
           2       0.00      0.00      0.00      1050
           3       0.87      0.79      0.83     14541
           4       0.00      0.00      0.00      1763
           5       0.66      0.03      0.05      4392
           6       0.84      0.37      0.51     11089
           7       0.65      0.20      0.31     22288
           8       0.00      0.00      0.00      1971
           9       0.56      0.97      0.71     60017

   micro avg       0.61      0.61      0.61    129342
   macro avg       0.42      0.24      0.24    129342
weighted avg       0.60      0.61      0.52    129342
 samples avg       0.61      0.61      0.61    129342


[[  105     0     0     3     0    16     1    31     0  8107]
 [    0     0     0   188     0     0    30   268     0  3482]
 [    2     0     0     4     0     1    11    56     0   976]
 [    3     0     0 11442     0     1    23   603     0  2469]
 [    0     0     0    11     0     0     3    21     0  1728]
 [   35     0     0    44     0   113    10   304     0  3886]
 [    0     0     0   202     0     0  4054    80     0  6753]
 [    6     0     0   767     0    18    65  4490     0 16942]
 [    2     0     0    65     0     1     5   157     0  1741]
 [   25     0     0   401     0    22   645   854     0 58070]]

Results of Validation Set

--------------------
Accuracy: 0.5882543953240247, F1 Score: 0.23155453422619693, Precision: 0.40573229577530795, Recall: 0.22698993487972946

              precision    recall  f1-score   support

           0       0.63      0.02      0.03      2797
           1       0.00      0.00      0.00      1370
           2       0.00      0.00      0.00       371
           3       0.84      0.75      0.80      4733
           4       0.00      0.00      0.00       600
           5       0.65      0.02      0.04      1417
           6       0.80      0.34      0.48      3795
           7       0.59      0.17      0.27      7454
           8       0.00      0.00      0.00       665
           9       0.55      0.96      0.70     19912

   micro avg       0.59      0.59      0.59     43114
   macro avg       0.41      0.23      0.23     43114
weighted avg       0.58      0.59      0.50     43114
 samples avg       0.59      0.59      0.59     43114


[[   43     0     0     4     0     6     1    16     0  2727]
 [    0     0     0    83     0     0    16    88     0  1183]
 [    1     0     0     1     0     0     3    14     0   352]
 [    0     0     0  3569     0     0    17   238     0   909]
 [    0     0     0     2     0     0     0    14     0   584]
 [   11     0     0    12     0    31     0    96     0  1267]
 [    0     0     0    75     0     0  1306    28     0  2386]
 [    3     0     0   293     0     4    22  1302     0  5830]
 [    2     0     0    25     0     0     1    65     0   572]
 [    8     0     0   177     0     7   269   340     0 19111]]

Results of Test Set

--------------------
Accuracy: 0.5884863385443243, F1 Score: 0.22904757571486578, Precision: 0.3712229559398027, Recall: 0.22612694048944793

              precision    recall  f1-score   support

           0       0.55      0.01      0.02      2795
           1       0.00      0.00      0.00      1321
           2       0.00      0.00      0.00       355
           3       0.85      0.77      0.80      4700
           4       0.00      0.00      0.00       585
           5       0.40      0.01      0.02      1504
           6       0.79      0.34      0.48      3669
           7       0.59      0.17      0.26      7506
           8       0.00      0.00      0.00       666
           9       0.55      0.96      0.70     20013

   micro avg       0.59      0.59      0.59     43114
   macro avg       0.37      0.23      0.23     43114
weighted avg       0.57      0.59      0.50     43114
 samples avg       0.59      0.59      0.59     43114


[[   34     0     0     5     0     7     1    23     0  2725]
 [    0     0     0    62     0     0    16    87     0  1156]
 [    1     0     0     1     0     0     4    16     0   333]
 [    0     0     0  3596     0     1    14   236     0   853]
 [    0     0     0     3     0     0     2    10     0   570]
 [   11     0     0    17     0    19     5    79     0  1373]
 [    0     0     0    69     0     0  1261    34     0  2305]
 [    4     0     0   306     0    10    22  1264     0  5900]
 [    0     0     0    19     0     2     1    56     0   588]
 [   12     0     0   162     0     9   279   353     0 19198]]

