Title: Fully Connected - Words: 2000, Batch: 128, Epochs: 9, Outputs: 10

Results of Training Set

--------------------
Accuracy: 0.6016452505759924, F1 Score: 0.2368089292293583, Precision: 0.35518183975823486, Recall: 0.23110877152796014

              precision    recall  f1-score   support

           0       0.68      0.03      0.06      8263
           1       0.00      0.00      0.00      3968
           2       0.00      0.00      0.00      1050
           3       0.87      0.78      0.82     14541
           4       0.00      0.00      0.00      1763
           5       0.00      0.00      0.00      4392
           6       0.83      0.32      0.46     11089
           7       0.62      0.22      0.32     22288
           8       0.00      0.00      0.00      1971
           9       0.56      0.96      0.71     60017

   micro avg       0.60      0.60      0.60    129342
   macro avg       0.36      0.23      0.24    129342
weighted avg       0.58      0.60      0.52    129342
 samples avg       0.60      0.60      0.60    129342


[[  269     0     0     3     0     0     1    51     0  7939]
 [    1     0     0   200     0     0    23   341     0  3403]
 [    3     0     0     4     0     0     7    23     0  1013]
 [    6     0     0 11394     0     0    25   896     0  2220]
 [    0     0     0    13     0     0     4    28     0  1718]
 [   27     0     0    44     0     0     5   228     0  4088]
 [    0     0     0   202     0     0  3496    97     0  7294]
 [   10     0     0   790     0     0    49  4810     0 16629]
 [    2     0     0    62     0     0     8   258     0  1641]
 [   77     0     0   438     0     1   598  1054     0 57849]]

Results of Validation Set

--------------------
Accuracy: 0.5881616180359048, F1 Score: 0.22900895958650896, Precision: 0.3446236481646696, Recall: 0.22463335300395193

              precision    recall  f1-score   support

           0       0.68      0.04      0.07      2797
           1       0.00      0.00      0.00      1370
           2       0.00      0.00      0.00       371
           3       0.84      0.76      0.80      4733
           4       0.00      0.00      0.00       600
           5       0.00      0.00      0.00      1417
           6       0.80      0.30      0.43      3795
           7       0.57      0.20      0.29      7454
           8       0.00      0.00      0.00       665
           9       0.55      0.96      0.70     19912

   micro avg       0.59      0.59      0.59     43114
   macro avg       0.34      0.22      0.23     43114
weighted avg       0.56      0.59      0.50     43114
 samples avg       0.59      0.59      0.59     43114


[[  102     0     0     4     0     0     1    27     0  2663]
 [    1     0     0    81     0     0    18   123     0  1147]
 [    3     0     0     1     0     0     3     8     0   356]
 [    2     0     0  3596     0     0    16   307     0   812]
 [    0     0     0     3     0     0     0    12     0   585]
 [    7     0     0    12     0     0     0    88     0  1310]
 [    0     0     0    81     0     0  1121    34     0  2559]
 [    6     0     0   296     0     0    15  1468     0  5669]
 [    0     0     0    19     0     0     1    92     0   553]
 [   28     0     0   182     0     0   230   401     0 19071]]

Results of Test Set

--------------------
Accuracy: 0.5895764716797328, F1 Score: 0.22867746967032104, Precision: 0.3390436279157701, Recall: 0.22471009307726772

              precision    recall  f1-score   support

           0       0.63      0.03      0.06      2795
           1       0.00      0.00      0.00      1321
           2       0.00      0.00      0.00       355
           3       0.85      0.76      0.80      4700
           4       0.00      0.00      0.00       585
           5       0.00      0.00      0.00      1504
           6       0.79      0.30      0.43      3669
           7       0.57      0.20      0.29      7506
           8       0.00      0.00      0.00       666
           9       0.55      0.96      0.70     20013

   micro avg       0.59      0.59      0.59     43114
   macro avg       0.34      0.22      0.23     43114
weighted avg       0.56      0.59      0.50     43114
 samples avg       0.59      0.59      0.59     43114


[[   88     0     0     2     0     0     1    32     0  2672]
 [    0     0     0    60     0     0    13   129     0  1119]
 [    0     0     0     2     0     0     4     8     0   341]
 [    2     0     0  3593     0     0    12   322     0   771]
 [    0     0     0     4     0     0     3    12     0   566]
 [    9     0     0    16     0     0     3    65     0  1411]
 [    0     0     0    66     0     0  1089    38     0  2476]
 [    6     0     0   315     0     0    19  1472     0  5694]
 [    1     0     0    21     0     0     2    87     0   555]
 [   34     0     0   172     0     0   230   400     0 19177]]

