Title: Fully Connected - Words: 2000, Batch: 32, Epochs: 9, Outputs: 16

Results of Training Set

--------------------
Accuracy: 0.6145954137093906, F1 Score: 0.2664542122433476, Precision: 0.43535708048351385, Recall: 0.2507104742437801

              precision    recall  f1-score   support

           0       0.72      0.06      0.11      8263
           1       0.00      0.00      0.00      3968
           2       0.00      0.00      0.00      1050
           3       0.89      0.77      0.82     14541
           4       0.00      0.00      0.00      1763
           5       0.73      0.06      0.12      4392
           6       0.82      0.41      0.55     11089
           7       0.62      0.24      0.35     22288
           8       0.00      0.00      0.00      1971
           9       0.57      0.96      0.71     60017

   micro avg       0.61      0.61      0.61    129342
   macro avg       0.44      0.25      0.27    129342
weighted avg       0.61      0.61      0.54    129342
 samples avg       0.61      0.61      0.61    129342


[[  509     0     0     2     0    11     5    46     0  7690]
 [    1     0     0   176     0     2    51   368     0  3370]
 [    3     0     0     3     0     4    12    39     0   989]
 [   14     0     0 11206     0     2    35   963     0  2321]
 [    0     0     0    11     0     0     5    27     0  1720]
 [   20     0     0    37     0   285     9   294     0  3747]
 [    1     0     0   203     0     0  4540   122     0  6223]
 [   20     0     0   590     0    47    91  5376     0 16164]
 [    1     0     0    49     0     3     6   246     0  1666]
 [  135     0     0   353     0    35   793  1124     0 57577]]

Results of Validation Set

--------------------
Accuracy: 0.5952590805770748, F1 Score: 0.25094329157631723, Precision: 0.4067481951179734, Recall: 0.23842745096634294

              precision    recall  f1-score   support

           0       0.67      0.05      0.10      2797
           1       0.00      0.00      0.00      1370
           2       0.00      0.00      0.00       371
           3       0.86      0.73      0.79      4733
           4       0.00      0.00      0.00       600
           5       0.64      0.05      0.10      1417
           6       0.77      0.38      0.51      3795
           7       0.57      0.22      0.32      7454
           8       0.00      0.00      0.00       665
           9       0.56      0.95      0.70     19912

   micro avg       0.60      0.60      0.60     43114
   macro avg       0.41      0.24      0.25     43114
weighted avg       0.58      0.60      0.52     43114
 samples avg       0.60      0.60      0.60     43114


[[  151     0     0     3     0     6     1    20     0  2616]
 [    1     0     0    75     0     1    22   125     0  1146]
 [    3     0     0     1     0     0     5    12     0   350]
 [    4     0     0  3476     0     0    24   384     0   845]
 [    0     0     0     3     0     0     0    14     0   583]
 [    7     0     0    10     0    73     2   106     0  1219]
 [    3     0     0    77     0     1  1428    42     0  2244]
 [    9     0     0   226     0    14    31  1629     0  5545]
 [    0     0     0    18     0     3     1    90     0   553]
 [   46     0     0   161     0    16   341   441     0 18907]]

Results of Test Set

--------------------
Accuracy: 0.5944936679500858, F1 Score: 0.24891344426126408, Precision: 0.39073237748621004, Recall: 0.23754189610970924

              precision    recall  f1-score   support

           0       0.63      0.06      0.10      2795
           1       0.00      0.00      0.00      1321
           2       0.00      0.00      0.00       355
           3       0.86      0.74      0.80      4700
           4       0.00      0.00      0.00       585
           5       0.54      0.04      0.08      1504
           6       0.76      0.38      0.51      3669
           7       0.56      0.21      0.30      7506
           8       0.00      0.00      0.00       666
           9       0.56      0.95      0.70     20013

   micro avg       0.59      0.59      0.59     43114
   macro avg       0.39      0.24      0.25     43114
weighted avg       0.57      0.59      0.52     43114
 samples avg       0.59      0.59      0.59     43114


[[  154     0     0     2     0     9     2    32     0  2596]
 [    0     0     0    56     0     0    18   130     0  1117]
 [    0     0     0     2     0     1     6    12     0   334]
 [    3     0     0  3483     0     2    19   363     0   830]
 [    1     0     0     5     0     0     5    12     0   562]
 [   15     0     0    17     0    63     8    79     0  1322]
 [    0     0     0    65     0     0  1396    49     0  2159]
 [   14     0     0   248     0    18    31  1571     0  5624]
 [    1     0     0    17     0     3     3    83     0   559]
 [   58     0     0   145     0    20   349   477     0 18964]]

