Title: Fully Connected - Words: 2000, Batch: 64, Epochs: 9, Outputs: 16

Results of Training Set

--------------------
Accuracy: 0.617618407013963, F1 Score: 0.26720962380658586, Precision: 0.42973605825358047, Recall: 0.2531280483712474

              precision    recall  f1-score   support

           0       0.69      0.06      0.12      8263
           1       0.00      0.00      0.00      3968
           2       0.00      0.00      0.00      1050
           3       0.86      0.80      0.83     14541
           4       0.00      0.00      0.00      1763
           5       0.70      0.06      0.11      4392
           6       0.83      0.41      0.55     11089
           7       0.64      0.24      0.35     22288
           8       0.00      0.00      0.00      1971
           9       0.57      0.96      0.72     60017

   micro avg       0.62      0.62      0.62    129342
   macro avg       0.43      0.25      0.27    129342
weighted avg       0.61      0.62      0.54    129342
 samples avg       0.62      0.62      0.62    129342


[[  527     0     0     3     0    24     1    65     0  7643]
 [    2     0     0   207     0     0    45   328     0  3386]
 [   11     0     0     4     0     3    15    75     0   942]
 [    7     0     0 11589     0     2    20   772     0  2151]
 [    0     0     0    17     0     0     4    27     0  1715]
 [   46     0     0    52     0   264     9   293     0  3728]
 [    0     0     0   204     0     0  4522   114     0  6249]
 [   26     0     0   837     0    33    85  5432     0 15875]
 [    4     0     0    63     0     5     5   244     0  1650]
 [  145     0     0   466     0    45   726  1085     0 57550]]

Results of Validation Set

--------------------
Accuracy: 0.5973465695597717, F1 Score: 0.2502269528776336, Precision: 0.39639181191269907, Recall: 0.240247210144042

              precision    recall  f1-score   support

           0       0.64      0.06      0.10      2797
           1       0.00      0.00      0.00      1370
           2       0.00      0.00      0.00       371
           3       0.83      0.77      0.80      4733
           4       0.00      0.00      0.00       600
           5       0.57      0.04      0.08      1417
           6       0.78      0.37      0.50      3795
           7       0.58      0.22      0.31      7454
           8       0.00      0.00      0.00       665
           9       0.56      0.95      0.70     19912

   micro avg       0.60      0.60      0.60     43114
   macro avg       0.40      0.24      0.25     43114
weighted avg       0.58      0.60      0.52     43114
 samples avg       0.60      0.60      0.60     43114


[[  158     0     0     4     0    16     3    27     0  2589]
 [    1     0     0    87     0     0    21   118     0  1143]
 [    3     0     0     1     0     0     4    22     0   341]
 [    2     0     0  3638     0     0    19   283     0   791]
 [    0     0     0     4     0     0     0    16     0   580]
 [   13     0     0    13     0    59     2   116     0  1214]
 [    2     0     0    84     0     0  1411    41     0  2257]
 [   16     0     0   313     0     9    28  1608     0  5480]
 [    1     0     0    21     0     2     1    89     0   551]
 [   52     0     0   200     0    17   318   445     0 18880]]

Results of Test Set

--------------------
Accuracy: 0.5972769865936819, F1 Score: 0.24999529444148125, Precision: 0.3912177406288489, Recall: 0.2402005424858597

              precision    recall  f1-score   support

           0       0.62      0.06      0.11      2795
           1       0.00      0.00      0.00      1321
           2       0.00      0.00      0.00       355
           3       0.84      0.77      0.80      4700
           4       0.00      0.00      0.00       585
           5       0.56      0.04      0.08      1504
           6       0.76      0.38      0.50      3669
           7       0.58      0.21      0.31      7506
           8       0.00      0.00      0.00       666
           9       0.56      0.95      0.70     20013

   micro avg       0.60      0.60      0.60     43114
   macro avg       0.39      0.24      0.25     43114
weighted avg       0.58      0.60      0.52     43114
 samples avg       0.60      0.60      0.60     43114


[[  163     0     0     1     0     8     1    36     0  2586]
 [    0     0     0    63     0     1    20   126     0  1111]
 [    2     0     0     2     0     1     5    18     0   327]
 [    2     0     0  3619     0     1    15   284     0   779]
 [    1     0     0     4     0     0     3    12     0   565]
 [   20     0     0    18     0    61     5   101     0  1299]
 [    0     0     0    68     0     0  1378    43     0  2180]
 [   18     0     0   335     0    15    30  1582     0  5526]
 [    1     0     0    20     0     3     3    84     0   555]
 [   58     0     0   190     0    19   348   450     0 18948]]

