Title: Fully Connected - Words: 2000, Batch: 128, Epochs: 9, Outputs: 16

Results of Training Set

--------------------
Accuracy: 0.6170540118445671, F1 Score: 0.26432867828235507, Precision: 0.43891456001712337, Recall: 0.2512309547445638

              precision    recall  f1-score   support

           0       0.70      0.02      0.03      8263
           1       0.00      0.00      0.00      3968
           2       0.00      0.00      0.00      1050
           3       0.86      0.80      0.83     14541
           4       0.00      0.00      0.00      1763
           5       0.77      0.10      0.18      4392
           6       0.85      0.37      0.51     11089
           7       0.64      0.26      0.37     22288
           8       0.00      0.00      0.00      1971
           9       0.57      0.96      0.72     60017

   micro avg       0.62      0.62      0.62    129342
   macro avg       0.44      0.25      0.26    129342
weighted avg       0.62      0.62      0.54    129342
 samples avg       0.62      0.62      0.62    129342


[[  141     0     0     5     0    29     3   155     0  7930]
 [    0     0     0   221     0     5    30   338     0  3374]
 [    2     0     0     5     0     4     8    52     0   979]
 [    4     0     0 11705     0     4    17   671     0  2140]
 [    0     0     0    17     0     0     4    23     0  1719]
 [    6     0     0    49     0   445     5   291     0  3596]
 [    0     0     0   203     0     0  4064   111     0  6711]
 [   14     0     0   944     0    41    64  5856     0 15369]
 [    0     0     0    73     0     5     3   276     0  1614]
 [   35     0     0   457     0    47   562  1316     0 57600]]

Results of Validation Set

--------------------
Accuracy: 0.5955606067634643, F1 Score: 0.24590731028278548, Precision: 0.3958737469755603, Recall: 0.23744760529926306

              precision    recall  f1-score   support

           0       0.61      0.01      0.03      2797
           1       0.00      0.00      0.00      1370
           2       0.00      0.00      0.00       371
           3       0.83      0.77      0.80      4733
           4       0.00      0.00      0.00       600
           5       0.59      0.07      0.13      1417
           6       0.80      0.34      0.47      3795
           7       0.58      0.23      0.33      7454
           8       0.00      0.00      0.00       665
           9       0.56      0.95      0.70     19912

   micro avg       0.60      0.60      0.60     43114
   macro avg       0.40      0.24      0.25     43114
weighted avg       0.58      0.60      0.52     43114
 samples avg       0.60      0.60      0.60     43114


[[   40     0     0     4     0    15     1    58     0  2679]
 [    0     0     0    97     0     1    17   132     0  1123]
 [    1     0     0     1     0     0     4    17     0   348]
 [    1     0     0  3668     0     0    16   245     0   803]
 [    0     0     0     5     0     0     1     8     0   586]
 [    6     0     0    13     0   100     1   113     0  1184]
 [    1     0     0    79     0     0  1272    41     0  2402]
 [    3     0     0   357     0    17    23  1728     0  5326]
 [    0     0     0    26     0     4     1    97     0   537]
 [   14     0     0   187     0    32   254   556     0 18869]]

Results of Test Set

--------------------
Accuracy: 0.5984598970172101, F1 Score: 0.24668035692029014, Precision: 0.3936288511847816, Recall: 0.23836948358444743

              precision    recall  f1-score   support

           0       0.58      0.02      0.03      2795
           1       0.00      0.00      0.00      1321
           2       0.00      0.00      0.00       355
           3       0.83      0.78      0.81      4700
           4       0.00      0.00      0.00       585
           5       0.59      0.07      0.12      1504
           6       0.80      0.34      0.48      3669
           7       0.58      0.23      0.33      7506
           8       0.00      0.00      0.00       666
           9       0.56      0.95      0.71     20013

   micro avg       0.60      0.60      0.60     43114
   macro avg       0.39      0.24      0.25     43114
weighted avg       0.58      0.60      0.52     43114
 samples avg       0.60      0.60      0.60     43114


[[   43     0     0     4     0    17     0    66     0  2665]
 [    1     0     0    71     0     1    14   130     0  1104]
 [    0     0     0     3     0     0     6    20     0   326]
 [    2     0     0  3671     0     1    14   269     0   743]
 [    0     0     0     6     0     0     2    13     0   564]
 [    5     0     0    20     0    98     5    98     0  1278]
 [    0     0     0    65     0     0  1255    44     0  2305]
 [    3     0     0   367     0    18    25  1729     0  5364]
 [    0     0     0    22     0     3     2   102     0   537]
 [   20     0     0   176     0    29   248   534     0 19006]]

