Title: Fully Connected - Words: 2000, Batch: 32, Epochs: 9, Outputs: 32

Results of Training Set

--------------------
Accuracy: 0.6411761067557329, F1 Score: 0.31731544465309847, Precision: 0.63974388302429, Recall: 0.29037293148104243

              precision    recall  f1-score   support

           0       0.74      0.17      0.28      8263
           1       1.00      0.00      0.00      3968
           2       1.00      0.01      0.02      1050
           3       0.88      0.81      0.84     14541
           4       0.00      0.00      0.00      1763
           5       0.73      0.17      0.28      4392
           6       0.80      0.50      0.62     11089
           7       0.64      0.29      0.40     22288
           8       0.00      0.00      0.00      1971
           9       0.59      0.95      0.73     60017

   micro avg       0.64      0.64      0.64    129342
   macro avg       0.64      0.29      0.32    129342
weighted avg       0.67      0.64      0.58    129342
 samples avg       0.64      0.64      0.64    129342


[[ 1419     0     0     3     0    58     5   123     0  6655]
 [    4     4     0   208     0     5    80   463     0  3204]
 [   25     0    11     0     0     7    32    80     0   895]
 [    9     0     0 11713     0     2    70   797     0  1950]
 [    1     0     0    11     0     2     7    36     0  1706]
 [   61     0     0    42     0   754    15   355     0  3165]
 [    0     0     0   189     0     1  5551   153     0  5195]
 [   77     0     0   642     0    84   171  6561     0 14753]
 [    8     0     0    59     0     7     7   319     0  1571]
 [  307     0     0   375     0   110   966  1341     0 56918]]

Results of Validation Set

--------------------
Accuracy: 0.6070649904903279, F1 Score: 0.28443457087893764, Precision: 0.4950863774493349, Recall: 0.2641515745676485

              precision    recall  f1-score   support

           0       0.63      0.13      0.22      2797
           1       0.00      0.00      0.00      1370
           2       1.00      0.01      0.02       371
           3       0.84      0.76      0.80      4733
           4       0.00      0.00      0.00       600
           5       0.62      0.13      0.22      1417
           6       0.73      0.43      0.54      3795
           7       0.57      0.25      0.35      7454
           8       0.00      0.00      0.00       665
           9       0.57      0.93      0.71     19912

   micro avg       0.61      0.61      0.61     43114
   macro avg       0.50      0.26      0.28     43114
weighted avg       0.59      0.61      0.54     43114
 samples avg       0.61      0.61      0.61     43114


[[  367     0     0     4     0    20     5    41     0  2360]
 [    2     0     0    92     0     1    39   154     0  1082]
 [    8     0     3     3     0     3     7    29     0   318]
 [    4     0     0  3605     0     0    37   319     0   768]
 [    1     0     0     4     0     0     3    18     0   574]
 [   21     0     0    10     0   188     5   126     0  1067]
 [    5     0     0    73     0     1  1628    57     0  2031]
 [   39     0     0   286     0    36    52  1850     0  5191]
 [    3     0     0    23     0     6     1   103     0   529]
 [  137     0     0   175     0    50   468   550     0 18532]]

Results of Test Set

--------------------
Accuracy: 0.6080159576935567, F1 Score: 0.2821261674317398, Precision: 0.49019703793018665, Recall: 0.26317972767644454

              precision    recall  f1-score   support

           0       0.61      0.14      0.23      2795
           1       0.00      0.00      0.00      1321
           2       1.00      0.00      0.01       355
           3       0.85      0.77      0.81      4700
           4       0.00      0.00      0.00       585
           5       0.58      0.11      0.19      1504
           6       0.71      0.43      0.54      3669
           7       0.57      0.25      0.35      7506
           8       0.00      0.00      0.00       666
           9       0.57      0.93      0.71     20013

   micro avg       0.61      0.61      0.61     43114
   macro avg       0.49      0.26      0.28     43114
weighted avg       0.59      0.61      0.54     43114
 samples avg       0.61      0.61      0.61     43114


[[  387     0     0     5     0    24     6    61     0  2312]
 [    1     0     0    59     0     1    32   151     0  1077]
 [    9     0     1     4     0     0    10    25     0   306]
 [    6     0     0  3605     0     0    30   319     0   740]
 [    0     0     0     4     0     0     9    16     0   556]
 [   27     0     0    15     0   169    10   118     0  1165]
 [    0     0     0    60     0     0  1591    67     0  1951]
 [   47     0     0   293     0    42    50  1863     0  5211]
 [    4     0     0    20     0     4     4   104     0   530]
 [  153     0     0   165     0    49   484   564     0 18598]]

