Title: Fully Connected - Words: 2000, Batch: 64, Epochs: 9, Outputs: 32

Results of Training Set

--------------------
Accuracy: 0.642946606670687, F1 Score: 0.32057904348359834, Precision: 0.637690898412437, Recall: 0.2937814930515007

              precision    recall  f1-score   support

           0       0.72      0.20      0.31      8263
           1       1.00      0.00      0.01      3968
           2       1.00      0.00      0.01      1050
           3       0.86      0.81      0.84     14541
           4       0.00      0.00      0.00      1763
           5       0.76      0.17      0.28      4392
           6       0.82      0.49      0.61     11089
           7       0.62      0.32      0.42     22288
           8       0.00      0.00      0.00      1971
           9       0.60      0.94      0.73     60017

   micro avg       0.64      0.64      0.64    129342
   macro avg       0.64      0.29      0.32    129342
weighted avg       0.66      0.64      0.59    129342
 samples avg       0.64      0.64      0.64    129342


[[ 1656     0     0     5     0    38     4   232     0  6328]
 [    8    10     0   218     0     5    77   514     0  3136]
 [   18     0     3     4     0     5    14    46     0   960]
 [   10     0     0 11830     0     4    36   848     0  1813]
 [    2     0     0    18     0     0     4    42     0  1697]
 [   90     0     0    55     0   752    10   444     0  3041]
 [    1     0     0   207     0     2  5405   165     0  5309]
 [  115     0     0   821     0    92   130  7152     0 13978]
 [   10     0     0    68     0     5    14   335     0  1539]
 [  384     0     0   462     0    89   923  1807     0 56352]]

Results of Validation Set

--------------------
Accuracy: 0.6093844226933247, F1 Score: 0.28736754657192787, Precision: 0.38999455002428707, Recall: 0.2677313171603738

              precision    recall  f1-score   support

           0       0.59      0.15      0.24      2797
           1       0.00      0.00      0.00      1370
           2       0.00      0.00      0.00       371
           3       0.83      0.77      0.80      4733
           4       0.00      0.00      0.00       600
           5       0.62      0.12      0.21      1417
           6       0.74      0.42      0.54      3795
           7       0.55      0.28      0.38      7454
           8       0.00      0.00      0.00       665
           9       0.58      0.92      0.71     19912

   micro avg       0.61      0.61      0.61     43114
   macro avg       0.39      0.27      0.29     43114
weighted avg       0.58      0.61      0.55     43114
 samples avg       0.61      0.61      0.61     43114


[[  430     0     0     4     0    19     3    86     0  2255]
 [    2     0     0   104     0     3    30   176     0  1055]
 [    8     0     0     1     0     0     8    19     0   335]
 [    5     0     0  3652     0     0    33   322     0   721]
 [    2     0     0     3     0     0     3    23     0   569]
 [   42     0     0    14     0   177     1   152     0  1031]
 [    4     0     0    85     0     2  1610    55     0  2039]
 [   54     0     0   314     0    37    54  2122     0  4873]
 [    4     0     0    22     0     5     1   124     0   509]
 [  182     0     0   213     0    44   440   751     0 18282]]

Results of Test Set

--------------------
Accuracy: 0.6086653987103957, F1 Score: 0.28422419482952577, Precision: 0.3814662747032135, Recall: 0.26573731410719204

              precision    recall  f1-score   support

           0       0.56      0.15      0.24      2795
           1       0.00      0.00      0.00      1321
           2       0.00      0.00      0.00       355
           3       0.83      0.77      0.80      4700
           4       0.00      0.00      0.00       585
           5       0.57      0.11      0.19      1504
           6       0.73      0.42      0.54      3669
           7       0.55      0.28      0.37      7506
           8       0.00      0.00      0.00       666
           9       0.58      0.92      0.71     20013

   micro avg       0.61      0.61      0.61     43114
   macro avg       0.38      0.27      0.28     43114
weighted avg       0.57      0.61      0.55     43114
 samples avg       0.61      0.61      0.61     43114


[[  431     0     0     3     0    30     5   104     0  2222]
 [    4     0     0    74     0     2    34   171     0  1036]
 [   13     0     0     3     0     2     8    21     0   308]
 [    8     0     0  3637     0     2    21   344     0   688]
 [    0     0     0     5     0     0     5    21     0   554]
 [   42     0     0    19     0   168     8   129     0  1138]
 [    0     0     0    68     0     0  1555    75     0  1971]
 [   67     0     0   342     0    43    45  2065     0  4944]
 [    3     0     0    21     0     4     5   122     0   511]
 [  198     0     0   214     0    46   437   732     0 18386]]

