Title: Fully Connected - Words: 2000, Batch: 128, Epochs: 9, Outputs: 32

Results of Training Set

--------------------
Accuracy: 0.6436733620942926, F1 Score: 0.32826358725280314, Precision: 0.6345001039283765, Recall: 0.2978480304107691

              precision    recall  f1-score   support

           0       0.75      0.20      0.32      8263
           1       0.96      0.01      0.01      3968
           2       1.00      0.03      0.06      1050
           3       0.87      0.81      0.84     14541
           4       0.00      0.00      0.00      1763
           5       0.75      0.17      0.28      4392
           6       0.81      0.48      0.60     11089
           7       0.60      0.34      0.44     22288
           8       0.00      0.00      0.00      1971
           9       0.60      0.93      0.73     60017

   micro avg       0.64      0.64      0.64    129342
   macro avg       0.63      0.30      0.33    129342
weighted avg       0.66      0.64      0.59    129342
 samples avg       0.64      0.64      0.64    129342


[[ 1664     0     0     4     0    42     3   210     0  6340]
 [    7    24     0   220     0     4    83   546     0  3084]
 [   15     0    35     5     0     9    18    53     0   915]
 [   11     0     0 11814     0     3    39   924     0  1750]
 [    2     0     0    22     0     1     6    41     0  1691]
 [  104     0     0    57     0   753    11   512     0  2955]
 [    0     0     0   209     0     0  5295   185     0  5400]
 [  114     1     0   732     0    92   112  7639     0 13598]
 [   11     0     0    67     0    10    12   363     0  1508]
 [  287     0     0   458     0    92   933  2217     0 56030]]

Results of Validation Set

--------------------
Accuracy: 0.6102426126084335, F1 Score: 0.29268996826479743, Precision: 0.5593371012374966, Recall: 0.2705103099337959

              precision    recall  f1-score   support

           0       0.62      0.15      0.24      2797
           1       0.67      0.00      0.00      1370
           2       1.00      0.02      0.04       371
           3       0.84      0.77      0.80      4733
           4       0.00      0.00      0.00       600
           5       0.61      0.13      0.22      1417
           6       0.75      0.42      0.54      3795
           7       0.54      0.30      0.38      7454
           8       0.00      0.00      0.00       665
           9       0.58      0.92      0.71     19912

   micro avg       0.61      0.61      0.61     43114
   macro avg       0.56      0.27      0.29     43114
weighted avg       0.61      0.61      0.55     43114
 samples avg       0.61      0.61      0.61     43114


[[  407     0     0     4     0    21     4    90     0  2271]
 [    1     2     0    95     0     2    35   188     0  1047]
 [    6     0     7     1     0     2     6    23     0   326]
 [    5     0     0  3654     0     1    22   357     0   694]
 [    2     0     0     6     0     0     2    28     0   562]
 [   33     0     0    14     0   187     1   162     0  1020]
 [    6     1     0    84     0     1  1596    62     0  2045]
 [   47     0     0   297     0    37    49  2232     0  4792]
 [    4     0     0    21     0     4     1   137     0   498]
 [  144     0     0   197     0    53   425   868     0 18225]]

Results of Test Set

--------------------
Accuracy: 0.6115414946421116, F1 Score: 0.2889518922899078, Precision: 0.4828528318816788, Recall: 0.26893607019010785

              precision    recall  f1-score   support

           0       0.60      0.15      0.24      2795
           1       0.00      0.00      0.00      1321
           2       1.00      0.02      0.04       355
           3       0.84      0.78      0.81      4700
           4       0.00      0.00      0.00       585
           5       0.53      0.10      0.17      1504
           6       0.73      0.42      0.54      3669
           7       0.54      0.30      0.39      7506
           8       0.00      0.00      0.00       666
           9       0.58      0.92      0.71     20013

   micro avg       0.61      0.61      0.61     43114
   macro avg       0.48      0.27      0.29     43114
weighted avg       0.58      0.61      0.55     43114
 samples avg       0.61      0.61      0.61     43114


[[  412     0     0     4     0    31     5   101     0  2242]
 [    1     0     0    71     0     2    33   186     0  1028]
 [    7     0     7     2     0     1     8    16     0   314]
 [    6     1     0  3671     0     1    18   360     0   643]
 [    2     0     0     5     0     0     5    20     0   553]
 [   42     0     0    16     0   153     9   164     0  1120]
 [    0     0     0    73     0     0  1559    70     0  1967]
 [   48     0     0   326     0    45    39  2246     0  4802]
 [    3     1     0    22     0     5     4   135     0   496]
 [  166     0     0   201     0    49   442   837     0 18318]]

