Title: Fully Connected - Words: 2000, Batch: 32, Epochs: 9, Outputs: 64

Results of Training Set

--------------------
Accuracy: 0.6779004499698473, F1 Score: 0.3926900262808248, Precision: 0.7311330828355956, Recall: 0.3487991473120277

              precision    recall  f1-score   support

           0       0.78      0.31      0.44      8263
           1       0.89      0.04      0.07      3968
           2       0.90      0.08      0.14      1050
           3       0.89      0.84      0.86     14541
           4       0.00      0.00      0.00      1763
           5       0.77      0.29      0.42      4392
           6       0.85      0.54      0.66     11089
           7       0.63      0.44      0.51     22288
           8       0.98      0.03      0.06      1971
           9       0.63      0.93      0.75     60017

   micro avg       0.68      0.68      0.68    129342
   macro avg       0.73      0.35      0.39    129342
weighted avg       0.70      0.68      0.64    129342
 samples avg       0.68      0.68      0.68    129342


[[ 2568     0     0     6     0    71     5   366     0  5247]
 [    8   148     0   195     0     7    93   616     0  2901]
 [   21     0    79     6     0     4    19    79     0   842]
 [   17     5     0 12194     0     5    24   912     0  1384]
 [    0     1     0    15     0     1     9    70     0  1667]
 [   92     0     0    45     0  1255    16   495     0  2489]
 [    2     2     3   212     0     3  6043   255     0  4569]
 [  125     4     4   603     0   117   130  9728     0 11577]
 [   10     1     0    55     0    14    13   402    64  1412]
 [  451     6     2   435     0   157   773  2590     1 55602]]

Results of Validation Set

--------------------
Accuracy: 0.616922577353064, F1 Score: 0.3175020670470571, Precision: 0.5886680662346749, Recall: 0.2906187636686476

              precision    recall  f1-score   support

           0       0.59      0.21      0.31      2797
           1       0.64      0.02      0.03      1370
           2       0.79      0.03      0.06       371
           3       0.83      0.78      0.80      4733
           4       0.00      0.00      0.00       600
           5       0.58      0.19      0.29      1417
           6       0.72      0.43      0.54      3795
           7       0.53      0.36      0.42      7454
           8       0.62      0.01      0.01       665
           9       0.59      0.89      0.71     19912

   micro avg       0.62      0.62      0.62     43114
   macro avg       0.59      0.29      0.32     43114
weighted avg       0.61      0.62      0.57     43114
 samples avg       0.62      0.62      0.62     43114


[[  576     0     0     6     0    40     3   157     0  2015]
 [    1    21     1    99     0     3    31   218     0   996]
 [   14     0    11     4     0     1     6    30     0   305]
 [    7     4     0  3680     0     5    43   371     0   623]
 [    3     0     0     7     0     0     6    37     0   547]
 [   44     0     0    14     0   268     4   198     0   889]
 [    6     3     1    91     0     2  1649    86     0  1957]
 [   69     5     0   283     0    51    68  2653     1  4324]
 [    4     0     0    24     0    11     5   144     5   472]
 [  256     0     1   225     0    82   468  1143     2 17735]]

Results of Test Set

--------------------
Accuracy: 0.6165282738785546, F1 Score: 0.3135656942754836, Precision: 0.5879589134991462, Recall: 0.28826563396839394

              precision    recall  f1-score   support

           0       0.56      0.20      0.30      2795
           1       0.42      0.01      0.02      1321
           2       0.69      0.03      0.05       355
           3       0.83      0.78      0.81      4700
           4       0.00      0.00      0.00       585
           5       0.53      0.16      0.25      1504
           6       0.71      0.44      0.54      3669
           7       0.52      0.35      0.42      7506
           8       1.00      0.02      0.03       666
           9       0.60      0.89      0.71     20013

   micro avg       0.62      0.62      0.62     43114
   macro avg       0.59      0.29      0.31     43114
weighted avg       0.61      0.62      0.57     43114
 samples avg       0.62      0.62      0.62     43114


[[  572     0     0     7     0    41     7   167     0  2001]
 [    5    14     0    72     0     5    41   213     0   971]
 [   12     0     9     3     0     3    11    32     0   285]
 [    9     7     1  3681     0     3    22   386     0   591]
 [    3     0     1     4     0     0     7    33     0   537]
 [   56     0     0    17     0   245     9   180     0   997]
 [    1     2     0    76     0     2  1607   111     0  1870]
 [   85     3     0   301     0    62    48  2660     0  4347]
 [    4     1     0    20     0     7     7   153    10   464]
 [  268     6     2   230     0    92   499  1133     0 17783]]

