Title: Fully Connected - Words: 2000, Batch: 64, Epochs: 9, Outputs: 64

Results of Training Set

--------------------
Accuracy: 0.6802508079355507, F1 Score: 0.39743567671219804, Precision: 0.8280662214227924, Recall: 0.35473379656464443

              precision    recall  f1-score   support

           0       0.69      0.37      0.48      8263
           1       0.87      0.04      0.08      3968
           2       0.94      0.09      0.16      1050
           3       0.89      0.83      0.86     14541
           4       1.00      0.00      0.00      1763
           5       0.78      0.28      0.41      4392
           6       0.84      0.57      0.68     11089
           7       0.63      0.43      0.51     22288
           8       1.00      0.02      0.04      1971
           9       0.64      0.92      0.76     60017

   micro avg       0.68      0.68      0.68    129342
   macro avg       0.83      0.35      0.40    129342
weighted avg       0.71      0.68      0.64    129342
 samples avg       0.68      0.68      0.68    129342


[[ 3038     0     1     7     0    49     4   306     0  4858]
 [   15   172     0   200     0     8   101   688     0  2784]
 [   41     0    91     1     0     7    33   106     0   771]
 [   22    10     0 12129     0     5    29   901     0  1445]
 [    3     0     0    16     1     4     4    58     0  1677]
 [  201     0     1    48     0  1212    21   557     0  2352]
 [    2     1     1   193     0     4  6282   241     0  4365]
 [  262     9     3   582     0   101   137  9532     0 11662]
 [   28     2     0    52     0    13    18   391    40  1427]
 [  792     4     0   349     0   148   826  2410     0 55488]]

Results of Validation Set

--------------------
Accuracy: 0.616180359048105, F1 Score: 0.3234909912395736, Precision: 0.6369644650986409, Recall: 0.2958033432333681

              precision    recall  f1-score   support

           0       0.55      0.27      0.36      2797
           1       0.68      0.02      0.04      1370
           2       0.88      0.04      0.07       371
           3       0.84      0.77      0.80      4733
           4       0.00      0.00      0.00       600
           5       0.61      0.18      0.28      1417
           6       0.72      0.45      0.55      3795
           7       0.52      0.34      0.41      7454
           8       1.00      0.01      0.01       665
           9       0.60      0.88      0.71     19912

   micro avg       0.62      0.62      0.62     43114
   macro avg       0.64      0.30      0.32     43114
weighted avg       0.62      0.62      0.57     43114
 samples avg       0.62      0.62      0.62     43114


[[  744     0     0     7     0    23     8   123     0  1892]
 [    5    25     0    94     0     3    38   220     0   985]
 [   22     1    14     2     0     0     9    32     0   291]
 [    4     4     0  3663     0     2    32   371     0   657]
 [    4     0     0     3     0     1     5    31     0   556]
 [   77     0     0    16     0   254     7   228     0   835]
 [   12     0     1    83     0     2  1712   107     0  1878]
 [  109     2     1   293     0    49    60  2547     0  4393]
 [    8     0     0    18     0     9     2   141     4   483]
 [  380     5     0   195     0    74   517  1138     0 17603]]

Results of Test Set

--------------------
Accuracy: 0.617595212691933, F1 Score: 0.32024379282531945, Precision: 0.5711072030114297, Recall: 0.29425213072364115

              precision    recall  f1-score   support

           0       0.51      0.26      0.35      2795
           1       0.54      0.02      0.03      1321
           2       0.65      0.03      0.06       355
           3       0.84      0.78      0.81      4700
           4       0.00      0.00      0.00       585
           5       0.56      0.15      0.24      1504
           6       0.71      0.45      0.55      3669
           7       0.53      0.35      0.42      7506
           8       0.77      0.02      0.03       666
           9       0.60      0.88      0.71     20013

   micro avg       0.62      0.62      0.62     43114
   macro avg       0.57      0.29      0.32     43114
weighted avg       0.61      0.62      0.57     43114
 samples avg       0.62      0.62      0.62     43114


[[  738     0     1     6     0    28     6   134     0  1882]
 [    6    20     0    74     0     1    40   231     0   949]
 [   23     0    11     3     0     1    12    31     0   274]
 [   11     5     0  3673     0     1    20   377     0   613]
 [    5     0     0     4     0     1     6    26     0   543]
 [   90     1     0    19     0   230     8   198     0   958]
 [    2     2     1    62     0     0  1663   112     0  1827]
 [  132     5     1   303     0    55    51  2597     1  4361]
 [    9     0     0    20     0    10     5   140    10   472]
 [  421     4     3   197     0    81   530  1090     2 17685]]

