Title: Fully Connected - Words: 1000, Batch: 64, Epochs: 2, Outputs: 256

Results of Training Set

--------------------
Accuracy: 0.6325168931978785, F1 Score: 0.32012721108904646, Precision: 0.6879163754942818, Recall: 0.2931532417536869

              precision    recall  f1-score   support

           0       0.63      0.21      0.31      8263
           1       0.81      0.01      0.02      3968
           2       1.00      0.03      0.05      1050
           3       0.87      0.78      0.82     14541
           4       0.00      0.00      0.00      1763
           5       0.67      0.14      0.24      4392
           6       0.75      0.49      0.59     11089
           7       0.55      0.36      0.44     22288
           8       1.00      0.00      0.01      1971
           9       0.60      0.91      0.72     60017

   micro avg       0.63      0.63      0.63    129342
   macro avg       0.69      0.29      0.32    129342
weighted avg       0.65      0.63      0.58    129342
 samples avg       0.63      0.63      0.63    129342


[[ 1710     0     0     9     0    59    21   461     0  6003]
 [   12    38     0   190     0     6   127   571     0  3024]
 [   30     0    29     6     0     6    30    92     0   857]
 [   15     3     0 11399     0     3    52  1072     0  1997]
 [    6     0     0    20     0     1    12    81     0  1643]
 [  129     1     0    60     0   634    16   549     0  3003]
 [    3     1     0   212     0     2  5389   272     0  5210]
 [  174     3     0   750     0   100   197  8064     0 13000]
 [   23     0     0    62     0    15    19   419     5  1428]
 [  599     1     0   468     0   127  1305  2974     0 54543]]

Results of Validation Set

--------------------
Accuracy: 0.6080855406596465, F1 Score: 0.29477229163555096, Precision: 0.6487600175422005, Recall: 0.27360199518097283

              precision    recall  f1-score   support

           0       0.56      0.18      0.27      2797
           1       0.73      0.01      0.02      1370
           2       1.00      0.01      0.03       371
           3       0.84      0.75      0.80      4733
           4       0.00      0.00      0.00       600
           5       0.55      0.11      0.18      1417
           6       0.70      0.45      0.55      3795
           7       0.52      0.33      0.41      7454
           8       1.00      0.00      0.00       665
           9       0.58      0.89      0.71     19912

   micro avg       0.61      0.61      0.61     43114
   macro avg       0.65      0.27      0.29     43114
weighted avg       0.62      0.61      0.56     43114
 samples avg       0.61      0.61      0.61     43114


[[  490     0     0     5     0    22    10   156     0  2114]
 [    2    11     0    83     0     4    46   210     0  1014]
 [    7     0     5     2     0     1     9    25     0   322]
 [    5     1     0  3570     0     1    30   378     0   748]
 [    4     0     0     3     0     0     5    42     0   546]
 [   47     0     0    15     0   153     8   188     0  1006]
 [    8     0     0    81     0     1  1697    84     0  1924]
 [   71     2     0   277     0    35    60  2495     0  4514]
 [    6     0     0    18     0     8     3   149     1   480]
 [  234     1     0   189     0    54   551  1088     0 17795]]

Results of Test Set

--------------------
Accuracy: 0.6067866586259684, F1 Score: 0.29134356284689883, Precision: 0.5842247274567236, Recall: 0.27156109724775596

              precision    recall  f1-score   support

           0       0.54      0.17      0.26      2795
           1       0.17      0.00      0.00      1321
           2       1.00      0.02      0.03       355
           3       0.85      0.77      0.81      4700
           4       0.00      0.00      0.00       585
           5       0.50      0.10      0.17      1504
           6       0.69      0.44      0.54      3669
           7       0.51      0.33      0.40      7506
           8       1.00      0.00      0.00       666
           9       0.58      0.89      0.71     20013

   micro avg       0.61      0.61      0.61     43114
   macro avg       0.58      0.27      0.29     43114
weighted avg       0.59      0.61      0.55     43114
 samples avg       0.61      0.61      0.61     43114


[[  480     0     0     2     0    29    14   159     0  2111]
 [    4     1     0    56     0     2    41   196     0  1021]
 [   11     0     6     3     0     3    12    33     0   287]
 [    3     2     0  3598     0     0    21   389     0   687]
 [    1     0     0     4     0     0     9    24     0   547]
 [   63     0     0    17     0   152    13   181     0  1078]
 [    0     1     0    69     0     2  1610   110     0  1877]
 [   83     1     0   294     0    37    56  2454     0  4581]
 [    6     0     0    15     0     5     3   155     1   481]
 [  243     1     0   180     0    72   551  1107     0 17859]]

