Title: Fully Connected - Words: 2000, Batch: 128, Epochs: 9, Outputs: 64

Results of Training Set

--------------------
Accuracy: 0.670609701411761, F1 Score: 0.38173494076263764, Precision: 0.7292525710460696, Recall: 0.338788190234416

              precision    recall  f1-score   support

           0       0.75      0.33      0.46      8263
           1       0.94      0.05      0.09      3968
           2       0.91      0.05      0.09      1050
           3       0.89      0.82      0.86     14541
           4       0.00      0.00      0.00      1763
           5       0.74      0.28      0.40      4392
           6       0.84      0.52      0.64     11089
           7       0.64      0.38      0.47     22288
           8       0.96      0.02      0.05      1971
           9       0.62      0.94      0.75     60017

   micro avg       0.67      0.67      0.67    129342
   macro avg       0.73      0.34      0.38    129342
weighted avg       0.70      0.67      0.63    129342
 samples avg       0.67      0.67      0.67    129342


[[ 2735     0     0     4     0    64     9   247     0  5204]
 [   14   195     0   188     0     6    69   576     0  2920]
 [   41     0    51     2     0     8    18    83     0   847]
 [   13     2     0 11977     0     5    38   920     0  1586]
 [    2     2     0    15     0     2     6    61     0  1675]
 [  157     1     0    50     0  1208    14   478     1  2483]
 [    2     1     1   197     0     4  5748   201     0  4935]
 [  188     5     3   567     0   139   154  8437     1 12794]
 [   22     0     0    52     0    18    11   342    49  1477]
 [  488     2     1   354     0   179   758  1897     0 56338]]

Results of Validation Set

--------------------
Accuracy: 0.6149046713364569, F1 Score: 0.3176421811103304, Precision: 0.6455195972940958, Recall: 0.2887219308986764

              precision    recall  f1-score   support

           0       0.55      0.23      0.32      2797
           1       0.63      0.02      0.03      1370
           2       1.00      0.03      0.06       371
           3       0.85      0.77      0.80      4733
           4       0.00      0.00      0.00       600
           5       0.57      0.20      0.29      1417
           6       0.73      0.42      0.54      3795
           7       0.54      0.31      0.40      7454
           8       1.00      0.01      0.03       665
           9       0.59      0.90      0.71     19912

   micro avg       0.61      0.61      0.61     43114
   macro avg       0.65      0.29      0.32     43114
weighted avg       0.62      0.61      0.57     43114
 samples avg       0.61      0.61      0.61     43114


[[  634     0     0     4     0    42     6   122     0  1989]
 [    5    22     0    83     0     3    36   207     0  1014]
 [   20     0    11     2     0     2     7    26     0   303]
 [    8     1     0  3622     0     1    32   373     0   696]
 [    7     0     0     3     0     0     5    23     0   562]
 [   65     0     0    10     0   277     6   168     0   891]
 [   10     1     0    83     0     1  1609    64     0  2027]
 [   94     6     0   268     0    60    54  2332     0  4640]
 [    6     0     0    21     0    14     2   135     9   478]
 [  303     5     0   188     0    82   443   896     0 17995]]

Results of Test Set

--------------------
Accuracy: 0.6137449552349585, F1 Score: 0.31250392369330915, Precision: 0.6273560624454675, Recall: 0.28511627068222484

              precision    recall  f1-score   support

           0       0.54      0.22      0.31      2795
           1       0.70      0.02      0.03      1321
           2       0.88      0.02      0.04       355
           3       0.85      0.77      0.81      4700
           4       0.00      0.00      0.00       585
           5       0.54      0.16      0.25      1504
           6       0.73      0.43      0.54      3669
           7       0.53      0.31      0.39      7506
           8       0.93      0.02      0.04       666
           9       0.59      0.90      0.71     20013

   micro avg       0.61      0.61      0.61     43114
   macro avg       0.63      0.29      0.31     43114
weighted avg       0.62      0.61      0.56     43114
 samples avg       0.61      0.61      0.61     43114


[[  617     0     0     3     0    48     9   127     0  1991]
 [    6    23     0    69     0     5    30   186     0  1002]
 [   23     0     7     2     0     3     7    36     0   277]
 [    9     0     1  3622     0     0    25   396     0   647]
 [    3     1     0     3     0     1     5    24     0   548]
 [   69     0     0    17     0   246     6   159     0  1007]
 [    3     1     0    71     0     0  1573    89     0  1932]
 [   86     3     0   286     0    67    46  2324     0  4694]
 [    6     1     0    18     0    10     4   127    13   487]
 [  312     4     0   178     0    77   460   945     1 18036]]

