Title: Fully Connected - Words: 2000, Batch: 32, Epochs: 9, Outputs: 128

Results of Training Set

--------------------
Accuracy: 0.726770886486988, F1 Score: 0.48587072286302124, Precision: 0.8676909501416024, Recall: 0.42511789552969503

              precision    recall  f1-score   support

           0       0.80      0.53      0.64      8263
           1       0.94      0.10      0.17      3968
           2       0.95      0.15      0.27      1050
           3       0.90      0.89      0.89     14541
           4       0.99      0.05      0.09      1763
           5       0.80      0.40      0.53      4392
           6       0.88      0.65      0.75     11089
           7       0.75      0.44      0.56     22288
           8       0.98      0.09      0.17      1971
           9       0.67      0.95      0.79     60017

   micro avg       0.73      0.73      0.73    129342
   macro avg       0.87      0.43      0.49    129342
weighted avg       0.76      0.73      0.70    129342
 samples avg       0.73      0.73      0.73    129342


[[ 4374     0     0     7     0    58    10   194     0  3620]
 [   12   382     0   192     0     5   106   478     0  2793]
 [   42     0   162     5     0     6    22    64     0   749]
 [   23     3     0 12919     0     6    21   449     0  1120]
 [    6     0     0    21    85     4     8    48     0  1591]
 [  141     0     0    50     1  1744    13   388     0  2055]
 [   11     3     2   166     0     3  7195   175     0  3534]
 [  210    11     5   575     0   149   136  9899     2 11301]
 [   30     3     0    66     0    25    21   243   185  1398]
 [  591     3     1   380     0   182   619  1183     1 57057]]

Results of Validation Set

--------------------
Accuracy: 0.6178735445562926, F1 Score: 0.3372301925676689, Precision: 0.5999661250228049, Recall: 0.30766137539661437

              precision    recall  f1-score   support

           0       0.52      0.29      0.38      2797
           1       0.53      0.03      0.06      1370
           2       0.69      0.05      0.09       371
           3       0.82      0.80      0.81      4733
           4       0.43      0.01      0.01       600
           5       0.55      0.23      0.32      1417
           6       0.69      0.46      0.55      3795
           7       0.56      0.30      0.39      7454
           8       0.61      0.03      0.05       665
           9       0.60      0.89      0.71     19912

   micro avg       0.62      0.62      0.62     43114
   macro avg       0.60      0.31      0.34     43114
weighted avg       0.61      0.62      0.57     43114
 samples avg       0.62      0.62      0.62     43114


[[  822     0     2    10     0    50     7   114     1  1791]
 [    8    41     1   102     1     3    50   172     1   991]
 [   18     0    18     3     0     4    10    25     0   293]
 [   13     4     1  3769     0     2    37   268     0   639]
 [    6     0     0     4     3     0     7    25     0   555]
 [   74     0     0    17     0   326     5   163     0   832]
 [   11     3     2    94     1     2  1728    74     0  1880]
 [  147    13     0   342     0    75    75  2251     3  4548]
 [   12     0     0    25     0    12     5   116    19   476]
 [  462    16     2   239     2   119   589   814     7 17662]]

Results of Test Set

--------------------
Accuracy: 0.6176647956580229, F1 Score: 0.3324807472475914, Precision: 0.5960141704489879, Recall: 0.30456118615851235

              precision    recall  f1-score   support

           0       0.51      0.29      0.37      2795
           1       0.44      0.02      0.04      1321
           2       0.61      0.04      0.07       355
           3       0.82      0.81      0.81      4700
           4       0.40      0.00      0.01       585
           5       0.53      0.20      0.29      1504
           6       0.69      0.46      0.55      3669
           7       0.55      0.29      0.38      7506
           8       0.82      0.04      0.08       666
           9       0.60      0.89      0.71     20013

   micro avg       0.62      0.62      0.62     43114
   macro avg       0.60      0.30      0.33     43114
weighted avg       0.61      0.62      0.57     43114
 samples avg       0.62      0.62      0.62     43114


[[  822     1     2     9     0    46    12   116     0  1787]
 [    4    31     0    83     0     4    45   174     0   980]
 [   23     2    14     4     0     2     9    34     0   267]
 [   17     5     1  3787     0     1    28   248     0   613]
 [    9     1     1     4     2     1     9    31     0   527]
 [   89     0     0    19     0   294     9   160     0   933]
 [    3     7     1    71     0     4  1697   101     0  1785]
 [  145     9     1   378     0    78    73  2207     1  4614]
 [   11     1     0    20     0    10     7   102    27   488]
 [  486    14     3   232     3   116   588   817     5 17749]]

