Title: Fully Connected - Words: 2000, Batch: 64, Epochs: 9, Outputs: 128

Results of Training Set

--------------------
Accuracy: 0.7305592924185492, F1 Score: 0.4802513710035579, Precision: 0.8561216973858565, Recall: 0.4223897216897484

              precision    recall  f1-score   support

           0       0.80      0.50      0.61      8263
           1       0.90      0.13      0.22      3968
           2       0.97      0.11      0.20      1050
           3       0.92      0.87      0.89     14541
           4       0.92      0.02      0.04      1763
           5       0.83      0.39      0.53      4392
           6       0.86      0.68      0.76     11089
           7       0.72      0.49      0.58     22288
           8       0.96      0.09      0.17      1971
           9       0.68      0.94      0.79     60017

   micro avg       0.73      0.73      0.73    129342
   macro avg       0.86      0.42      0.48    129342
weighted avg       0.76      0.73      0.70    129342
 samples avg       0.73      0.73      0.73    129342


[[ 4110     2     0     3     0    57    10   251     0  3830]
 [   22   506     0   139     0    15   151   610     0  2525]
 [   45     0   119     3     0     5    25    90     0   763]
 [   19    15     0 12713     1     3    33   614     0  1143]
 [    9     7     0    21    36     3    11    55     0  1621]
 [  189     1     0    50     0  1707    23   415     2  2005]
 [    6     6     1   154     0     3  7498   220     0  3201]
 [  193    14     3   482     1   100   165 10922     3 10405]
 [   47     3     0    57     0    29    24   301   180  1330]
 [  481     7     0   260     1   129   777  1658     3 56701]]

Results of Validation Set

--------------------
Accuracy: 0.6216078304031173, F1 Score: 0.34350572400185403, Precision: 0.5832050070894896, Recall: 0.3120156911788589

              precision    recall  f1-score   support

           0       0.54      0.29      0.37      2797
           1       0.55      0.04      0.08      1370
           2       0.83      0.05      0.10       371
           3       0.84      0.78      0.81      4733
           4       0.00      0.00      0.00       600
           5       0.60      0.22      0.32      1417
           6       0.67      0.49      0.56      3795
           7       0.53      0.35      0.42      7454
           8       0.67      0.03      0.05       665
           9       0.60      0.88      0.71     19912

   micro avg       0.62      0.62      0.62     43114
   macro avg       0.58      0.31      0.34     43114
weighted avg       0.61      0.62      0.58     43114
 samples avg       0.62      0.62      0.62     43114


[[  803     2     0     4     0    31    11   148     1  1797]
 [    4    59     1    83     0     5    65   241     0   912]
 [   18     0    20     2     0     2    11    36     0   282]
 [   11     8     0  3688     0     2    45   332     0   647]
 [    9     3     0     5     0     0    11    32     0   540]
 [   97     1     0    16     0   308    11   175     0   809]
 [   11     5     0    77     0     2  1845   101     0  1754]
 [  141    14     1   285     0    58    86  2608     3  4258]
 [    9     1     0    24     0    11     8   130    18   464]
 [  389    14     2   208     0    97   670  1076     5 17451]]

Results of Test Set

--------------------
Accuracy: 0.6193115925221506, F1 Score: 0.335340054699896, Precision: 0.5929281361121489, Recall: 0.306671175291616

              precision    recall  f1-score   support

           0       0.53      0.29      0.37      2795
           1       0.51      0.03      0.06      1321
           2       0.71      0.05      0.09       355
           3       0.84      0.79      0.81      4700
           4       0.40      0.00      0.01       585
           5       0.54      0.19      0.28      1504
           6       0.67      0.49      0.57      3669
           7       0.53      0.33      0.41      7506
           8       0.60      0.03      0.05       666
           9       0.60      0.88      0.71     20013

   micro avg       0.62      0.62      0.62     43114
   macro avg       0.59      0.31      0.34     43114
weighted avg       0.61      0.62      0.58     43114
 samples avg       0.62      0.62      0.62     43114


[[  800     1     0     4     0    41    14   134     0  1801]
 [    9    40     1    74     0     6    52   214     0   925]
 [   19     0    17     2     1     3    11    36     0   266]
 [   11     7     0  3696     0     0    29   342     0   615]
 [    6     2     0     5     2     4     9    29     0   528]
 [   87     1     0    20     0   279    11   174     1   931]
 [    3     2     0    67     1     2  1793   107     0  1694]
 [  136    12     2   335     0    70    81  2512     5  4353]
 [    8     1     0    21     0    14    11   133    18   460]
 [  425    12     4   201     1   100   662  1058     6 17544]]

