Title: Fully Connected - Words: 2000, Batch: 128, Epochs: 9, Outputs: 128

Results of Training Set

--------------------
Accuracy: 0.7192404632679253, F1 Score: 0.4647096943676464, Precision: 0.8511749765207662, Recall: 0.40817412729025293

              precision    recall  f1-score   support

           0       0.81      0.47      0.59      8263
           1       0.88      0.12      0.22      3968
           2       0.94      0.13      0.23      1050
           3       0.90      0.88      0.89     14541
           4       1.00      0.01      0.02      1763
           5       0.77      0.38      0.51      4392
           6       0.88      0.62      0.73     11089
           7       0.73      0.47      0.57     22288
           8       0.95      0.06      0.12      1971
           9       0.67      0.95      0.78     60017

   micro avg       0.72      0.72      0.72    129342
   macro avg       0.85      0.41      0.46    129342
weighted avg       0.75      0.72      0.69    129342
 samples avg       0.72      0.72      0.72    129342


[[ 3860     0     0     6     0    91    10   254     0  4042]
 [   16   488     0   189     0    15    84   478     0  2698]
 [   28     1   139     4     0    10    20    88     0   760]
 [   13    12     0 12724     0     6    20   544     1  1221]
 [    7     4     0    20    14     4     7    60     0  1647]
 [  162     1     0    50     0  1685    15   389     0  2090]
 [    4    10     2   176     0     5  6859   178     0  3855]
 [  189    17     7   560     0   148   144 10372     5 10846]
 [   28     1     0    64     0    25    13   308   124  1408]
 [  477    20     0   313     0   208   656  1579     1 56763]]

Results of Validation Set

--------------------
Accuracy: 0.6205640859117688, F1 Score: 0.34037691551429006, Precision: 0.5707013035423276, Recall: 0.3093497819702388

              precision    recall  f1-score   support

           0       0.54      0.26      0.35      2797
           1       0.49      0.04      0.08      1370
           2       0.68      0.05      0.09       371
           3       0.83      0.79      0.81      4733
           4       0.00      0.00      0.00       600
           5       0.57      0.26      0.35      1417
           6       0.70      0.46      0.56      3795
           7       0.54      0.33      0.41      7454
           8       0.75      0.02      0.04       665
           9       0.60      0.89      0.71     19912

   micro avg       0.62      0.62      0.62     43114
   macro avg       0.57      0.31      0.34     43114
weighted avg       0.61      0.62      0.58     43114
 samples avg       0.62      0.62      0.62     43114


[[  727     1     2     7     0    52     5   137     0  1866]
 [    3    57     1    95     0     1    45   197     0   971]
 [   14     0    17     2     0     1    11    32     0   294]
 [   11    14     0  3749     0     3    26   294     0   636]
 [    6     0     0     5     0     1    10    36     0   542]
 [   72     0     0    14     0   365     5   156     0   805]
 [   12     3     1    81     0     3  1749    80     0  1866]
 [  117    21     2   300     0    71    85  2440     2  4416]
 [    6     0     0    26     0    15     4   130    15   469]
 [  371    21     2   222     0   129   552   976     3 17636]]

Results of Test Set

--------------------
Accuracy: 0.6215614417590574, F1 Score: 0.3390888246746929, Precision: 0.5796191310678627, Recall: 0.3077451066952622

              precision    recall  f1-score   support

           0       0.54      0.27      0.36      2795
           1       0.49      0.04      0.07      1321
           2       0.76      0.05      0.09       355
           3       0.83      0.79      0.81      4700
           4       0.00      0.00      0.00       585
           5       0.52      0.21      0.30      1504
           6       0.71      0.46      0.56      3669
           7       0.55      0.33      0.41      7506
           8       0.80      0.04      0.07       666
           9       0.60      0.89      0.72     20013

   micro avg       0.62      0.62      0.62     43114
   macro avg       0.58      0.31      0.34     43114
weighted avg       0.61      0.62      0.58     43114
 samples avg       0.62      0.62      0.62     43114


[[  764     0     0     3     0    69     6   129     0  1824]
 [   10    52     0    79     0     5    41   182     0   952]
 [   15     1    16     4     0     7     7    32     0   273]
 [   16    10     1  3736     0     2    23   314     0   598]
 [    4     0     0     8     0     2     6    28     0   537]
 [   80     2     0    20     0   323    11   163     0   905]
 [    4     8     0    69     0     3  1685    99     0  1801]
 [  107    19     2   330     0    75    53  2468     1  4451]
 [    9     1     0    20     0     9     5   123    24   475]
 [  401    14     2   214     0   128   544   975     5 17730]]

