Title: Fully Connected - Words: 2000, Batch: 32, Epochs: 9, Outputs: 256

Results of Training Set

--------------------
Accuracy: 0.8208083994371511, F1 Score: 0.6797426207574995, Precision: 0.9163020198857257, Recall: 0.5901012633828032

              precision    recall  f1-score   support

           0       0.91      0.69      0.79      8263
           1       0.96      0.36      0.52      3968
           2       0.98      0.41      0.58      1050
           3       0.96      0.91      0.94     14541
           4       0.99      0.28      0.43      1763
           5       0.88      0.52      0.66      4392
           6       0.94      0.80      0.87     11089
           7       0.81      0.69      0.74     22288
           8       0.97      0.27      0.42      1971
           9       0.77      0.96      0.85     60017

   micro avg       0.82      0.82      0.82    129342
   macro avg       0.92      0.59      0.68    129342
weighted avg       0.84      0.82      0.81    129342
 samples avg       0.82      0.82      0.82    129342


[[ 5742     0     1     4     0    42     3   255     3  2213]
 [   15  1413     0    68     2    10    86   507     0  1867]
 [   21     0   430     3     0     6    14    86     0   490]
 [   14    10     0 13297     1     8    15   435     1   760]
 [    8     3     0     9   491     1    10    71     0  1170]
 [   97     6     0    19     0  2304     8   405     4  1549]
 [    3     6     1    59     1     2  8905   187     0  1925]
 [  124    16     5   206     2   101    87 15432     4  6311]
 [   21     1     0    38     0    21    12   267   527  1084]
 [  290    12     1   160     1   129   299  1497     4 57624]]

Results of Validation Set

--------------------
Accuracy: 0.6180359048105024, F1 Score: 0.3628957141081051, Precision: 0.5740169194958297, Recall: 0.32560247754015015

              precision    recall  f1-score   support

           0       0.53      0.30      0.38      2797
           1       0.54      0.08      0.15      1370
           2       0.62      0.08      0.15       371
           3       0.84      0.77      0.81      4733
           4       0.40      0.01      0.02       600
           5       0.57      0.24      0.33      1417
           6       0.66      0.48      0.56      3795
           7       0.50      0.39      0.44      7454
           8       0.46      0.05      0.08       665
           9       0.61      0.85      0.71     19912

   micro avg       0.62      0.62      0.62     43114
   macro avg       0.57      0.33      0.36     43114
weighted avg       0.61      0.62      0.58     43114
 samples avg       0.62      0.62      0.62     43114


[[  840     2     4    10     0    42    12   201     3  1683]
 [    6   116     1    74     2     3    56   240     0   872]
 [   23     3    31     6     1     1     9    46     1   250]
 [    9    21     0  3662     0     7    40   342     4   648]
 [    4     3     0     2     6     0     8    49     0   528]
 [   90     0     0    10     0   333     7   245     4   728]
 [   15    10     1    76     0     2  1836   125     0  1730]
 [  150    25     5   270     0    75    93  2912    12  3912]
 [   12     1     0    23     0    18     5   135    31   440]
 [  434    32     8   212     6    99   711  1518    13 16879]]

Results of Test Set

--------------------
Accuracy: 0.61975228464072, F1 Score: 0.3610430239809963, Precision: 0.5822578694842512, Recall: 0.32405526075636015

              precision    recall  f1-score   support

           0       0.52      0.29      0.38      2795
           1       0.49      0.07      0.12      1321
           2       0.55      0.08      0.13       355
           3       0.85      0.78      0.81      4700
           4       0.45      0.02      0.03       585
           5       0.55      0.22      0.31      1504
           6       0.67      0.48      0.56      3669
           7       0.50      0.40      0.44      7506
           8       0.62      0.06      0.11       666
           9       0.61      0.85      0.71     20013

   micro avg       0.62      0.62      0.62     43114
   macro avg       0.58      0.32      0.36     43114
weighted avg       0.61      0.62      0.59     43114
 samples avg       0.62      0.62      0.62     43114


[[  820     0     1    12     2    44     7   221     1  1687]
 [    7    89     0    71     1     6    50   232     0   865]
 [   26     0    27     4     0     3    17    40     0   238]
 [   14    14     1  3681     1     2    35   360     3   589]
 [    6     2     0     8     9     2     8    45     0   505]
 [   89     3     1    20     0   328    15   232     3   813]
 [    2    13     2    66     0     4  1759   136     1  1686]
 [  141    22     6   267     2    82    69  2984     8  3925]
 [   12     2     0    21     0    11     4   137    41   438]
 [  461    35    11   187     5   110   670  1543     9 16982]]

