Title: Fully Connected - Words: 2000, Batch: 64, Epochs: 9, Outputs: 256

Results of Training Set

--------------------
Accuracy: 0.8198187750305392, F1 Score: 0.6481423451990727, Precision: 0.9074716569367075, Recall: 0.5693760517055887

              precision    recall  f1-score   support

           0       0.89      0.69      0.78      8263
           1       0.93      0.35      0.51      3968
           2       0.96      0.34      0.50      1050
           3       0.96      0.91      0.94     14541
           4       1.00      0.14      0.25      1763
           5       0.83      0.59      0.69      4392
           6       0.94      0.79      0.86     11089
           7       0.81      0.71      0.76     22288
           8       0.97      0.22      0.36      1971
           9       0.77      0.96      0.85     60017

   micro avg       0.82      0.82      0.82    129342
   macro avg       0.91      0.57      0.65    129342
weighted avg       0.84      0.82      0.81    129342
 samples avg       0.82      0.82      0.82    129342


[[ 5671     4     0     3     0    82     7   254     0  2242]
 [   11  1378     1    71     0    20    87   529     0  1871]
 [   24     3   356     3     0    12    13    85     0   554]
 [   12    13     0 13266     0    11    16   513     0   710]
 [    6     3     0    11   247     4     3    75     0  1414]
 [  117     3     0    20     0  2609    10   391     3  1239]
 [    7    14     1    58     0     1  8748   233     0  2027]
 [  156    21    10   174     0   141    93 15839     6  5848]
 [   21     2     0    37     0    33    13   277   428  1160]
 [  320    33     1   171     0   214   365  1415     3 57495]]

Results of Validation Set

--------------------
Accuracy: 0.6205640859117688, F1 Score: 0.3646434214296265, Precision: 0.5973517447497716, Recall: 0.33038316871809714

              precision    recall  f1-score   support

           0       0.54      0.30      0.39      2797
           1       0.46      0.08      0.13      1370
           2       0.67      0.07      0.13       371
           3       0.84      0.78      0.81      4733
           4       0.50      0.01      0.01       600
           5       0.52      0.29      0.38      1417
           6       0.66      0.49      0.56      3795
           7       0.50      0.40      0.45      7454
           8       0.66      0.04      0.08       665
           9       0.62      0.84      0.71     19912

   micro avg       0.62      0.62      0.62     43114
   macro avg       0.60      0.33      0.36     43114
weighted avg       0.61      0.62      0.59     43114
 samples avg       0.62      0.62      0.62     43114


[[  853     2     1     8     0    68     5   208     1  1651]
 [    6   108     0    82     1     7    60   263     0   843]
 [   19     0    26     4     0     6    13    40     0   263]
 [   16    21     2  3672     0     6    50   389     2   575]
 [    6     1     0     3     3     0    12    53     0   522]
 [   68     3     0    16     0   415     7   234     2   672]
 [   11    10     2    77     0     5  1847   123     0  1720]
 [  143    42     2   240     1   103    91  2996     7  3829]
 [   11     0     0    26     0    23     3   132    29   441]
 [  447    48     6   230     1   159   696  1516     3 16806]]

Results of Test Set

--------------------
Accuracy: 0.6209120007422183, F1 Score: 0.36202787984737983, Precision: 0.586689337570448, Recall: 0.3287037477571827

              precision    recall  f1-score   support

           0       0.52      0.30      0.38      2795
           1       0.42      0.06      0.10      1321
           2       0.52      0.07      0.12       355
           3       0.85      0.78      0.81      4700
           4       0.58      0.01      0.02       585
           5       0.48      0.27      0.34      1504
           6       0.66      0.50      0.57      3669
           7       0.50      0.40      0.45      7506
           8       0.70      0.06      0.11       666
           9       0.62      0.84      0.71     20013

   micro avg       0.62      0.62      0.62     43114
   macro avg       0.59      0.33      0.36     43114
weighted avg       0.61      0.62      0.59     43114
 samples avg       0.62      0.62      0.62     43114


[[  841     4     3     8     0    91    14   206     1  1627]
 [   11    79     0    64     0    10    56   256     1   844]
 [   29     2    24     2     0     7    10    41     0   240]
 [   16    14     2  3671     0     8    42   403     1   543]
 [    3     2     0     3     7     3    13    50     0   504]
 [   83     5     2    22     1   403    10   214     2   762]
 [    5    13     2    64     0     6  1820   151     0  1608]
 [  156    23     3   276     0   107    81  3014     6  3840]
 [   14     3     0    20     0    13     6   140    38   432]
 [  462    42    10   193     4   185   685  1554     5 16873]]

