Title: Fully Connected - Words: 2000, Batch: 128, Epochs: 9, Outputs: 256

Results of Training Set

--------------------
Accuracy: 0.8143526464721437, F1 Score: 0.6450719333988985, Precision: 0.8902353273960435, Recall: 0.5703411814355538

              precision    recall  f1-score   support

           0       0.86      0.72      0.79      8263
           1       0.93      0.32      0.47      3968
           2       0.93      0.35      0.51      1050
           3       0.94      0.92      0.93     14541
           4       0.99      0.15      0.26      1763
           5       0.82      0.58      0.68      4392
           6       0.93      0.78      0.85     11089
           7       0.76      0.71      0.74     22288
           8       0.94      0.24      0.38      1971
           9       0.78      0.94      0.85     60017

   micro avg       0.81      0.81      0.81    129342
   macro avg       0.89      0.57      0.65    129342
weighted avg       0.83      0.81      0.80    129342
 samples avg       0.81      0.81      0.81    129342


[[ 5958     2     2     7     0    69    10   315     3  1897]
 [   20  1256     0   108     0    28    79   662     3  1812]
 [   30     0   368     9     0    15    19   127     0   482]
 [   17    19     0 13350     0    13    24   492     1   625]
 [   10     8     0    15   260     6     7   121     0  1336]
 [  143     3     3    24     0  2536    17   524     4  1138]
 [    8    13     2    91     0     7  8681   259     0  2028]
 [  191    21    11   257     2   162   117 15825    12  5690]
 [   44     3     0    46     0    39    14   349   465  1011]
 [  492    21     8   223     0   204   387  2045     6 56631]]

Results of Validation Set

--------------------
Accuracy: 0.626061140232871, F1 Score: 0.37839141248238134, Precision: 0.5906424383547588, Recall: 0.34437146839642624

              precision    recall  f1-score   support

           0       0.54      0.36      0.43      2797
           1       0.53      0.08      0.14      1370
           2       0.58      0.08      0.15       371
           3       0.83      0.80      0.82      4733
           4       0.57      0.01      0.01       600
           5       0.54      0.30      0.38      1417
           6       0.67      0.49      0.56      3795
           7       0.50      0.44      0.47      7454
           8       0.52      0.06      0.10       665
           9       0.63      0.83      0.71     19912

   micro avg       0.63      0.63      0.63     43114
   macro avg       0.59      0.34      0.38     43114
weighted avg       0.62      0.63      0.60     43114
 samples avg       0.63      0.63      0.63     43114


[[ 1019     2     2     7     0    62    10   253     1  1441]
 [    4   114     0    84     0     7    46   272     1   842]
 [   27     0    31     5     0     3    12    46     1   246]
 [   13    13     0  3774     0     5    42   368     0   518]
 [   12     2     1     6     4     2     6    57     0   510]
 [   82     0     4    18     0   424    10   255     6   618]
 [   15    11     1    79     1     3  1852   131     1  1701]
 [  172    26     5   278     0   110   106  3253    12  3492]
 [    8     2     0    24     0    19     9   157    38   408]
 [  551    47     9   246     2   154   668  1739    13 16483]]

Results of Test Set

--------------------
Accuracy: 0.621839773623417, F1 Score: 0.36922920895738776, Precision: 0.5574516358091948, Recall: 0.33774035666904584

              precision    recall  f1-score   support

           0       0.50      0.35      0.41      2795
           1       0.40      0.06      0.10      1321
           2       0.55      0.08      0.14       355
           3       0.83      0.80      0.82      4700
           4       0.45      0.01      0.02       585
           5       0.51      0.27      0.35      1504
           6       0.67      0.49      0.56      3669
           7       0.49      0.43      0.46      7506
           8       0.54      0.07      0.12       666
           9       0.63      0.82      0.71     20013

   micro avg       0.62      0.62      0.62     43114
   macro avg       0.56      0.34      0.37     43114
weighted avg       0.61      0.62      0.59     43114
 samples avg       0.62      0.62      0.62     43114


[[  984     2     2    13     0    74    16   248     1  1455]
 [   16    74     1    72     0     7    52   287     0   812]
 [   27     1    29     4     0     4    10    47     0   233]
 [   18    14     1  3769     0     5    26   383     1   483]
 [   12     2     1     9     5     3    12    51     0   490]
 [   98     3     1    25     0   407     9   236     8   717]
 [    8    16     2    73     0     4  1780   150     2  1634]
 [  194    26     4   311     3   112    84  3244    14  3514]
 [   16     1     0    27     0    16     5   164    44   393]
 [  612    45    12   234     3   166   657  1799    11 16474]]

