Title: Fully Connected - Words: 2000, Batch: 32, Epochs: 9, Outputs: 512

Results of Training Set

--------------------
Accuracy: 0.9150778556076139, F1 Score: 0.8731178994480459, Precision: 0.9523639811370097, Recall: 0.8151481642453955

              precision    recall  f1-score   support

           0       0.94      0.88      0.91      8263
           1       0.97      0.73      0.84      3968
           2       0.98      0.74      0.85      1050
           3       0.98      0.96      0.97     14541
           4       0.99      0.71      0.82      1763
           5       0.92      0.75      0.83      4392
           6       0.97      0.92      0.95     11089
           7       0.92      0.84      0.88     22288
           8       0.97      0.64      0.77      1971
           9       0.88      0.98      0.93     60017

   micro avg       0.92      0.92      0.92    129342
   macro avg       0.95      0.82      0.87    129342
weighted avg       0.92      0.92      0.91    129342
 samples avg       0.92      0.92      0.92    129342


[[ 7289     3     2     1     0    32     3   130     2   801]
 [    3  2906     0    13     0     9    33   170     0   834]
 [    8     0   780     3     0     5     6    55     0   193]
 [    7    12     0 13976     2     8     7   173     2   354]
 [    2     6     0     7  1243     2     4    34     0   465]
 [   85     4     1    12     0  3304     4   261    11   710]
 [    2     7     1    23     1     1 10232   109     1   712]
 [  112    25     5   118     1    78    63 18719    17  3150]
 [   17     2     0    15     0    23     3   126  1253   532]
 [  266    21     4   105     4   121   180   648    12 58656]]

Results of Validation Set

--------------------
Accuracy: 0.6239968455722039, F1 Score: 0.39473583280850466, Precision: 0.5636318077435284, Recall: 0.3548175733802438

              precision    recall  f1-score   support

           0       0.51      0.37      0.43      2797
           1       0.48      0.14      0.22      1370
           2       0.54      0.10      0.17       371
           3       0.84      0.79      0.81      4733
           4       0.44      0.04      0.07       600
           5       0.52      0.29      0.37      1417
           6       0.63      0.51      0.57      3795
           7       0.52      0.39      0.45      7454
           8       0.53      0.09      0.16       665
           9       0.62      0.83      0.71     19912

   micro avg       0.62      0.62      0.62     43114
   macro avg       0.56      0.35      0.39     43114
weighted avg       0.61      0.62      0.60     43114
 samples avg       0.62      0.62      0.62     43114


[[ 1021     4     5     6     1    56    15   200     2  1487]
 [    7   193     0    79     2     8    68   225     1   787]
 [   22     0    37     6     1     2    14    37     0   252]
 [   16    30     1  3737     0    12    55   304     2   576]
 [   17     4     0     6    22     1    13    47     0   490]
 [   97     4     3    14     3   408    13   228    12   635]
 [   12    18     1    79     2     4  1953   112     0  1614]
 [  185    54     7   277     4   104   124  2909    19  3771]
 [   15     0     0    26     0    24    12   114    61   413]
 [  593    91    15   229    15   165   825  1398    19 16562]]

Results of Test Set

--------------------
Accuracy: 0.6239040682840841, F1 Score: 0.387613518509056, Precision: 0.5448305274793562, Recall: 0.3495639002090718

              precision    recall  f1-score   support

           0       0.49      0.36      0.42      2795
           1       0.42      0.11      0.18      1321
           2       0.52      0.09      0.16       355
           3       0.83      0.80      0.81      4700
           4       0.33      0.03      0.05       585
           5       0.53      0.26      0.35      1504
           6       0.64      0.51      0.57      3669
           7       0.52      0.39      0.45      7506
           8       0.54      0.11      0.18       666
           9       0.63      0.83      0.71     20013

   micro avg       0.62      0.62      0.62     43114
   macro avg       0.54      0.35      0.39     43114
weighted avg       0.61      0.62      0.60     43114
 samples avg       0.62      0.62      0.62     43114


[[ 1004     4     1     8     0    50    22   225     3  1478]
 [   16   151     0    73     1     5    45   197     1   832]
 [   33     2    33     3     2     3    20    40     0   219]
 [   19    16     1  3750     0     6    48   327     3   530]
 [    8     5     0     5    15     2    13    48     0   489]
 [  112     7     1    22     2   389    15   216     9   731]
 [    8    19     2    79     2     6  1882   131     2  1538]
 [  192    60     7   309     7   100   106  2925    16  3784]
 [   12     3     0    21     0    17    10   128    74   401]
 [  637    92    19   243    16   150   791  1359    30 16676]]

