Title: Fully Connected - Words: 2000, Batch: 64, Epochs: 9, Outputs: 512

Results of Training Set

--------------------
Accuracy: 0.9201264863694701, F1 Score: 0.8709948208134553, Precision: 0.9507107371416745, Recall: 0.8130779093844481

              precision    recall  f1-score   support

           0       0.94      0.88      0.91      8263
           1       0.97      0.74      0.84      3968
           2       0.97      0.66      0.79      1050
           3       0.98      0.96      0.97     14541
           4       0.99      0.74      0.85      1763
           5       0.90      0.74      0.82      4392
           6       0.98      0.92      0.95     11089
           7       0.91      0.87      0.89     22288
           8       0.96      0.64      0.77      1971
           9       0.89      0.98      0.93     60017

   micro avg       0.92      0.92      0.92    129342
   macro avg       0.95      0.81      0.87    129342
weighted avg       0.92      0.92      0.92    129342
 samples avg       0.92      0.92      0.92    129342


[[ 7266     2     1     1     0    58     4   138     1   792]
 [    9  2933     0    15     2     8    22   211     1   767]
 [    8     0   696     5     1     3     9    74     0   254]
 [   10    18     0 13961     1    10     9   196     2   334]
 [    5     6     1     8  1298     2     3    40     0   400]
 [   73     5     1    16     0  3263     7   326    16   685]
 [    7    10     1    15     0     3 10244   113     0   696]
 [  109    27    12    96     1    87    42 19390    15  2509]
 [   17     4     0    11     0    34     9   138  1258   500]
 [  220    24     2    85     4   142   113   710    15 58702]]

Results of Validation Set

--------------------
Accuracy: 0.6261307231989609, F1 Score: 0.3939677624718729, Precision: 0.5624868769934623, Recall: 0.35316283980852

              precision    recall  f1-score   support

           0       0.52      0.35      0.42      2797
           1       0.48      0.14      0.22      1370
           2       0.61      0.09      0.16       371
           3       0.84      0.79      0.82      4733
           4       0.36      0.04      0.06       600
           5       0.54      0.29      0.37      1417
           6       0.67      0.49      0.57      3795
           7       0.51      0.42      0.46      7454
           8       0.48      0.09      0.15       665
           9       0.63      0.83      0.71     19912

   micro avg       0.63      0.63      0.63     43114
   macro avg       0.56      0.35      0.39     43114
weighted avg       0.61      0.63      0.60     43114
 samples avg       0.63      0.63      0.63     43114


[[  981     2     2    10     1    57    18   250     1  1475]
 [    7   192     1    77     4     5    65   240     0   779]
 [   23     0    33     5     0     5    12    50     1   242]
 [   16    27     1  3762     4     9    36   329     5   544]
 [   10     1     0     6    21     3    12    59     1   487]
 [   91     4     4    17     2   404    10   244    11   630]
 [   11    14     0    82     2     4  1874   123     0  1685]
 [  188    63     6   265     5    89    98  3158    19  3563]
 [   12     1     0    23     0    17     6   133    60   413]
 [  547    97     7   241    20   150   686  1626    28 16510]]

Results of Test Set

--------------------
Accuracy: 0.6259683629447511, F1 Score: 0.39282465022948204, Precision: 0.5602656827507089, Recall: 0.3528973546659097

              precision    recall  f1-score   support

           0       0.51      0.36      0.42      2795
           1       0.41      0.11      0.18      1321
           2       0.61      0.09      0.15       355
           3       0.84      0.81      0.82      4700
           4       0.37      0.04      0.07       585
           5       0.53      0.25      0.34      1504
           6       0.66      0.50      0.57      3669
           7       0.51      0.42      0.46      7506
           8       0.54      0.12      0.20       666
           9       0.63      0.83      0.71     20013

   micro avg       0.63      0.63      0.63     43114
   macro avg       0.56      0.35      0.39     43114
weighted avg       0.61      0.63      0.60     43114
 samples avg       0.63      0.63      0.63     43114


[[ 1011     2     1     7     5    71    12   247     5  1434]
 [   11   151     0    78     1     5    43   232     2   798]
 [   25     1    31     4     1     5    11    52     0   225]
 [   16    21     0  3793     2     5    31   333     5   494]
 [   11     3     0     7    22     3     8    44     0   487]
 [   97    10     2    20     2   381    12   221    13   746]
 [   10    24     1    69     1     4  1847   140     0  1573]
 [  194    58     3   295     6    88    97  3137    19  3609]
 [   16     3     0    23     0    16     6   129    80   393]
 [  598    92    13   224    19   147   728  1632    25 16535]]

