Title: Fully Connected - Words: 2000, Batch: 128, Epochs: 9, Outputs: 512

Results of Training Set

--------------------
Accuracy: 0.8987335900171638, F1 Score: 0.8312233969512798, Precision: 0.9496605233829245, Recall: 0.7569761732315663

              precision    recall  f1-score   support

           0       0.93      0.85      0.89      8263
           1       0.96      0.65      0.78      3968
           2       0.99      0.57      0.72      1050
           3       0.98      0.95      0.97     14541
           4       1.00      0.63      0.77      1763
           5       0.91      0.72      0.80      4392
           6       0.98      0.88      0.93     11089
           7       0.92      0.81      0.86     22288
           8       0.97      0.52      0.68      1971
           9       0.85      0.98      0.91     60017

   micro avg       0.90      0.90      0.90    129342
   macro avg       0.95      0.76      0.83    129342
weighted avg       0.91      0.90      0.90    129342
 samples avg       0.90      0.90      0.90    129342


[[ 7047     1     1     0     0    42     4   107     0  1061]
 [    9  2587     0    26     0    13    24   177     1  1131]
 [   14     2   595     1     2     3     9    80     1   343]
 [   13    13     0 13842     0    11     6   194     3   459]
 [    6     6     0     3  1106     3     3    47     0   589]
 [  108     7     1    14     0  3166     2   229    13   852]
 [    4    13     1    28     0     3  9798   136     1  1105]
 [  137    30     2    84     0   109    49 18109     8  3760]
 [   23     3     0     8     0    22     4   136  1024   751]
 [  190    27     0    65     3   126    69   565     2 58970]]

Results of Validation Set

--------------------
Accuracy: 0.6254580878600918, F1 Score: 0.38389732834443097, Precision: 0.5860365281063908, Recall: 0.34054445241287007

              precision    recall  f1-score   support

           0       0.52      0.33      0.41      2797
           1       0.48      0.12      0.19      1370
           2       0.63      0.09      0.15       371
           3       0.85      0.78      0.81      4733
           4       0.47      0.03      0.06       600
           5       0.53      0.27      0.36      1417
           6       0.69      0.46      0.56      3795
           7       0.54      0.38      0.44      7454
           8       0.54      0.09      0.15       665
           9       0.61      0.86      0.72     19912

   micro avg       0.63      0.63      0.63     43114
   macro avg       0.59      0.34      0.38     43114
weighted avg       0.62      0.63      0.59     43114
 samples avg       0.63      0.63      0.63     43114


[[  934     1     2    11     1    53     7   186     1  1601]
 [    4   158     1    77     2     3    44   190     1   890]
 [   22     1    32     1     1     2     9    42     0   261]
 [   23    26     1  3697     0    11    37   320     4   614]
 [    7     3     0     2    18     1    12    48     0   509]
 [   99     2     1    18     1   382     8   198     9   699]
 [   13    13     1    77     0     3  1758   111     0  1819]
 [  166    52     2   239     8    88    90  2800    18  3991]
 [    9     2     0    26     0    17     3   118    60   430]
 [  516    71    11   221     7   155   566  1219    19 17127]]

Results of Test Set

--------------------
Accuracy: 0.6277775200630885, F1 Score: 0.3842870495248491, Precision: 0.561942379267691, Recall: 0.3427540728891655

              precision    recall  f1-score   support

           0       0.53      0.35      0.42      2795
           1       0.44      0.10      0.17      1321
           2       0.58      0.09      0.16       355
           3       0.85      0.79      0.82      4700
           4       0.36      0.02      0.04       585
           5       0.52      0.26      0.35      1504
           6       0.68      0.47      0.56      3669
           7       0.53      0.37      0.44      7506
           8       0.52      0.10      0.17       666
           9       0.62      0.86      0.72     20013

   micro avg       0.63      0.63      0.63     43114
   macro avg       0.56      0.34      0.38     43114
weighted avg       0.61      0.63      0.60     43114
 samples avg       0.63      0.63      0.63     43114


[[  984     3     0    10     1    60    15   182     4  1536]
 [   18   137     0    68     1     9    56   180     1   851]
 [   27     2    32     2     2     7    12    37     0   234]
 [   20    22     2  3720     1     5    28   331     4   567]
 [    4     3     0     5    14     4    10    45     0   500]
 [  100     9     1    22     3   392    13   193    13   758]
 [    6    20     2    60     0     1  1729   118     1  1732]
 [  189    48     5   272     4   108    76  2803    13  3988]
 [   14     3     0    24     0    13     7   117    68   420]
 [  512    66    13   185    13   159   596  1254    28 17187]]

