Title: Fully Connected - Words: 1000, Batch: 128, Epochs: 2, Outputs: 256

Results of Training Set

--------------------
Accuracy: 0.6328957337910346, F1 Score: 0.31340626132768384, Precision: 0.5839918708319455, Recall: 0.29136050316409706

              precision    recall  f1-score   support

           0       0.65      0.18      0.29      8263
           1       0.86      0.00      0.00      3968
           2       0.94      0.02      0.03      1050
           3       0.85      0.80      0.82     14541
           4       0.00      0.00      0.00      1763
           5       0.65      0.14      0.23      4392
           6       0.73      0.51      0.60     11089
           7       0.56      0.36      0.44     22288
           8       0.00      0.00      0.00      1971
           9       0.60      0.91      0.72     60017

   micro avg       0.63      0.63      0.63    129342
   macro avg       0.58      0.29      0.31    129342
weighted avg       0.63      0.63      0.58    129342
 samples avg       0.63      0.63      0.63    129342


[[ 1526     0     0    17     0    68    28   395     0  6229]
 [   13     6     0   214     0     5   132   572     0  3026]
 [   35     0    16     9     0    11    30    85     0   864]
 [   14     0     0 11663     0     4    78  1011     0  1771]
 [    4     0     0    23     0     2    13    84     0  1637]
 [  117     0     0    65     0   616    27   523     0  3044]
 [    6     0     0   227     0     2  5614   259     0  4981]
 [  161     1     1   880     0    96   215  7926     0 13008]
 [   17     0     0    73     0    18    32   417     0  1414]
 [  472     0     0   565     0   123  1494  2870     0 54493]]

Results of Validation Set

--------------------
Accuracy: 0.6074592939648374, F1 Score: 0.28858191501432806, Precision: 0.46876090446828034, Recall: 0.27172596719721265

              precision    recall  f1-score   support

           0       0.55      0.15      0.23      2797
           1       0.00      0.00      0.00      1370
           2       1.00      0.01      0.02       371
           3       0.83      0.78      0.80      4733
           4       0.00      0.00      0.00       600
           5       0.52      0.10      0.17      1417
           6       0.69      0.46      0.55      3795
           7       0.52      0.33      0.40      7454
           8       0.00      0.00      0.00       665
           9       0.58      0.89      0.71     19912

   micro avg       0.61      0.61      0.61     43114
   macro avg       0.47      0.27      0.29     43114
weighted avg       0.57      0.61      0.55     43114
 samples avg       0.61      0.61      0.61     43114


[[  407     0     0     6     0    31    14   127     0  2212]
 [    1     0     0    91     0     3    49   208     0  1018]
 [   11     0     4     1     0     1     9    26     0   319]
 [    3     0     0  3673     0     0    33   366     0   658]
 [    4     0     0     4     0     0     7    43     0   542]
 [   47     0     0    15     0   148     8   184     0  1015]
 [    4     0     0    80     0     1  1754    80     0  1876]
 [   71     0     0   329     0    39    68  2426     0  4521]
 [    5     0     0    24     0    10     5   135     0   486]
 [  188     0     0   228     0    53   587  1078     0 17778]]

Results of Test Set

--------------------
Accuracy: 0.607018601846268, F1 Score: 0.2862568323296336, Precision: 0.5649773648140586, Recall: 0.27045137172175215

              precision    recall  f1-score   support

           0       0.53      0.14      0.23      2795
           1       1.00      0.00      0.00      1321
           2       1.00      0.01      0.02       355
           3       0.83      0.79      0.81      4700
           4       0.00      0.00      0.00       585
           5       0.51      0.10      0.17      1504
           6       0.68      0.46      0.55      3669
           7       0.51      0.32      0.39      7506
           8       0.00      0.00      0.00       666
           9       0.59      0.89      0.71     20013

   micro avg       0.61      0.61      0.61     43114
   macro avg       0.56      0.27      0.29     43114
weighted avg       0.60      0.61      0.55     43114
 samples avg       0.61      0.61      0.61     43114


[[  403     0     0     6     0    25    10   137     0  2214]
 [    8     1     0    66     0     1    47   207     0   991]
 [   13     0     3     4     0     2    10    29     0   294]
 [    6     0     0  3691     0     0    36   355     0   612]
 [    0     0     0     4     0     0     7    29     0   545]
 [   57     0     0    19     0   150    14   169     0  1095]
 [    2     0     0    74     0     2  1676    99     0  1816]
 [   75     0     0   361     0    41    63  2373     0  4593]
 [    4     0     0    22     0     7     4   160     0   469]
 [  188     0     0   223     0    65   599  1064     0 17874]]

