Title: Fully Connected - Words: 1000, Batch: 128, Epochs: 1, Outputs: 10

Results of Training Set

--------------------
Accuracy: 0.5710132826150824, F1 Score: 0.19355326903954245, Precision: 0.27805907267296365, Recall: 0.19994070634353597

              precision    recall  f1-score   support

           0       0.00      0.00      0.00      8263
           1       0.00      0.00      0.00      3968
           2       0.00      0.00      0.00      1050
           3       0.84      0.76      0.80     14541
           4       0.00      0.00      0.00      1763
           5       0.00      0.00      0.00      4392
           6       0.85      0.14      0.25     11089
           7       0.56      0.12      0.20     22288
           8       0.00      0.00      0.00      1971
           9       0.53      0.97      0.69     60017

   micro avg       0.57      0.57      0.57    129342
   macro avg       0.28      0.20      0.19    129342
weighted avg       0.51      0.57      0.47    129342
 samples avg       0.57      0.57      0.57    129342


[[    0     0     0     7     0     0     0    28     0  8228]
 [    0     0     0   190     0     0     9   199     0  3570]
 [    0     0     0     4     0     0     7    38     0  1001]
 [    0     0     0 11009     0     0    21   797     0  2714]
 [    0     0     0    17     0     0     1    31     0  1714]
 [    0     0     0    57     0     0     1   146     0  4188]
 [    0     0     0   227     0     0  1601    92     0  9169]
 [    0     0     0   976     0     0    22  2746     0 18544]
 [    0     0     0    70     0     0     3   117     0  1781]
 [    0     0     0   547     0     0   217   753     0 58500]]

Results of Validation Set

--------------------
Accuracy: 0.5644570209212785, F1 Score: 0.1910412933044388, Precision: 0.2720754542740325, Recall: 0.19806697554985223

              precision    recall  f1-score   support

           0       0.00      0.00      0.00      2797
           1       0.00      0.00      0.00      1370
           2       0.00      0.00      0.00       371
           3       0.84      0.75      0.79      4733
           4       0.00      0.00      0.00       600
           5       0.00      0.00      0.00      1417
           6       0.82      0.14      0.24      3795
           7       0.53      0.12      0.20      7454
           8       0.00      0.00      0.00       665
           9       0.53      0.97      0.69     19912

   micro avg       0.56      0.56      0.56     43114
   macro avg       0.27      0.20      0.19     43114
weighted avg       0.50      0.56      0.46     43114
 samples avg       0.56      0.56      0.56     43114


[[    0     0     0     5     0     0     0    13     0  2779]
 [    0     0     0    73     0     0     3    80     0  1214]
 [    0     0     0     2     0     0     2     9     0   358]
 [    0     0     0  3542     0     0    15   263     0   913]
 [    0     0     0     4     0     0     0    15     0   581]
 [    0     0     0    13     0     0     0    57     0  1347]
 [    0     0     0    81     0     0   523    33     0  3158]
 [    0     0     0   319     0     0     8   911     0  6216]
 [    0     0     0    19     0     0     1    42     0   603]
 [    0     0     0   182     0     0    84   286     0 19360]]

Results of Test Set

--------------------
Accuracy: 0.5644338265992485, F1 Score: 0.18835558536306546, Precision: 0.27157811570743273, Recall: 0.196474660253578

              precision    recall  f1-score   support

           0       0.00      0.00      0.00      2795
           1       0.00      0.00      0.00      1321
           2       0.00      0.00      0.00       355
           3       0.83      0.75      0.79      4700
           4       0.00      0.00      0.00       585
           5       0.00      0.00      0.00      1504
           6       0.81      0.13      0.22      3669
           7       0.54      0.11      0.19      7506
           8       0.00      0.00      0.00       666
           9       0.53      0.97      0.69     20013

   micro avg       0.56      0.56      0.56     43114
   macro avg       0.27      0.20      0.19     43114
weighted avg       0.50      0.56      0.46     43114
 samples avg       0.56      0.56      0.56     43114


[[    0     0     0     3     0     0     0    14     0  2778]
 [    0     0     0    56     0     0     4    67     0  1194]
 [    0     0     0     3     0     0     3    11     0   338]
 [    0     0     0  3529     0     0     7   272     0   892]
 [    0     0     0     4     0     0     1    11     0   569]
 [    0     0     0    17     0     0     1    44     0  1442]
 [    0     0     0    75     0     0   462    16     0  3116]
 [    0     0     0   341     0     0     6   858     0  6301]
 [    0     0     0    24     0     0     1    43     0   598]
 [    0     0     0   183     0     0    82   262     0 19486]]

