Title: Fully Connected - Words: 2000, Batch: 32, Epochs: 10, Outputs: 10

Results of Training Set

--------------------
Accuracy: 0.5984830913392402, F1 Score: 0.23512941022977624, Precision: 0.3552400745579928, Recall: 0.22920521475549288

              precision    recall  f1-score   support

           0       0.62      0.03      0.06      8263
           1       0.00      0.00      0.00      3968
           2       0.00      0.00      0.00      1050
           3       0.88      0.77      0.82     14541
           4       0.00      0.00      0.00      1763
           5       0.00      0.00      0.00      4392
           6       0.85      0.35      0.50     11089
           7       0.66      0.17      0.27     22288
           8       0.00      0.00      0.00      1971
           9       0.55      0.97      0.70     60017

   micro avg       0.60      0.60      0.60    129342
   macro avg       0.36      0.23      0.24    129342
weighted avg       0.58      0.60      0.51    129342
 samples avg       0.60      0.60      0.60    129342


[[  268     0     0     3     0     0     2    21     0  7969]
 [    0     0     0   180     0     0    33   265     0  3490]
 [    4     0     0     3     0     0     8    15     0  1020]
 [    3     0     0 11125     0     0    18   633     0  2762]
 [    0     0     0    12     0     0     4    18     0  1729]
 [   21     0     0    46     0     0     5   129     0  4191]
 [    0     0     0   193     0     0  3894    77     0  6925]
 [   15     0     0   709     0     0    57  3840     0 17667]
 [    2     0     0    55     0     0     3   174     0  1737]
 [  118     0     0   359     0     0   575   683     0 58282]]

Results of Validation Set

--------------------
Accuracy: 0.5837315025281811, F1 Score: 0.2255087034117688, Precision: 0.3378050804542361, Recall: 0.2213328092311407

              precision    recall  f1-score   support

           0       0.59      0.03      0.06      2797
           1       0.00      0.00      0.00      1370
           2       0.00      0.00      0.00       371
           3       0.85      0.74      0.79      4733
           4       0.00      0.00      0.00       600
           5       0.00      0.00      0.00      1417
           6       0.79      0.32      0.46      3795
           7       0.60      0.16      0.25      7454
           8       0.00      0.00      0.00       665
           9       0.54      0.96      0.69     19912

   micro avg       0.58      0.58      0.58     43114
   macro avg       0.34      0.22      0.23     43114
weighted avg       0.56      0.58      0.49     43114
 samples avg       0.58      0.58      0.58     43114


[[   93     0     0     3     0     0     1    15     0  2685]
 [    0     0     0    82     0     0    18    86     0  1184]
 [    2     0     0     1     0     0     4     4     0   360]
 [    2     0     0  3479     0     0    14   261     0   977]
 [    0     0     0     2     0     0     0     6     0   592]
 [    5     0     0     9     0     0     1    54     0  1348]
 [    0     0     0    71     0     0  1231    29     0  2464]
 [   10     0     0   266     0     0    22  1167     0  5989]
 [    2     0     0    19     0     0     2    63     0   579]
 [   43     0     0   149     0     0   266   257     0 19197]]

Results of Test Set

--------------------
Accuracy: 0.5848448299856195, F1 Score: 0.22524323242583452, Precision: 0.33386190920217196, Recall: 0.22150643295836878

              precision    recall  f1-score   support

           0       0.54      0.03      0.06      2795
           1       0.00      0.00      0.00      1321
           2       0.00      0.00      0.00       355
           3       0.86      0.74      0.80      4700
           4       0.00      0.00      0.00       585
           5       0.00      0.00      0.00      1504
           6       0.78      0.32      0.46      3669
           7       0.61      0.15      0.25      7506
           8       0.00      0.00      0.00       666
           9       0.54      0.96      0.70     20013

   micro avg       0.58      0.58      0.58     43114
   macro avg       0.33      0.22      0.23     43114
weighted avg       0.55      0.58      0.50     43114
 samples avg       0.58      0.58      0.58     43114


[[   81     0     0     1     0     0     1    15     0  2697]
 [    0     0     0    57     0     0    15   100     0  1149]
 [    0     0     0     3     0     0     5     6     0   341]
 [    0     0     0  3492     0     0    15   224     0   969]
 [    0     0     0     3     0     0     2     6     0   574]
 [   11     0     0    17     0     0     5    40     0  1431]
 [    0     0     0    63     0     0  1190    29     0  2387]
 [    7     0     0   271     0     0    21  1163     0  6044]
 [    0     0     0    17     0     0     3    58     0   588]
 [   50     0     0   147     0     0   263   264     0 19289]]

