Title: Fully Connected - Words: 2000, Batch: 64, Epochs: 10, Outputs: 10

Results of Training Set

--------------------
Accuracy: 0.602078211253885, F1 Score: 0.2357627579444216, Precision: 0.3689972959483514, Recall: 0.23203538071291402

              precision    recall  f1-score   support

           0       0.81      0.01      0.02      8263
           1       0.00      0.00      0.00      3968
           2       0.00      0.00      0.00      1050
           3       0.87      0.78      0.82     14541
           4       0.00      0.00      0.00      1763
           5       0.00      0.00      0.00      4392
           6       0.82      0.37      0.51     11089
           7       0.64      0.20      0.30     22288
           8       0.00      0.00      0.00      1971
           9       0.56      0.97      0.71     60017

   micro avg       0.60      0.60      0.60    129342
   macro avg       0.37      0.23      0.24    129342
weighted avg       0.59      0.60      0.52    129342
 samples avg       0.60      0.60      0.60    129342


[[   87     0     0     3     0     0     1    72     0  8100]
 [    0     0     0   184     0     0    43   288     0  3453]
 [    0     0     0     3     0     0     8    20     0  1019]
 [    2     0     0 11332     0     0    24   727     0  2456]
 [    0     0     0    12     0     0     6    16     0  1729]
 [    1     0     0    40     0     0     4   185     0  4162]
 [    0     0     0   215     0     0  4077    88     0  6709]
 [    4     0     0   757     0     0    66  4379     0 17082]
 [    0     0     0    59     0     0     8   230     0  1674]
 [   14     0     0   386     0     1   726   891     0 57999]]

Results of Validation Set

--------------------
Accuracy: 0.5876977315953055, F1 Score: 0.2268558086773355, Precision: 0.3389039724243269, Recall: 0.2248004300298881

              precision    recall  f1-score   support

           0       0.62      0.01      0.02      2797
           1       0.00      0.00      0.00      1370
           2       0.00      0.00      0.00       371
           3       0.85      0.75      0.80      4733
           4       0.00      0.00      0.00       600
           5       0.00      0.00      0.00      1417
           6       0.78      0.35      0.48      3795
           7       0.59      0.18      0.27      7454
           8       0.00      0.00      0.00       665
           9       0.55      0.96      0.70     19912

   micro avg       0.59      0.59      0.59     43114
   macro avg       0.34      0.22      0.23     43114
weighted avg       0.56      0.59      0.50     43114
 samples avg       0.59      0.59      0.59     43114


[[   30     0     0     3     0     0     1    25     0  2738]
 [    0     0     0    83     0     0    18    98     0  1171]
 [    1     0     0     0     0     0     4     8     0   358]
 [    2     0     0  3566     0     0    17   275     0   873]
 [    0     0     0     3     0     0     1     7     0   589]
 [    1     0     0     8     0     0     0    72     0  1336]
 [    0     0     0    79     0     0  1317    28     0  2371]
 [    3     0     0   290     0     0    26  1323     0  5812]
 [    0     0     0    20     0     0     1    80     0   564]
 [   11     0     0   165     0     1   293   340     0 19102]]

Results of Test Set

--------------------
Accuracy: 0.5889502249849237, F1 Score: 0.22667518983905546, Precision: 0.33938565363117335, Recall: 0.2250095943786794

              precision    recall  f1-score   support

           0       0.63      0.01      0.02      2795
           1       0.00      0.00      0.00      1321
           2       0.00      0.00      0.00       355
           3       0.85      0.76      0.80      4700
           4       0.00      0.00      0.00       585
           5       0.00      0.00      0.00      1504
           6       0.77      0.35      0.48      3669
           7       0.59      0.18      0.27      7506
           8       0.00      0.00      0.00       666
           9       0.55      0.96      0.70     20013

   micro avg       0.59      0.59      0.59     43114
   macro avg       0.34      0.23      0.23     43114
weighted avg       0.56      0.59      0.50     43114
 samples avg       0.59      0.59      0.59     43114


[[   24     0     0     3     0     0     1    31     0  2736]
 [    0     0     0    56     0     0    15    98     0  1152]
 [    0     0     0     3     0     0     5     6     0   341]
 [    2     0     0  3566     0     0    18   260     0   854]
 [    0     0     0     3     0     0     5    10     0   567]
 [    2     0     0    15     0     0     5    56     0  1426]
 [    0     0     0    69     0     0  1274    32     0  2294]
 [    2     0     0   299     0     0    23  1319     0  5863]
 [    0     0     0    21     0     0     3    79     0   563]
 [    8     0     0   160     0     0   307   329     0 19209]]

