Title: Fully Connected - Words: 2000, Batch: 128, Epochs: 10, Outputs: 10

Results of Training Set

--------------------
Accuracy: 0.599271698288259, F1 Score: 0.2341406177398361, Precision: 0.45190834143698383, Recall: 0.22810464850727596

              precision    recall  f1-score   support

           0       0.64      0.05      0.09      8263
           1       0.00      0.00      0.00      3968
           2       0.00      0.00      0.00      1050
           3       0.86      0.79      0.82     14541
           4       0.00      0.00      0.00      1763
           5       1.00      0.00      0.00      4392
           6       0.87      0.25      0.38     11089
           7       0.59      0.23      0.33     22288
           8       0.00      0.00      0.00      1971
           9       0.56      0.96      0.71     60017

   micro avg       0.60      0.60      0.60    129342
   macro avg       0.45      0.23      0.23    129342
weighted avg       0.61      0.60      0.52    129342
 samples avg       0.60      0.60      0.60    129342


[[  406     0     0     7     0     0     1    64     0  7785]
 [    1     0     0   199     0     0    12   422     0  3334]
 [    7     0     0     3     0     0     5    28     0  1007]
 [    6     0     0 11479     0     0    21   945     0  2090]
 [    0     0     0    14     0     0     2    42     0  1705]
 [   37     0     0    50     0     8     2   311     0  3984]
 [    0     0     0   209     0     0  2740   133     0  8007]
 [   27     0     0   900     0     0    28  5173     0 16160]
 [   10     0     0    62     0     0     2   300     0  1597]
 [  136     0     0   449     0     0   333  1394     0 57705]]

Results of Validation Set

--------------------
Accuracy: 0.585865380154938, F1 Score: 0.2269723980742861, Precision: 0.4183512888557527, Recall: 0.22232101113469613

              precision    recall  f1-score   support

           0       0.64      0.05      0.09      2797
           1       0.00      0.00      0.00      1370
           2       0.00      0.00      0.00       371
           3       0.83      0.76      0.80      4733
           4       0.00      0.00      0.00       600
           5       0.80      0.00      0.01      1417
           6       0.83      0.24      0.37      3795
           7       0.54      0.21      0.30      7454
           8       0.00      0.00      0.00       665
           9       0.55      0.95      0.70     19912

   micro avg       0.59      0.59      0.59     43114
   macro avg       0.42      0.22      0.23     43114
weighted avg       0.58      0.59      0.50     43114
 samples avg       0.59      0.59      0.59     43114


[[  140     0     0     4     0     0     1    35     0  2617]
 [    0     0     0    86     0     0    11   147     0  1126]
 [    1     0     0     1     0     0     2    15     0   352]
 [    2     0     0  3615     0     0    12   358     0   746]
 [    0     0     0     3     0     0     0    18     0   579]
 [   12     0     0    10     0     4     0   115     0  1276]
 [    0     0     0    81     0     0   912    44     0  2758]
 [   14     0     0   336     0     0    14  1576     0  5514]
 [    3     0     0    21     0     0     1   112     0   528]
 [   48     0     0   183     0     1   150   518     0 19012]]

Results of Test Set

--------------------
Accuracy: 0.5880920350698149, F1 Score: 0.22607702077109434, Precision: 0.3376254589292603, Recall: 0.22204971041809313

              precision    recall  f1-score   support

           0       0.60      0.05      0.09      2795
           1       0.00      0.00      0.00      1321
           2       0.00      0.00      0.00       355
           3       0.83      0.77      0.80      4700
           4       0.00      0.00      0.00       585
           5       0.00      0.00      0.00      1504
           6       0.84      0.23      0.36      3669
           7       0.55      0.21      0.31      7506
           8       0.00      0.00      0.00       666
           9       0.55      0.96      0.70     20013

   micro avg       0.59      0.59      0.59     43114
   macro avg       0.34      0.22      0.23     43114
weighted avg       0.55      0.59      0.50     43114
 samples avg       0.59      0.59      0.59     43114


[[  132     0     0     3     0     1     0    44     0  2615]
 [    0     0     0    60     0     0     5   149     0  1107]
 [    2     0     0     3     0     0     3    10     0   337]
 [    4     0     0  3627     0     0     9   345     0   715]
 [    1     0     0     5     0     0     0    13     0   566]
 [   14     0     0    16     0     0     2    88     0  1384]
 [    0     0     0    68     0     0   851    52     0  2698]
 [   14     0     0   361     0     0    15  1598     0  5518]
 [    2     0     0    24     0     0     1   100     0   539]
 [   52     0     0   181     0     2   125   506     0 19147]]

