Title: Fully Connected - Words: 2000, Batch: 32, Epochs: 10, Outputs: 16

Results of Training Set

--------------------
Accuracy: 0.6188322432001979, F1 Score: 0.27773820896500223, Precision: 0.5213897848340786, Recall: 0.25860797139037056

              precision    recall  f1-score   support

           0       0.69      0.09      0.15      8263
           1       0.93      0.01      0.02      3968
           2       0.00      0.00      0.00      1050
           3       0.88      0.78      0.83     14541
           4       0.00      0.00      0.00      1763
           5       0.69      0.08      0.15      4392
           6       0.82      0.43      0.56     11089
           7       0.62      0.25      0.35     22288
           8       0.00      0.00      0.00      1971
           9       0.57      0.96      0.72     60017

   micro avg       0.62      0.62      0.62    129342
   macro avg       0.52      0.26      0.28    129342
weighted avg       0.64      0.62      0.55    129342
 samples avg       0.62      0.62      0.62    129342


[[  708     0     0     3     0    55     4    90     0  7403]
 [    5    40     0   188     0    16    42   349     0  3328]
 [   19     0     0     2     0     0    22    29     0   978]
 [   11     0     0 11314     0     2    24   943     0  2247]
 [    0     0     0    11     0     0     5    26     0  1721]
 [   64     0     0    40     0   360     8   275     0  3645]
 [    1     1     0   205     0     0  4747   115     0  6020]
 [   34     2     0   614     0    31    99  5482     0 16026]
 [    3     0     0    52     0     6     6   287     0  1617]
 [  178     0     0   380     0    50   831  1188     0 57390]]

Results of Validation Set

--------------------
Accuracy: 0.5991093380340493, F1 Score: 0.25875187518604686, Precision: 0.4538002981473464, Recall: 0.2445801713776298

              precision    recall  f1-score   support

           0       0.62      0.07      0.12      2797
           1       0.57      0.00      0.01      1370
           2       0.00      0.00      0.00       371
           3       0.86      0.74      0.80      4733
           4       0.00      0.00      0.00       600
           5       0.59      0.06      0.11      1417
           6       0.77      0.40      0.52      3795
           7       0.57      0.23      0.32      7454
           8       0.00      0.00      0.00       665
           9       0.56      0.95      0.70     19912

   micro avg       0.60      0.60      0.60     43114
   macro avg       0.45      0.24      0.26     43114
weighted avg       0.60      0.60      0.53     43114
 samples avg       0.60      0.60      0.60     43114


[[  194     0     0     3     0    16     3    37     0  2544]
 [    1     4     0    81     0     4    27   124     0  1129]
 [    8     0     0     1     0     0     6    13     0   343]
 [    5     0     0  3521     0     0    21   355     0   831]
 [    0     0     0     2     0     0     2    10     0   586]
 [   11     0     0     6     0    87     2   109     0  1202]
 [    5     2     0    73     0     0  1506    38     0  2171]
 [   18     0     0   246     0    21    40  1679     0  5450]
 [    1     0     0    20     0     2     1    97     0   544]
 [   68     1     0   162     0    18   359   465     0 18839]]

Results of Test Set

--------------------
Accuracy: 0.5994108642204389, F1 Score: 0.2569760394869866, Precision: 0.4294511659701411, Recall: 0.24367253051144963

              precision    recall  f1-score   support

           0       0.64      0.07      0.13      2795
           1       0.40      0.00      0.00      1321
           2       0.00      0.00      0.00       355
           3       0.86      0.75      0.80      4700
           4       0.00      0.00      0.00       585
           5       0.50      0.05      0.09      1504
           6       0.75      0.39      0.52      3669
           7       0.58      0.22      0.32      7506
           8       0.00      0.00      0.00       666
           9       0.56      0.95      0.70     20013

   micro avg       0.60      0.60      0.60     43114
   macro avg       0.43      0.24      0.26     43114
weighted avg       0.59      0.60      0.53     43114
 samples avg       0.60      0.60      0.60     43114


[[  205     0     0     2     0    18     2    48     0  2520]
 [    0     2     0    59     0     0    22   122     0  1116]
 [    6     0     0     2     0     0     6    10     0   331]
 [    3     1     0  3539     0     2    13   343     0   799]
 [    1     0     0     3     0     0     3    12     0   566]
 [   17     1     0    15     0    78     5    82     0  1306]
 [    0     0     0    67     0     0  1438    41     0  2123]
 [   16     1     0   247     0    26    36  1642     0  5538]
 [    1     0     0    19     0     5     4    93     0   544]
 [   73     0     0   149     0    26   382   444     0 18939]]

