Title: Fully Connected - Words: 2000, Batch: 64, Epochs: 10, Outputs: 16

Results of Training Set

--------------------
Accuracy: 0.6186080314205749, F1 Score: 0.2751057140712426, Precision: 0.5319443953719384, Recall: 0.2563399173588617

              precision    recall  f1-score   support

           0       0.71      0.08      0.15      8263
           1       1.00      0.00      0.00      3968
           2       0.00      0.00      0.00      1050
           3       0.88      0.78      0.83     14541
           4       0.00      0.00      0.00      1763
           5       0.74      0.08      0.15      4392
           6       0.82      0.37      0.51     11089
           7       0.59      0.29      0.39     22288
           8       0.00      0.00      0.00      1971
           9       0.58      0.95      0.72     60017

   micro avg       0.62      0.62      0.62    129342
   macro avg       0.53      0.26      0.28    129342
weighted avg       0.64      0.62      0.55    129342
 samples avg       0.62      0.62      0.62    129342


[[  702     0     0     3     0    23     3   153     0  7379]
 [    2     2     0   179     0     0    38   547     0  3200]
 [   11     0     0     3     0     5     8    62     0   961]
 [   12     0     0 11339     0     3    47  1094     0  2046]
 [    0     0     0    12     0     1     4    42     0  1704]
 [   36     0     0    43     0   370     5   481     0  3457]
 [    0     0     0   212     0     0  4116   167     0  6594]
 [   24     0     0   623     0    46    67  6558     0 14970]
 [    4     0     0    51     0     5    12   301     0  1598]
 [  196     0     0   433     0    45   724  1694     0 56925]]

Results of Validation Set

--------------------
Accuracy: 0.5979496219325509, F1 Score: 0.25744600125401973, Precision: 0.39407134659490517, Recall: 0.2429118236476203

              precision    recall  f1-score   support

           0       0.61      0.07      0.12      2797
           1       0.00      0.00      0.00      1370
           2       0.00      0.00      0.00       371
           3       0.85      0.75      0.80      4733
           4       0.00      0.00      0.00       600
           5       0.58      0.07      0.12      1417
           6       0.79      0.34      0.48      3795
           7       0.54      0.26      0.36      7454
           8       0.00      0.00      0.00       665
           9       0.56      0.94      0.70     19912

   micro avg       0.60      0.60      0.60     43114
   macro avg       0.39      0.24      0.26     43114
weighted avg       0.58      0.60      0.53     43114
 samples avg       0.60      0.60      0.60     43114


[[  188     0     0     4     0     8     1    62     0  2534]
 [    1     0     0    77     0     1    16   182     0  1093]
 [    3     0     0     1     0     0     2    26     0   339]
 [    4     0     0  3545     0     1    24   393     0   766]
 [    0     0     0     2     0     0     0    23     0   575]
 [   13     0     0     8     0    94     1   150     0  1151]
 [    4     0     0    87     0     1  1306    57     0  2340]
 [   20     0     0   248     0    22    19  1972     0  5173]
 [    0     0     0    17     0     4     1   110     0   533]
 [   73     0     0   186     0    30   287   661     0 18675]]

Results of Test Set

--------------------
Accuracy: 0.5995036415085587, F1 Score: 0.2576658725424796, Precision: 0.39806224351984715, Recall: 0.24322125344362783

              precision    recall  f1-score   support

           0       0.69      0.08      0.14      2795
           1       0.00      0.00      0.00      1321
           2       0.00      0.00      0.00       355
           3       0.85      0.75      0.80      4700
           4       0.00      0.00      0.00       585
           5       0.57      0.06      0.10      1504
           6       0.76      0.34      0.47      3669
           7       0.54      0.26      0.35      7506
           8       0.00      0.00      0.00       666
           9       0.57      0.94      0.71     20013

   micro avg       0.60      0.60      0.60     43114
   macro avg       0.40      0.24      0.26     43114
weighted avg       0.58      0.60      0.53     43114
 samples avg       0.60      0.60      0.60     43114


[[  225     0     0     3     0    10     1    75     0  2481]
 [    0     0     0    58     0     1    12   170     0  1080]
 [    2     0     0     3     0     1     6    19     0   324]
 [    4     0     0  3540     0     1    26   407     0   722]
 [    0     0     0     4     0     0     3    19     0   559]
 [   18     0     0    15     0    85     6   155     0  1225]
 [    0     0     0    69     0     0  1258    69     0  2273]
 [   15     0     0   268     0    22    26  1956     0  5219]
 [    1     0     0    21     0     3     2   106     0   533]
 [   62     0     0   175     0    25   310   658     0 18783]]

