Title: Fully Connected - Words: 2000, Batch: 128, Epochs: 10, Outputs: 16

Results of Training Set

--------------------
Accuracy: 0.6185539113358384, F1 Score: 0.2663374402029583, Precision: 0.4189295142115112, Recall: 0.25391378796749764

              precision    recall  f1-score   support

           0       0.63      0.07      0.13      8263
           1       0.00      0.00      0.00      3968
           2       0.00      0.00      0.00      1050
           3       0.87      0.80      0.83     14541
           4       0.00      0.00      0.00      1763
           5       0.67      0.03      0.06      4392
           6       0.82      0.43      0.56     11089
           7       0.63      0.26      0.37     22288
           8       0.00      0.00      0.00      1971
           9       0.57      0.95      0.71     60017

   micro avg       0.62      0.62      0.62    129342
   macro avg       0.42      0.25      0.27    129342
weighted avg       0.60      0.62      0.55    129342
 samples avg       0.62      0.62      0.62    129342


[[  580     0     0     7     0    11     2    91     0  7572]
 [    1     0     0   195     0     0    44   416     0  3312]
 [    8     0     0     5     0     1    12    26     0   998]
 [   10     0     0 11576     0     1    23   813     0  2118]
 [    0     0     0    14     0     0     3    28     0  1718]
 [   79     0     0    53     0   126     7   270     0  3857]
 [    1     0     0   196     0     0  4752   143     0  5997]
 [   35     0     0   741     0    19    98  5900     0 15495]
 [    5     0     0    61     0     1     9   285     0  1610]
 [  197     0     0   400     0    30   860  1459     0 57071]]

Results of Validation Set

--------------------
Accuracy: 0.5971378206615021, F1 Score: 0.2498255149207937, Precision: 0.38574549440467587, Recall: 0.24043731800980228

              precision    recall  f1-score   support

           0       0.60      0.07      0.12      2797
           1       0.00      0.00      0.00      1370
           2       0.00      0.00      0.00       371
           3       0.84      0.76      0.80      4733
           4       0.00      0.00      0.00       600
           5       0.53      0.02      0.04      1417
           6       0.77      0.39      0.51      3795
           7       0.56      0.23      0.33      7454
           8       0.00      0.00      0.00       665
           9       0.56      0.94      0.70     19912

   micro avg       0.60      0.60      0.60     43114
   macro avg       0.39      0.24      0.25     43114
weighted avg       0.57      0.60      0.52     43114
 samples avg       0.60      0.60      0.60     43114


[[  183     0     0     4     0     8     2    37     0  2563]
 [    1     0     0    86     0     0    25   147     0  1111]
 [    3     0     0     1     0     0     6    13     0   348]
 [    3     0     0  3594     0     0    21   326     0   789]
 [    0     0     0     3     0     0     0    16     0   581]
 [   23     0     0    10     0    27     2   113     0  1242]
 [    2     0     0    76     0     0  1468    49     0  2200]
 [   15     0     0   298     0     6    31  1734     0  5370]
 [    3     0     0    23     0     1     1   105     0   532]
 [   72     0     0   172     0     9   358   562     0 18739]]

Results of Test Set

--------------------
Accuracy: 0.6004546087117874, F1 Score: 0.2524090493634643, Precision: 0.3962669916547014, Recall: 0.24275050512543342

              precision    recall  f1-score   support

           0       0.61      0.06      0.12      2795
           1       0.00      0.00      0.00      1321
           2       0.00      0.00      0.00       355
           3       0.85      0.77      0.81      4700
           4       0.00      0.00      0.00       585
           5       0.61      0.02      0.05      1504
           6       0.76      0.39      0.52      3669
           7       0.58      0.23      0.33      7506
           8       0.00      0.00      0.00       666
           9       0.56      0.94      0.70     20013

   micro avg       0.60      0.60      0.60     43114
   macro avg       0.40      0.24      0.25     43114
weighted avg       0.58      0.60      0.53     43114
 samples avg       0.60      0.60      0.60     43114


[[  181     0     0     5     0     4     2    54     0  2549]
 [    0     0     0    68     0     1    21   136     0  1095]
 [    3     0     0     3     0     0     8     8     0   333]
 [    2     0     0  3618     0     1    14   310     0   755]
 [    1     0     0     4     0     0     4    14     0   562]
 [   25     0     0    17     0    36     5    81     0  1340]
 [    0     0     0    67     0     0  1442    49     0  2111]
 [   19     0     0   297     0     7    33  1755     0  5395]
 [    0     0     0    20     0     2     2   105     0   537]
 [   65     0     0   166     0     8   378   540     0 18856]]

