Title: Fully Connected - Words: 2000, Batch: 32, Epochs: 10, Outputs: 32

Results of Training Set

--------------------
Accuracy: 0.6448408096364676, F1 Score: 0.3248982310589946, Precision: 0.6153555918444444, Recall: 0.2960089636691058

              precision    recall  f1-score   support

           0       0.70      0.24      0.36      8263
           1       0.85      0.00      0.01      3968
           2       0.94      0.03      0.06      1050
           3       0.87      0.82      0.84     14541
           4       0.00      0.00      0.00      1763
           5       0.74      0.13      0.22      4392
           6       0.83      0.48      0.61     11089
           7       0.62      0.32      0.42     22288
           8       0.00      0.00      0.00      1971
           9       0.60      0.94      0.73     60017

   micro avg       0.64      0.64      0.64    129342
   macro avg       0.62      0.30      0.32    129342
weighted avg       0.66      0.64      0.59    129342
 samples avg       0.64      0.64      0.64    129342


[[ 1965     0     0     4     0    41     4   207     0  6042]
 [    8    11     0   217     0     5    71   530     0  3126]
 [   44     0    33     4     0     5    20    72     0   872]
 [   17     0     0 11864     0     2    41   895     0  1722]
 [    3     0     0    17     0     0     5    44     0  1694]
 [  129     0     0    49     0   569    13   437     0  3195]
 [    5     0     2   204     0     0  5320   165     0  5393]
 [  147     1     0   771     0    56   120  7178     0 14015]
 [   11     0     0    57     0     5    10   358     0  1530]
 [  465     1     0   454     0    83   791  1758     0 56465]]

Results of Validation Set

--------------------
Accuracy: 0.6070649904903279, F1 Score: 0.28534378427748236, Precision: 0.4849765294826204, Recall: 0.2653264358427646

              precision    recall  f1-score   support

           0       0.56      0.17      0.26      2797
           1       0.00      0.00      0.00      1370
           2       1.00      0.02      0.04       371
           3       0.83      0.77      0.80      4733
           4       0.00      0.00      0.00       600
           5       0.61      0.09      0.15      1417
           6       0.73      0.41      0.52      3795
           7       0.54      0.28      0.37      7454
           8       0.00      0.00      0.00       665
           9       0.58      0.92      0.71     19912

   micro avg       0.61      0.61      0.61     43114
   macro avg       0.48      0.27      0.29     43114
weighted avg       0.58      0.61      0.55     43114
 samples avg       0.61      0.61      0.61     43114


[[  471     0     0     3     0    14     5    86     0  2218]
 [    1     0     0    97     0     0    33   181     0  1058]
 [   16     0     8     4     0     1     7    20     0   315]
 [    6     0     0  3658     0     1    36   347     0   685]
 [    2     0     0     4     0     0     3    32     0   559]
 [   58     0     0    13     0   123     3   145     0  1075]
 [    5     1     0    85     0     1  1544    54     0  2105]
 [   68     0     0   309     0    28    49  2071     0  4929]
 [    3     0     0    22     0     6     3   133     0   498]
 [  213     1     0   209     0    29   418   744     0 18298]]

Results of Test Set

--------------------
Accuracy: 0.6082015122697964, F1 Score: 0.28517672008530376, Precision: 0.5484975481240119, Recall: 0.2659224659167899

              precision    recall  f1-score   support

           0       0.56      0.18      0.27      2795
           1       0.67      0.00      0.00      1321
           2       1.00      0.01      0.02       355
           3       0.83      0.78      0.81      4700
           4       0.00      0.00      0.00       585
           5       0.58      0.09      0.15      1504
           6       0.73      0.41      0.52      3669
           7       0.55      0.28      0.37      7506
           8       0.00      0.00      0.00       666
           9       0.58      0.92      0.71     20013

   micro avg       0.61      0.61      0.61     43114
   macro avg       0.55      0.27      0.29     43114
weighted avg       0.60      0.61      0.55     43114
 samples avg       0.61      0.61      0.61     43114


[[  496     0     0     4     0    19     5   105     0  2166]
 [    3     2     0    74     0     1    30   170     0  1041]
 [   15     0     4     4     0     0     9    24     0   299]
 [    6     0     0  3659     0     1    25   332     0   677]
 [    3     0     0     3     0     0     4    18     0   557]
 [   51     0     0    15     0   130     8   151     0  1149]
 [    1     0     0    71     0     0  1504    73     0  2020]
 [   65     0     0   327     0    30    38  2083     0  4963]
 [    4     0     0    19     0     3     5   129     0   506]
 [  248     1     0   212     0    42   435   731     0 18344]]

