Title: Fully Connected - Words: 2000, Batch: 64, Epochs: 10, Outputs: 32

Results of Training Set

--------------------
Accuracy: 0.6454129362465402, F1 Score: 0.3247203007288555, Precision: 0.7347565541008981, Recall: 0.29659001451837086

              precision    recall  f1-score   support

           0       0.70      0.26      0.38      8263
           1       1.00      0.00      0.00      3968
           2       1.00      0.01      0.01      1050
           3       0.88      0.81      0.84     14541
           4       0.00      0.00      0.00      1763
           5       0.74      0.14      0.23      4392
           6       0.83      0.47      0.60     11089
           7       0.60      0.35      0.44     22288
           8       1.00      0.01      0.01      1971
           9       0.60      0.93      0.73     60017

   micro avg       0.65      0.65      0.65    129342
   macro avg       0.73      0.30      0.32    129342
weighted avg       0.68      0.65      0.59    129342
 samples avg       0.65      0.65      0.65    129342


[[ 2130     0     0     9     0    34     8   249     0  5833]
 [    8     7     0   184     0     4    62   605     0  3098]
 [   34     0     6     3     0     5    15    50     0   937]
 [   17     0     0 11793     0     3    23  1005     0  1700]
 [    1     0     0    14     0     1     5    39     0  1703]
 [  129     0     0    51     0   602     7   497     0  3106]
 [    4     0     0   203     0     1  5168   197     0  5516]
 [  172     0     0   651     0    68   120  7748     0 13529]
 [   12     0     0    58     0     7     7   416    11  1460]
 [  546     0     0   411     0    89   840  2117     0 56014]]

Results of Validation Set

--------------------
Accuracy: 0.6079463747274667, F1 Score: 0.2886606336437543, Precision: 0.4866961491769752, Recall: 0.2680514234928877

              precision    recall  f1-score   support

           0       0.56      0.19      0.29      2797
           1       0.00      0.00      0.00      1370
           2       0.00      0.00      0.00       371
           3       0.84      0.77      0.80      4733
           4       0.00      0.00      0.00       600
           5       0.61      0.11      0.18      1417
           6       0.74      0.40      0.52      3795
           7       0.53      0.30      0.38      7454
           8       1.00      0.00      0.00       665
           9       0.58      0.91      0.71     19912

   micro avg       0.61      0.61      0.61     43114
   macro avg       0.49      0.27      0.29     43114
weighted avg       0.59      0.61      0.55     43114
 samples avg       0.61      0.61      0.61     43114


[[  540     0     0     5     0    18     4    97     0  2133]
 [    1     0     0    93     0     2    27   192     0  1055]
 [   15     0     0     3     0     0     6    22     0   325]
 [    5     0     0  3621     0     0    23   384     0   700]
 [    5     0     0     5     0     0     4    20     0   566]
 [   55     0     0    11     0   151     2   166     0  1032]
 [    8     0     0    86     0     2  1530    59     0  2110]
 [   67     0     0   285     0    32    49  2243     0  4778]
 [    5     0     0    19     0     6     1   151     1   482]
 [  260     0     0   191     0    35   415   886     0 18125]]

Results of Test Set

--------------------
Accuracy: 0.6099410864220439, F1 Score: 0.28819196939073716, Precision: 0.5836519494513113, Recall: 0.268193322559092

              precision    recall  f1-score   support

           0       0.56      0.19      0.29      2795
           1       0.00      0.00      0.00      1321
           2       1.00      0.00      0.01       355
           3       0.84      0.77      0.80      4700
           4       0.00      0.00      0.00       585
           5       0.58      0.09      0.16      1504
           6       0.75      0.41      0.53      3669
           7       0.53      0.30      0.38      7506
           8       1.00      0.00      0.00       666
           9       0.58      0.91      0.71     20013

   micro avg       0.61      0.61      0.61     43114
   macro avg       0.58      0.27      0.29     43114
weighted avg       0.60      0.61      0.55     43114
 samples avg       0.61      0.61      0.61     43114


[[  543     0     0     5     0    18     4   103     0  2122]
 [    1     0     0    72     0     1    26   196     0  1025]
 [   18     0     1     3     0     2     8    19     0   304]
 [    8     0     0  3619     0     0    18   407     0   648]
 [    2     0     0     5     0     0     4    23     0   551]
 [   53     0     0    15     0   137     8   164     0  1127]
 [    2     0     0    70     0     0  1514    84     0  1999]
 [   81     0     0   294     0    31    38  2236     0  4826]
 [    4     0     0    22     0     5     6   138     1   490]
 [  258     0     0   191     0    43   400   875     0 18246]]

