Title: Fully Connected - Words: 2000, Batch: 128, Epochs: 10, Outputs: 32

Results of Training Set

--------------------
Accuracy: 0.6437893337044425, F1 Score: 0.32773873544701204, Precision: 0.6322303091773032, Recall: 0.29919874494294

              precision    recall  f1-score   support

           0       0.71      0.21      0.32      8263
           1       1.00      0.00      0.00      3968
           2       1.00      0.01      0.02      1050
           3       0.87      0.82      0.84     14541
           4       0.00      0.00      0.00      1763
           5       0.70      0.22      0.34      4392
           6       0.82      0.48      0.61     11089
           7       0.63      0.31      0.41     22288
           8       0.00      0.00      0.00      1971
           9       0.60      0.94      0.73     60017

   micro avg       0.64      0.64      0.64    129342
   macro avg       0.63      0.30      0.33    129342
weighted avg       0.66      0.64      0.59    129342
 samples avg       0.64      0.64      0.64    129342


[[ 1702     0     0     4     0    86     5   148     0  6318]
 [    4     8     0   225     0     4    57   470     0  3200]
 [   14     0    11     2     0    13    12    58     0   940]
 [    7     0     0 11916     0     7    28   797     0  1786]
 [    1     0     0    15     0     6     6    36     0  1699]
 [  113     0     0    51     0   985    11   386     0  2846]
 [    0     0     0   214     0     0  5346   141     0  5388]
 [  110     0     0   796     0   144   110  6841     0 14287]
 [   14     0     0    59     0    12    14   338     0  1534]
 [  436     0     0   438     0   157   964  1562     0 56460]]

Results of Validation Set

--------------------
Accuracy: 0.6086422043883657, F1 Score: 0.2909417266801242, Precision: 0.38196813795632706, Recall: 0.27061273476376463

              precision    recall  f1-score   support

           0       0.59      0.16      0.26      2797
           1       0.00      0.00      0.00      1370
           2       0.00      0.00      0.00       371
           3       0.83      0.77      0.80      4733
           4       0.00      0.00      0.00       600
           5       0.53      0.16      0.25      1417
           6       0.74      0.42      0.54      3795
           7       0.56      0.26      0.36      7454
           8       0.00      0.00      0.00       665
           9       0.58      0.92      0.71     19912

   micro avg       0.61      0.61      0.61     43114
   macro avg       0.38      0.27      0.29     43114
weighted avg       0.57      0.61      0.55     43114
 samples avg       0.61      0.61      0.61     43114


[[  458     0     0     4     0    36     4    67     0  2228]
 [    3     0     0    99     0     4    29   167     0  1068]
 [    8     0     0     3     0     2     7    21     0   330]
 [    3     0     0  3659     0     2    30   317     0   722]
 [    2     0     0     4     0     0     1    21     0   572]
 [   35     0     0    11     0   232     4   138     0   997]
 [    5     0     0    87     0     2  1597    49     0  2055]
 [   60     0     0   334     0    63    47  1972     0  4978]
 [    5     0     0    21     0    10     3   120     0   506]
 [  199     0     0   212     0    87   434   657     0 18323]]

Results of Test Set

--------------------
Accuracy: 0.609894697777984, F1 Score: 0.2904603624640856, Precision: 0.48027176659305626, Recall: 0.27072376527094166

              precision    recall  f1-score   support

           0       0.56      0.16      0.24      2795
           1       0.00      0.00      0.00      1321
           2       1.00      0.00      0.01       355
           3       0.83      0.79      0.81      4700
           4       0.00      0.00      0.00       585
           5       0.54      0.16      0.24      1504
           6       0.73      0.42      0.54      3669
           7       0.56      0.26      0.36      7506
           8       0.00      0.00      0.00       666
           9       0.58      0.92      0.71     20013

   micro avg       0.61      0.61      0.61     43114
   macro avg       0.48      0.27      0.29     43114
weighted avg       0.58      0.61      0.55     43114
 samples avg       0.61      0.61      0.61     43114


[[  438     0     0     5     0    46     5    76     0  2225]
 [    4     0     0    75     0     1    25   156     0  1060]
 [   13     0     1     3     0     2     6    24     0   306]
 [    5     0     0  3700     0     3    15   307     0   670]
 [    3     0     0     5     0     0     6    19     0   552]
 [   47     0     0    22     0   234     6   130     0  1065]
 [    1     0     0    77     0     1  1557    61     0  1972]
 [   57     0     0   333     0    55    40  1957     0  5064]
 [    5     0     0    21     0     7     5   123     0   505]
 [  211     0     0   207     0    84   455   648     0 18408]]

