Title: Fully Connected - Words: 2000, Batch: 32, Epochs: 10, Outputs: 64

Results of Training Set

--------------------
Accuracy: 0.6760294413260967, F1 Score: 0.3879144398368032, Precision: 0.8359222576833041, Recall: 0.3412000181213434

              precision    recall  f1-score   support

           0       0.78      0.29      0.42      8263
           1       0.79      0.07      0.12      3968
           2       0.94      0.08      0.14      1050
           3       0.90      0.83      0.86     14541
           4       1.00      0.00      0.01      1763
           5       0.82      0.24      0.37      4392
           6       0.85      0.55      0.67     11089
           7       0.66      0.39      0.49     22288
           8       1.00      0.02      0.04      1971
           9       0.63      0.95      0.75     60017

   micro avg       0.68      0.68      0.68    129342
   macro avg       0.84      0.34      0.39    129342
weighted avg       0.72      0.68      0.63    129342
 samples avg       0.68      0.68      0.68    129342


[[ 2416     0     0     7     0    41    12   276     0  5511]
 [   15   259     0   190     0     7    88   574     0  2835]
 [   25     0    80     2     0     4    27    70     0   842]
 [   11    27     0 12017     0     3    32   856     0  1595]
 [    2     0     0    10     8     1     5    47     0  1690]
 [  134     3     0    36     0  1054    15   501     0  2649]
 [    2     6     1   195     0     1  6129   194     0  4561]
 [  156    23     3   527     0    75   131  8613     0 12760]
 [   15     0     0    56     0     6    13   315    42  1524]
 [  332     8     1   323     0   101   768  1663     0 56821]]

Results of Validation Set

--------------------
Accuracy: 0.6117502435403813, F1 Score: 0.31045225483257316, Precision: 0.5795299136558533, Recall: 0.2817419576796718

              precision    recall  f1-score   support

           0       0.59      0.19      0.28      2797
           1       0.60      0.03      0.06      1370
           2       0.70      0.04      0.07       371
           3       0.84      0.76      0.80      4733
           4       0.00      0.00      0.00       600
           5       0.61      0.15      0.24      1417
           6       0.72      0.44      0.55      3795
           7       0.53      0.31      0.39      7454
           8       0.62      0.01      0.01       665
           9       0.58      0.91      0.71     19912

   micro avg       0.61      0.61      0.61     43114
   macro avg       0.58      0.28      0.31     43114
weighted avg       0.61      0.61      0.56     43114
 samples avg       0.61      0.61      0.61     43114


[[  518     0     0     7     0    23     7   117     1  2124]
 [    6    43     0    93     0     2    34   188     0  1004]
 [   11     0    14     3     0     1     9    34     0   299]
 [    8     9     0  3577     0     5    41   356     0   737]
 [    3     0     0     1     0     0     5    38     0   553]
 [   47     2     0     7     0   207     6   185     0   963]
 [    6     2     0    76     0     0  1674    72     0  1965]
 [   67     8     2   279     0    37    59  2279     1  4722]
 [    3     0     0    20     0     6     3   119     5   509]
 [  211     8     4   202     0    59   490   879     1 18058]]

Results of Test Set

--------------------
Accuracy: 0.6110080252354224, F1 Score: 0.3031331925350209, Precision: 0.5638545470864468, Recall: 0.27791012907592777

              precision    recall  f1-score   support

           0       0.56      0.18      0.27      2795
           1       0.43      0.02      0.03      1321
           2       0.69      0.03      0.05       355
           3       0.85      0.77      0.80      4700
           4       0.00      0.00      0.00       585
           5       0.57      0.14      0.22      1504
           6       0.71      0.44      0.55      3669
           7       0.53      0.30      0.38      7506
           8       0.71      0.01      0.01       666
           9       0.58      0.91      0.71     20013

   micro avg       0.61      0.61      0.61     43114
   macro avg       0.56      0.28      0.30     43114
weighted avg       0.60      0.61      0.56     43114
 samples avg       0.61      0.61      0.61     43114


[[  499     0     0     6     0    27     5   118     0  2140]
 [    9    23     0    74     0     2    46   172     0   995]
 [   13     0     9     1     0     2    11    33     0   286]
 [   15     6     0  3601     0     0    27   369     1   681]
 [    2     0     0     4     0     1     3    27     0   548]
 [   49     2     0    17     0   206     9   160     0  1061]
 [    2     5     0    70     0     0  1631    86     0  1875]
 [   60     9     1   283     0    49    48  2220     0  4836]
 [    4     0     0    21     0     7     4   111     5   514]
 [  235     9     3   176     1    68   513   858     1 18149]]

