Title: Fully Connected - Words: 1000, Batch: 32, Epochs: 2, Outputs: 512

Results of Training Set

--------------------
Accuracy: 0.6416322617556556, F1 Score: 0.3344213489215688, Precision: 0.6952223564802864, Recall: 0.30116593824866217

              precision    recall  f1-score   support

           0       0.73      0.18      0.29      8263
           1       0.85      0.01      0.03      3968
           2       0.85      0.05      0.10      1050
           3       0.87      0.81      0.84     14541
           4       0.00      0.00      0.00      1763
           5       0.72      0.21      0.32      4392
           6       0.79      0.48      0.60     11089
           7       0.62      0.32      0.42     22288
           8       0.92      0.01      0.02      1971
           9       0.60      0.94      0.73     60017

   micro avg       0.64      0.64      0.64    129342
   macro avg       0.70      0.30      0.33    129342
weighted avg       0.67      0.64      0.59    129342
 samples avg       0.64      0.64      0.64    129342


[[ 1504     0     1    15     0    72    15   274     0  6382]
 [    8    58     0   199     0     7    89   442     0  3165]
 [   21     0    53     7     0     7    26    80     0   856]
 [   10     2     0 11820     0     7    51   795     0  1856]
 [    4     0     0    17     0     4    10    57     0  1671]
 [   78     0     1    49     0   903    16   426     0  2919]
 [    2     1     1   223     0     0  5318   197     0  5347]
 [  115     7     4   783     0   101   157  7089     1 14031]
 [   10     0     0    69     0    19    13   286    23  1551]
 [  305     0     2   464     0   132  1016  1875     1 56222]]

Results of Validation Set

--------------------
Accuracy: 0.6083638725240061, F1 Score: 0.291273563504599, Precision: 0.5391043466283216, Recall: 0.26960486723971033

              precision    recall  f1-score   support

           0       0.61      0.14      0.22      2797
           1       0.47      0.01      0.01      1370
           2       0.57      0.02      0.04       371
           3       0.83      0.77      0.80      4733
           4       0.00      0.00      0.00       600
           5       0.56      0.14      0.22      1417
           6       0.72      0.42      0.53      3795
           7       0.55      0.28      0.37      7454
           8       0.50      0.00      0.00       665
           9       0.58      0.92      0.71     19912

   micro avg       0.61      0.61      0.61     43114
   macro avg       0.54      0.27      0.29     43114
weighted avg       0.60      0.61      0.55     43114
 samples avg       0.61      0.61      0.61     43114


[[  378     0     1     5     0    35     7    94     0  2277]
 [    1     7     0    89     0     2    42   182     0  1047]
 [    8     0     8     2     0     0     8    22     0   323]
 [    4     3     0  3667     0     1    24   303     0   731]
 [    3     0     0     4     0     0     6    30     0   557]
 [   31     0     1    17     0   196     8   154     0  1010]
 [    6     1     0    81     0     1  1589    65     0  2052]
 [   42     3     3   296     0    38    56  2112     1  4903]
 [    2     0     0    26     0     9     5   113     1   509]
 [  142     1     1   212     0    68   470   747     0 18271]]

Results of Test Set

--------------------
Accuracy: 0.6054413879482303, F1 Score: 0.28836733943390036, Precision: 0.5663899457003427, Recall: 0.2672493676712036

              precision    recall  f1-score   support

           0       0.56      0.13      0.21      2795
           1       0.52      0.01      0.02      1321
           2       0.78      0.02      0.04       355
           3       0.84      0.78      0.81      4700
           4       0.00      0.00      0.00       585
           5       0.52      0.13      0.21      1504
           6       0.71      0.42      0.53      3669
           7       0.53      0.27      0.36      7506
           8       0.62      0.01      0.01       666
           9       0.58      0.92      0.71     20013

   micro avg       0.61      0.61      0.61     43114
   macro avg       0.57      0.27      0.29     43114
weighted avg       0.60      0.61      0.55     43114
 samples avg       0.61      0.61      0.61     43114


[[  356     1     0     4     0    37     9   115     0  2273]
 [    5    11     0    64     0     2    33   155     0  1051]
 [   11     0     7     3     0     4    11    26     0   293]
 [    5     4     0  3650     0     1    22   309     0   709]
 [    2     0     0     4     0     0     3    27     0   549]
 [   42     0     1    18     0   196    10   156     0  1081]
 [    0     1     0    71     0     3  1537    90     0  1967]
 [   63     4     0   316     0    56    57  2010     2  4998]
 [    1     0     0    18     0     7     4   111     5   520]
 [  149     0     1   204     0    74   470   783     1 18331]]

