Title: Fully Connected - Words: 2000, Batch: 64, Epochs: 10, Outputs: 64

Results of Training Set

--------------------
Accuracy: 0.6784339193765366, F1 Score: 0.39106894773229106, Precision: 0.7379521817946239, Recall: 0.3471712544006998

              precision    recall  f1-score   support

           0       0.76      0.36      0.49      8263
           1       0.91      0.02      0.05      3968
           2       0.95      0.09      0.16      1050
           3       0.88      0.85      0.87     14541
           4       0.00      0.00      0.00      1763
           5       0.76      0.25      0.38      4392
           6       0.86      0.53      0.65     11089
           7       0.66      0.40      0.49     22288
           8       0.97      0.04      0.07      1971
           9       0.63      0.94      0.75     60017

   micro avg       0.68      0.68      0.68    129342
   macro avg       0.74      0.35      0.39    129342
weighted avg       0.70      0.68      0.64    129342
 samples avg       0.68      0.68      0.68    129342


[[ 2973     0     0     5     0    60     8   333     0  4884]
 [   14    96     0   205     0     7    73   590     0  2983]
 [   60     0    91     5     0     9    19    92     0   774]
 [   16     2     0 12327     0     2    26   651     0  1517]
 [    1     0     0    18     0     0     4    42     0  1698]
 [  147     0     0    55     0  1117    13   483     0  2577]
 [    7     1     1   188     0     0  5853   195     0  4844]
 [  208     4     3   705     0   118   119  8825     2 12304]
 [   16     0     0    67     0    15     7   324    70  1472]
 [  490     2     1   372     0   140   705  1909     0 56398]]

Results of Validation Set

--------------------
Accuracy: 0.6153221691329962, F1 Score: 0.3192828434314629, Precision: 0.6132795422288776, Recall: 0.2905270772583065

              precision    recall  f1-score   support

           0       0.55      0.22      0.32      2797
           1       0.68      0.01      0.02      1370
           2       0.82      0.05      0.09       371
           3       0.83      0.79      0.81      4733
           4       0.00      0.00      0.00       600
           5       0.60      0.19      0.29      1417
           6       0.74      0.42      0.54      3795
           7       0.54      0.31      0.40      7454
           8       0.80      0.01      0.02       665
           9       0.59      0.90      0.71     19912

   micro avg       0.62      0.62      0.62     43114
   macro avg       0.61      0.29      0.32     43114
weighted avg       0.62      0.62      0.57     43114
 samples avg       0.62      0.62      0.62     43114


[[  624     0     2     6     0    34     6   149     0  1976]
 [    1    17     1    97     0     2    39   205     0  1008]
 [   20     0    18     7     0     3     9    25     0   289]
 [    5     2     0  3719     0     0    31   278     0   698]
 [    5     0     0     4     0     0     3    27     0   561]
 [   61     1     0    16     0   266     5   171     0   897]
 [   14     1     1    84     0     2  1594    71     0  2028]
 [  100     2     0   335     0    54    48  2348     1  4566]
 [    3     0     0    25     0     8     3   128     8   490]
 [  307     2     0   207     0    78   420   962     1 17935]]

Results of Test Set

--------------------
Accuracy: 0.6148118940483369, F1 Score: 0.31341996724313026, Precision: 0.5763721364491616, Recall: 0.28666448694770824

              precision    recall  f1-score   support

           0       0.55      0.24      0.33      2795
           1       0.46      0.01      0.02      1321
           2       0.72      0.04      0.07       355
           3       0.83      0.79      0.81      4700
           4       0.00      0.00      0.00       585
           5       0.53      0.15      0.23      1504
           6       0.73      0.42      0.53      3669
           7       0.53      0.31      0.39      7506
           8       0.82      0.02      0.04       666
           9       0.59      0.90      0.71     20013

   micro avg       0.61      0.61      0.61     43114
   macro avg       0.58      0.29      0.31     43114
weighted avg       0.61      0.61      0.56     43114
 samples avg       0.61      0.61      0.61     43114


[[  657     0     0     5     0    41     6   160     0  1926]
 [    6    12     0    78     0     3    33   196     0   993]
 [   15     0    13     3     0     5     9    45     0   265]
 [   15     3     0  3696     0     2    21   312     0   651]
 [    4     0     0     6     0     1     5    30     0   539]
 [   72     0     0    17     0   226     7   172     0  1010]
 [    5     1     2    73     0     0  1533    95     0  1960]
 [   83     9     1   358     0    61    54  2321     2  4617]
 [    6     0     0    22     0     6     3   119    14   496]
 [  328     1     2   208     0    83   441   914     1 18035]]

