Title: Fully Connected - Words: 2000, Batch: 128, Epochs: 10, Outputs: 64

Results of Training Set

--------------------
Accuracy: 0.6738414436146032, F1 Score: 0.3831080065493523, Precision: 0.8269586229480727, Recall: 0.3431585967157683

              precision    recall  f1-score   support

           0       0.76      0.34      0.47      8263
           1       0.84      0.01      0.03      3968
           2       0.95      0.06      0.11      1050
           3       0.88      0.85      0.86     14541
           4       1.00      0.00      0.00      1763
           5       0.75      0.29      0.42      4392
           6       0.82      0.54      0.65     11089
           7       0.67      0.37      0.48     22288
           8       0.96      0.03      0.05      1971
           9       0.62      0.94      0.75     60017

   micro avg       0.67      0.67      0.67    129342
   macro avg       0.83      0.34      0.38    129342
weighted avg       0.71      0.67      0.63    129342
 samples avg       0.67      0.67      0.67    129342


[[ 2828     0     0     9     0    74     6   198     0  5148]
 [   11    52     0   191     0    13    74   577     0  3050]
 [   29     0    63     3     0     6    25    79     0   845]
 [   20     0     0 12295     0     5    29   659     0  1533]
 [    2     0     0    16     1     3     4    50     0  1687]
 [  139     0     0    57     0  1283    16   370     0  2527]
 [    5     2     1   207     0     2  5973   188     0  4711]
 [  158     4     2   666     0   126   144  8349     1 12838]
 [   18     0     0    68     0    19    10   303    54  1499]
 [  520     4     0   399     0   174   978  1683     1 56258]]

Results of Validation Set

--------------------
Accuracy: 0.6166906341327643, F1 Score: 0.3195440982244714, Precision: 0.6020013828113993, Recall: 0.29224820274405355

              precision    recall  f1-score   support

           0       0.57      0.24      0.33      2797
           1       0.55      0.01      0.02      1370
           2       0.94      0.04      0.08       371
           3       0.83      0.78      0.80      4733
           4       0.00      0.00      0.00       600
           5       0.56      0.19      0.29      1417
           6       0.72      0.45      0.55      3795
           7       0.56      0.30      0.39      7454
           8       0.71      0.01      0.01       665
           9       0.59      0.90      0.71     19912

   micro avg       0.62      0.62      0.62     43114
   macro avg       0.60      0.29      0.32     43114
weighted avg       0.61      0.62      0.57     43114
 samples avg       0.62      0.62      0.62     43114


[[  658     0     0     6     0    42     4    87     0  2000]
 [    3    12     0    94     0     3    37   199     0  1022]
 [   17     0    16     3     0     1     7    24     0   303]
 [    7     1     0  3701     0     4    29   311     0   680]
 [    6     0     0     6     0     0     4    24     0   560]
 [   58     0     0    14     0   276     5   146     0   918]
 [    7     3     0    82     0     4  1696    74     0  1929]
 [   86     5     0   313     0    67    68  2246     1  4668]
 [    8     0     0    21     0    13     4   117     5   497]
 [  308     1     1   223     0    84   508   808     1 17978]]

Results of Test Set

--------------------
Accuracy: 0.616133970404045, F1 Score: 0.3130418253427004, Precision: 0.5920949397084698, Recall: 0.288449934300012

              precision    recall  f1-score   support

           0       0.54      0.23      0.32      2795
           1       0.38      0.00      0.01      1321
           2       0.92      0.03      0.07       355
           3       0.83      0.79      0.81      4700
           4       0.00      0.00      0.00       585
           5       0.54      0.17      0.26      1504
           6       0.71      0.45      0.55      3669
           7       0.55      0.30      0.39      7506
           8       0.86      0.01      0.02       666
           9       0.59      0.90      0.71     20013

   micro avg       0.62      0.62      0.62     43114
   macro avg       0.59      0.29      0.31     43114
weighted avg       0.61      0.62      0.56     43114
 samples avg       0.62      0.62      0.62     43114


[[  646     0     0     5     0    45     7   113     0  1979]
 [    6     5     0    75     0     4    37   197     0   997]
 [   17     0    12     3     0     0     8    24     0   291]
 [   11     1     0  3714     0     3    18   304     0   649]
 [    4     0     0     8     0     2     8    19     0   544]
 [   70     0     0    24     0   253    10   142     1  1004]
 [    3     0     0    71     0     3  1648    82     0  1862]
 [  100     7     1   331     0    66    62  2232     0  4707]
 [    7     0     0    20     0     8     5   122     6   498]
 [  342     0     0   211     0    88   521   803     0 18048]]

