Title: Fully Connected - Words: 2000, Batch: 32, Epochs: 10, Outputs: 128

Results of Training Set

--------------------
Accuracy: 0.7362728270785979, F1 Score: 0.5086586585686115, Precision: 0.8720246021888942, Recall: 0.4391416576825217

              precision    recall  f1-score   support

           0       0.83      0.51      0.63      8263
           1       0.92      0.13      0.22      3968
           2       0.97      0.19      0.31      1050
           3       0.92      0.88      0.90     14541
           4       0.99      0.07      0.13      1763
           5       0.85      0.39      0.53      4392
           6       0.90      0.66      0.76     11089
           7       0.72      0.51      0.60     22288
           8       0.93      0.12      0.21      1971
           9       0.68      0.95      0.79     60017

   micro avg       0.74      0.74      0.74    129342
   macro avg       0.87      0.44      0.51    129342
weighted avg       0.77      0.74      0.71    129342
 samples avg       0.74      0.74      0.74    129342


[[ 4188     1     0     6     0    49     5   236     1  3777]
 [   16   507     0   110     0     7    60   616     0  2652]
 [   25     1   196     4     1     3    25   100     0   695]
 [   10     3     0 12836     0     8    21   569     3  1091]
 [    9     1     0    16   119     0    16    63     0  1539]
 [  166     2     1    38     0  1711    11   449     3  2011]
 [    5     5     1   129     0     1  7277   213     0  3458]
 [  166    18     4   421     0    88    98 11401     4 10088]
 [   38     1     0    55     0    17     9   326   230  1295]
 [  395    10     1   301     0   137   579  1821     5 56768]]

Results of Validation Set

--------------------
Accuracy: 0.6161571647260751, F1 Score: 0.3397427569210636, Precision: 0.6159494274433529, Recall: 0.3068176550169763

              precision    recall  f1-score   support

           0       0.54      0.26      0.35      2797
           1       0.51      0.04      0.07      1370
           2       0.81      0.06      0.11       371
           3       0.83      0.78      0.81      4733
           4       0.50      0.01      0.01       600
           5       0.57      0.21      0.31      1417
           6       0.69      0.46      0.55      3795
           7       0.52      0.35      0.42      7454
           8       0.58      0.03      0.06       665
           9       0.60      0.87      0.71     19912

   micro avg       0.62      0.62      0.62     43114
   macro avg       0.62      0.31      0.34     43114
weighted avg       0.61      0.62      0.57     43114
 samples avg       0.62      0.62      0.62     43114


[[  732     0     1    10     2    39     7   143     1  1862]
 [    9    50     0    72     0     2    51   227     1   958]
 [   19     1    22     5     0     2    10    31     0   281]
 [    7     8     0  3683     0     6    45   330     0   654]
 [    5     1     0     4     3     0     7    38     0   542]
 [   82     1     1    18     0   300    11   201     2   801]
 [    9     6     1    86     0     1  1751    86     0  1855]
 [  119    15     0   281     0    61    76  2583     6  4313]
 [   11     0     0    25     0     8     4   133    22   462]
 [  366    16     2   230     1   104   570  1198     6 17419]]

Results of Test Set

--------------------
Accuracy: 0.6188245117595212, F1 Score: 0.33309962475598354, Precision: 0.5267550132440797, Recall: 0.30346230798613877

              precision    recall  f1-score   support

           0       0.53      0.26      0.35      2795
           1       0.43      0.03      0.05      1321
           2       0.54      0.04      0.07       355
           3       0.84      0.79      0.81      4700
           4       0.00      0.00      0.00       585
           5       0.55      0.19      0.28      1504
           6       0.68      0.46      0.55      3669
           7       0.53      0.36      0.42      7506
           8       0.57      0.05      0.08       666
           9       0.60      0.88      0.71     20013

   micro avg       0.62      0.62      0.62     43114
   macro avg       0.53      0.30      0.33     43114
weighted avg       0.60      0.62      0.58     43114
 samples avg       0.62      0.62      0.62     43114


[[  731     0     2     6     0    40    10   152     1  1853]
 [    8    36     0    74     0     5    44   203     1   950]
 [   20     1    13     3     0     3    13    41     0   261]
 [   12    13     0  3697     0     2    29   364     1   582]
 [    2     1     0     3     0     1     5    39     0   534]
 [   83     3     0    19     1   279    12   215     5   887]
 [    5     9     1    72     0     2  1688   103     0  1789]
 [  122    11     2   309     1    69    60  2670     8  4254]
 [   12     0     0    21     0     7     2   141    30   453]
 [  386    10     6   205     3    97   609  1153     7 17537]]

