Title: Fully Connected - Words: 2000, Batch: 64, Epochs: 10, Outputs: 128

Results of Training Set

--------------------
Accuracy: 0.7418935844505266, F1 Score: 0.5057052612068089, Precision: 0.8668885965763244, Recall: 0.4399198910419721

              precision    recall  f1-score   support

           0       0.85      0.49      0.62      8263
           1       0.91      0.14      0.25      3968
           2       0.96      0.15      0.25      1050
           3       0.92      0.88      0.90     14541
           4       0.99      0.05      0.09      1763
           5       0.81      0.39      0.53      4392
           6       0.89      0.68      0.78     11089
           7       0.71      0.55      0.62     22288
           8       0.93      0.13      0.22      1971
           9       0.69      0.94      0.80     60017

   micro avg       0.74      0.74      0.74    129342
   macro avg       0.87      0.44      0.51    129342
weighted avg       0.77      0.74      0.72    129342
 samples avg       0.74      0.74      0.74    129342


[[ 4044     2     0     4     0    62     9   385     0  3757]
 [   12   562     0   138     0    14    85   641     0  2516]
 [   24     1   153     4     0     4    16   116     0   732]
 [   12     9     0 12829     0     3    34   618     1  1035]
 [    3     3     2    12    86     3     8    83     0  1563]
 [  113     1     0    45     0  1713    15   504     5  1996]
 [    6     7     1   131     0     1  7584   226     1  3132]
 [  156    13     2   414     0   127   123 12243     8  9202]
 [   22     0     0    48     0    18    13   310   250  1310]
 [  356    17     2   277     1   160   588  2117     5 56494]]

Results of Validation Set

--------------------
Accuracy: 0.6195667300644803, F1 Score: 0.34718555027806136, Precision: 0.5766878313772004, Recall: 0.3137289318114056

              precision    recall  f1-score   support

           0       0.55      0.26      0.35      2797
           1       0.55      0.05      0.09      1370
           2       0.71      0.06      0.11       371
           3       0.84      0.79      0.81      4733
           4       0.17      0.00      0.00       600
           5       0.57      0.23      0.33      1417
           6       0.68      0.47      0.56      3795
           7       0.51      0.38      0.43      7454
           8       0.59      0.04      0.08       665
           9       0.60      0.87      0.71     19912

   micro avg       0.62      0.62      0.62     43114
   macro avg       0.58      0.31      0.35     43114
weighted avg       0.61      0.62      0.58     43114
 samples avg       0.62      0.62      0.62     43114


[[  727     0     0     8     0    48    12   180     2  1820]
 [    3    65     1    83     1     3    48   252     1   913]
 [   21     1    22     3     0     0    11    38     0   275]
 [   12    10     0  3716     0     7    48   352     0   588]
 [    3     0     0     3     1     1     6    52     0   534]
 [   73     0     0    16     0   330     9   202     2   785]
 [   13     5     0    84     0     2  1778    97     0  1816]
 [  101    17     3   286     0    69    86  2801     9  4082]
 [    6     1     0    24     0    10     5   135    27   457]
 [  361    20     5   215     4   111   600  1346     5 17245]]

Results of Test Set

--------------------
Accuracy: 0.6195667300644803, F1 Score: 0.3360906750577389, Precision: 0.5959213656034323, Recall: 0.30635491327407943

              precision    recall  f1-score   support

           0       0.54      0.25      0.34      2795
           1       0.39      0.03      0.05      1321
           2       0.54      0.04      0.07       355
           3       0.84      0.79      0.81      4700
           4       0.67      0.00      0.01       585
           5       0.53      0.19      0.28      1504
           6       0.68      0.47      0.56      3669
           7       0.52      0.37      0.43      7506
           8       0.66      0.05      0.09       666
           9       0.61      0.87      0.71     20013

   micro avg       0.62      0.62      0.62     43114
   macro avg       0.60      0.31      0.34     43114
weighted avg       0.61      0.62      0.58     43114
 samples avg       0.62      0.62      0.62     43114


[[  703     1     2     9     0    45     9   206     1  1819]
 [    7    39     0    75     0     1    43   248     0   908]
 [   20     1    13     4     0     4    11    33     0   269]
 [   14    11     0  3715     0     4    33   367     2   554]
 [    5     3     0     4     2     1    10    38     0   522]
 [   76     2     0    24     0   283    13   178     2   926]
 [    7     7     2    74     0     2  1731   121     1  1724]
 [  109    17     1   303     0    84    64  2805     6  4117]
 [    7     0     0    21     0    10     5   144    33   446]
 [  365    20     6   200     1   102   624  1302     5 17388]]

