Title: Fully Connected - Words: 2000, Batch: 128, Epochs: 10, Outputs: 128

Results of Training Set

--------------------
Accuracy: 0.7304201264863694, F1 Score: 0.47841224143843897, Precision: 0.8618090579678533, Recall: 0.41816007206969097

              precision    recall  f1-score   support

           0       0.81      0.48      0.60      8263
           1       0.86      0.15      0.26      3968
           2       0.95      0.14      0.24      1050
           3       0.92      0.87      0.90     14541
           4       1.00      0.01      0.03      1763
           5       0.80      0.37      0.50      4392
           6       0.88      0.65      0.74     11089
           7       0.75      0.49      0.60     22288
           8       0.99      0.07      0.13      1971
           9       0.67      0.95      0.79     60017

   micro avg       0.73      0.73      0.73    129342
   macro avg       0.86      0.42      0.48    129342
weighted avg       0.76      0.73      0.70    129342
 samples avg       0.73      0.73      0.73    129342


[[ 3936     0     0     8     0    72     5   226     1  4015]
 [    9   610     0   138     0    15    90   563     0  2543]
 [   36     3   144     4     0     5    20    86     0   752]
 [   22    22     0 12672     0     5    28   578     0  1214]
 [    5     4     0    13    25     5    13    71     0  1627]
 [  168     4     1    44     0  1611    20   404     0  2140]
 [    3    10     1   155     0     1  7167   191     0  3561]
 [  195    32     4   406     0   131   169 11016     1 10334]
 [   28     3     0    66     0    15    15   281   136  1427]
 [  464    24     2   263     0   156   635  1315     0 57158]]

Results of Validation Set

--------------------
Accuracy: 0.6217701906573271, F1 Score: 0.34223161502211097, Precision: 0.5758102809250474, Recall: 0.309161604259694

              precision    recall  f1-score   support

           0       0.56      0.27      0.36      2797
           1       0.49      0.06      0.10      1370
           2       0.74      0.06      0.11       371
           3       0.84      0.79      0.81      4733
           4       0.00      0.00      0.00       600
           5       0.58      0.22      0.32      1417
           6       0.69      0.46      0.56      3795
           7       0.54      0.33      0.41      7454
           8       0.71      0.02      0.03       665
           9       0.60      0.89      0.72     19912

   micro avg       0.62      0.62      0.62     43114
   macro avg       0.58      0.31      0.34     43114
weighted avg       0.61      0.62      0.58     43114
 samples avg       0.62      0.62      0.62     43114


[[  749     2     1     6     0    41     9   140     0  1849]
 [    3    79     0    87     0     5    55   210     0   931]
 [   14     4    23     4     0     1    11    26     0   288]
 [   12    14     1  3723     0     5    30   304     0   644]
 [    4     1     0     3     0     0     4    37     0   551]
 [   82     3     0    14     0   311    10   190     2   805]
 [   11     9     0    80     0     1  1758    87     0  1849]
 [  120    24     4   278     0    59    75  2474     1  4419]
 [   11     1     0    26     0    10     5   132    10   470]
 [  341    24     2   208     1   102   582   971     1 17680]]

Results of Test Set

--------------------
Accuracy: 0.6184997912511018, F1 Score: 0.33263390968013906, Precision: 0.5572175612172121, Recall: 0.3028405838420553

              precision    recall  f1-score   support

           0       0.54      0.27      0.36      2795
           1       0.40      0.04      0.07      1321
           2       0.67      0.04      0.07       355
           3       0.84      0.79      0.81      4700
           4       0.00      0.00      0.00       585
           5       0.55      0.19      0.28      1504
           6       0.69      0.47      0.56      3669
           7       0.53      0.32      0.40      7506
           8       0.76      0.03      0.05       666
           9       0.60      0.88      0.71     20013

   micro avg       0.62      0.62      0.62     43114
   macro avg       0.56      0.30      0.33     43114
weighted avg       0.60      0.62      0.57     43114
 samples avg       0.62      0.62      0.62     43114


[[  753     1     1     6     0    48    12   154     0  1820]
 [    7    50     0    83     0     6    37   189     0   949]
 [   20     0    14     2     1     2     8    45     0   263]
 [   11    11     1  3710     0     2    28   308     0   629]
 [    1     4     0     6     0     1     8    35     0   530]
 [   83     4     0    18     0   287     8   182     0   922]
 [    4    10     0    67     0     1  1709    98     0  1780]
 [  127    19     1   308     0    70    64  2422     1  4494]
 [    5     1     0    25     0     8     5   125    19   478]
 [  391    25     4   184     0    98   605   999     5 17702]]

