Title: Fully Connected - Words: 2000, Batch: 32, Epochs: 10, Outputs: 256

Results of Training Set

--------------------
Accuracy: 0.8299469623169582, F1 Score: 0.7013899631651432, Precision: 0.9204290381404967, Recall: 0.6115671759626076

              precision    recall  f1-score   support

           0       0.92      0.70      0.80      8263
           1       0.96      0.39      0.56      3968
           2       0.99      0.40      0.57      1050
           3       0.96      0.93      0.94     14541
           4       0.99      0.29      0.45      1763
           5       0.87      0.61      0.72      4392
           6       0.95      0.79      0.87     11089
           7       0.83      0.70      0.76     22288
           8       0.97      0.33      0.49      1971
           9       0.78      0.96      0.86     60017

   micro avg       0.83      0.83      0.83    129342
   macro avg       0.92      0.61      0.70    129342
weighted avg       0.85      0.83      0.82    129342
 samples avg       0.83      0.83      0.83    129342


[[ 5795     0     0     5     0    43     4   216     0  2200]
 [    7  1563     0    58     1    11    56   404     0  1868]
 [   14     3   423     1     0     7    16    86     0   500]
 [   10    13     0 13478     2     7    10   355     1   665]
 [    2     4     0    13   515     3     9    85     0  1132]
 [   94     1     0    27     0  2677     6   353     5  1229]
 [    4     9     1    82     0     3  8784   168     0  2038]
 [  125    22     2   199     1   124    70 15676    10  6059]
 [   20     2     0    26     0    36    12   232   652   991]
 [  230    17     0   173     3   175   241  1387     7 57784]]

Results of Validation Set

--------------------
Accuracy: 0.6219789395555968, F1 Score: 0.3718177190008773, Precision: 0.5914866708732743, Recall: 0.33216677469151956

              precision    recall  f1-score   support

           0       0.55      0.29      0.38      2797
           1       0.54      0.10      0.17      1370
           2       0.71      0.07      0.13       371
           3       0.83      0.79      0.81      4733
           4       0.36      0.02      0.03       600
           5       0.53      0.28      0.36      1417
           6       0.68      0.46      0.55      3795
           7       0.51      0.39      0.44      7454
           8       0.58      0.07      0.12       665
           9       0.61      0.85      0.71     19912

   micro avg       0.62      0.62      0.62     43114
   macro avg       0.59      0.33      0.37     43114
weighted avg       0.61      0.62      0.59     43114
 samples avg       0.62      0.62      0.62     43114


[[  812     1     2    12     0    71    11   213     2  1673]
 [    5   140     0    81     0     9    51   221     2   861]
 [   20     0    27     6     1     3    14    47     1   252]
 [   11    12     0  3733     0     8    43   310     3   613]
 [    6     1     0     5    10     3     8    52     0   515]
 [   82     6     1    17     2   392     7   232     4   674]
 [    9    13     2    80     1     2  1753   116     1  1818]
 [  131    31     2   288     2    86    80  2921     4  3909]
 [    9     1     0    25     0    17     6   141    45   421]
 [  404    52     4   241    12   143   592  1466    15 16983]]

Results of Test Set

--------------------
Accuracy: 0.619056454979821, F1 Score: 0.3607352738240301, Precision: 0.5510929770632231, Recall: 0.32536228390101124

              precision    recall  f1-score   support

           0       0.53      0.29      0.38      2795
           1       0.41      0.06      0.11      1321
           2       0.59      0.06      0.11       355
           3       0.84      0.79      0.81      4700
           4       0.32      0.01      0.03       585
           5       0.51      0.25      0.34      1504
           6       0.68      0.47      0.56      3669
           7       0.50      0.39      0.44      7506
           8       0.52      0.07      0.13       666
           9       0.61      0.85      0.71     20013

   micro avg       0.62      0.62      0.62     43114
   macro avg       0.55      0.33      0.36     43114
weighted avg       0.60      0.62      0.59     43114
 samples avg       0.62      0.62      0.62     43114


[[  820     2     2     7     1    67    11   217     2  1666]
 [   11    83     1    81     0     6    48   227     0   864]
 [   23     0    22     3     0     6    15    45     0   241]
 [   15     9     0  3721     0     5    26   338     3   583]
 [    8     1     0     7     8     3     9    44     0   505]
 [   72     6     0    20     0   377    14   237     6   772]
 [    2    21     1    66     1     5  1727   125     0  1721]
 [  153    33     2   309     5    98    65  2902    13  3926]
 [    7     2     0    22     1    14     5   133    49   433]
 [  443    46     9   216     9   163   619  1506    21 16981]]

