Title: Fully Connected - Words: 2000, Batch: 64, Epochs: 10, Outputs: 256

Results of Training Set

--------------------
Accuracy: 0.8313463530794328, F1 Score: 0.6942577666768524, Precision: 0.9147373448674857, Recall: 0.6060979003841472

              precision    recall  f1-score   support

           0       0.91      0.73      0.81      8263
           1       0.94      0.36      0.53      3968
           2       0.98      0.37      0.54      1050
           3       0.96      0.93      0.94     14541
           4       1.00      0.28      0.44      1763
           5       0.86      0.59      0.70      4392
           6       0.97      0.76      0.85     11089
           7       0.81      0.73      0.77     22288
           8       0.95      0.34      0.50      1971
           9       0.78      0.96      0.86     60017

   micro avg       0.83      0.83      0.83    129342
   macro avg       0.91      0.61      0.69    129342
weighted avg       0.85      0.83      0.82    129342
 samples avg       0.83      0.83      0.83    129342


[[ 6019     2     0     2     0    68     4   292     4  1872]
 [   10  1448     0    55     1    19    44   561     0  1830]
 [   19     0   388     4     0     6     8    92     0   533]
 [   10    20     1 13466     0    10     7   402     2   623]
 [   11     3     0     8   496     3     6   102     0  1134]
 [   95     4     0    21     0  2608     6   417    12  1229]
 [   10     9     1    74     0     3  8426   253     0  2313]
 [  138    17     4   190     0   104    54 16312    13  5456]
 [   20     4     0    29     0    35    10   246   678   949]
 [  276    36     3   138     1   179   152  1537     8 57687]]

Results of Validation Set

--------------------
Accuracy: 0.620471308623649, F1 Score: 0.37314004173998067, Precision: 0.5790277428405172, Recall: 0.33297016979527294

              precision    recall  f1-score   support

           0       0.54      0.31      0.40      2797
           1       0.48      0.09      0.15      1370
           2       0.69      0.09      0.16       371
           3       0.84      0.78      0.81      4733
           4       0.35      0.01      0.03       600
           5       0.55      0.29      0.38      1417
           6       0.71      0.44      0.54      3795
           7       0.49      0.42      0.45      7454
           8       0.52      0.07      0.12       665
           9       0.62      0.85      0.71     19912

   micro avg       0.62      0.62      0.62     43114
   macro avg       0.58      0.33      0.37     43114
weighted avg       0.61      0.62      0.59     43114
 samples avg       0.62      0.62      0.62     43114


[[  870     1     2     6     0    67     6   250     3  1592]
 [    5   117     1    80     0     4    46   258     2   857]
 [   25     0    33     2     1     1    11    45     0   253]
 [   11    20     0  3685     2     9    30   392     3   581]
 [    6     1     0     4     8     1     3    67     0   510]
 [   70     1     0    15     0   409     6   249     2   665]
 [   13     9     2    83     1     3  1658   172     2  1852]
 [  140    42     1   261     1    80    72  3097    13  3747]
 [    5     0     0    29     0    20     4   140    44   423]
 [  458    51     9   202    10   149   511  1677    15 16830]]

Results of Test Set

--------------------
Accuracy: 0.621886162267477, F1 Score: 0.36246416509584906, Precision: 0.5684007521719053, Recall: 0.32590139446222355

              precision    recall  f1-score   support

           0       0.52      0.31      0.39      2795
           1       0.43      0.07      0.12      1321
           2       0.56      0.06      0.10       355
           3       0.84      0.79      0.81      4700
           4       0.47      0.02      0.03       585
           5       0.53      0.25      0.34      1504
           6       0.71      0.44      0.54      3669
           7       0.49      0.42      0.45      7506
           8       0.51      0.07      0.13       666
           9       0.62      0.85      0.72     20013

   micro avg       0.62      0.62      0.62     43114
   macro avg       0.57      0.33      0.36     43114
weighted avg       0.61      0.62      0.59     43114
 samples avg       0.62      0.62      0.62     43114


[[  866     1     1     9     0    65     7   261     1  1584]
 [   15    88     0    68     0     3    42   257     0   848]
 [   21     1    20     3     1     4    11    55     0   239]
 [   16    20     1  3691     0     6    28   381     4   553]
 [    8     1     0     3     9     2     5    48     0   509]
 [   88    11     1    17     1   371     6   263     8   738]
 [    8    13     1    71     0     1  1606   173     0  1796]
 [  155    30     4   287     2    91    63  3154    14  3706]
 [   15     4     0    21     0    12     3   146    49   416]
 [  486    34     8   200     6   147   496  1658    20 16958]]

