Title: Fully Connected - Words: 2000, Batch: 128, Epochs: 10, Outputs: 256

Results of Training Set

--------------------
Accuracy: 0.8207388164710612, F1 Score: 0.6579081079358916, Precision: 0.9053317547620663, Recall: 0.5765323529113512

              precision    recall  f1-score   support

           0       0.90      0.73      0.81      8263
           1       0.94      0.30      0.46      3968
           2       0.97      0.30      0.46      1050
           3       0.95      0.92      0.94     14541
           4       0.99      0.22      0.35      1763
           5       0.83      0.57      0.68      4392
           6       0.94      0.79      0.86     11089
           7       0.79      0.69      0.74     22288
           8       0.96      0.27      0.42      1971
           9       0.78      0.96      0.86     60017

   micro avg       0.82      0.82      0.82    129342
   macro avg       0.91      0.58      0.66    129342
weighted avg       0.83      0.82      0.81    129342
 samples avg       0.82      0.82      0.82    129342


[[ 6063     1     0     8     0    93    10   292     0  1796]
 [   10  1204     0    79     2    17    65   586     0  2005]
 [   29     3   317     3     0     6    19   146     0   527]
 [   15    16     1 13391     0    13    21   373     3   708]
 [   11     2     0    11   381     4     8   106     0  1240]
 [  133     1     0    21     0  2520    15   507     7  1188]
 [    5    11     1    81     0     3  8794   234     0  1960]
 [  153    23     5   230     1   147   124 15387     9  6209]
 [   19     2     0    41     0    41    15   325   538   990]
 [  307    18     2   168     1   180   304  1472     4 57561]]

Results of Validation Set

--------------------
Accuracy: 0.6230690726910052, F1 Score: 0.3743942543160462, Precision: 0.5934328221369247, Recall: 0.33827991504095156

              precision    recall  f1-score   support

           0       0.54      0.34      0.41      2797
           1       0.53      0.09      0.15      1370
           2       0.74      0.08      0.14       371
           3       0.84      0.79      0.81      4733
           4       0.45      0.01      0.03       600
           5       0.53      0.28      0.37      1417
           6       0.67      0.49      0.57      3795
           7       0.49      0.40      0.44      7454
           8       0.53      0.06      0.11       665
           9       0.62      0.84      0.71     19912

   micro avg       0.62      0.62      0.62     43114
   macro avg       0.59      0.34      0.37     43114
weighted avg       0.61      0.62      0.59     43114
 samples avg       0.62      0.62      0.62     43114


[[  937     0     1    10     0    70    13   243     1  1522]
 [    9   118     0    88     0     7    52   241     1   854]
 [   27     0    29     5     0     3    11    51     0   245]
 [   11    14     1  3753     0     9    37   330     5   573]
 [    9     1     0     8     9     0     9    55     0   509]
 [   77     2     0    15     1   403    11   266     5   637]
 [   11    10     2    78     0     2  1876   113     1  1702]
 [  175    36     1   291     4    89   116  2965    10  3767]
 [   12     1     0    23     0    17     6   160    39   407]
 [  469    42     5   221     6   160   681  1582    12 16734]]

Results of Test Set

--------------------
Accuracy: 0.6217469963352971, F1 Score: 0.36177170248860574, Precision: 0.5686598870864554, Recall: 0.3295802765779671

              precision    recall  f1-score   support

           0       0.51      0.33      0.40      2795
           1       0.46      0.06      0.11      1321
           2       0.64      0.06      0.12       355
           3       0.84      0.80      0.82      4700
           4       0.45      0.02      0.03       585
           5       0.48      0.25      0.33      1504
           6       0.66      0.49      0.56      3669
           7       0.50      0.40      0.45      7506
           8       0.52      0.05      0.10       666
           9       0.62      0.84      0.71     20013

   micro avg       0.62      0.62      0.62     43114
   macro avg       0.57      0.33      0.36     43114
weighted avg       0.61      0.62      0.59     43114
 samples avg       0.62      0.62      0.62     43114


[[  910     1     0     7     0    80    11   235     2  1549]
 [   11    79     0    77     0     6    57   232     0   859]
 [   28     1    23     2     1     6    15    50     0   229]
 [   12    14     2  3738     0     5    36   366     4   523]
 [   10     1     1     7     9     3    11    50     0   493]
 [   89     4     0    24     0   379    14   259     4   731]
 [    8    14     1    65     0     5  1780   147     2  1647]
 [  166    26     2   303     3   105    76  3024    12  3789]
 [   14     0     0    24     0    13     4   150    36   425]
 [  532    32     7   206     7   182   696  1514     9 16828]]

