Title: Fully Connected - Words: 3000, Batch: 128, Epochs: 3, Outputs: 512

Results of Training Set

--------------------
Accuracy: 0.730969058774412, F1 Score: 0.49531248551037416, Precision: 0.861366337734659, Recall: 0.4313792028981248

              precision    recall  f1-score   support

           0       0.83      0.49      0.62      8263
           1       0.93      0.10      0.18      3968
           2       0.93      0.16      0.28      1050
           3       0.93      0.86      0.89     14541
           4       1.00      0.03      0.06      1763
           5       0.79      0.40      0.53      4392
           6       0.88      0.66      0.76     11089
           7       0.68      0.53      0.60     22288
           8       0.95      0.14      0.24      1971
           9       0.68      0.94      0.79     60017

   micro avg       0.73      0.73      0.73    129342
   macro avg       0.86      0.43      0.50    129342
weighted avg       0.76      0.73      0.70    129342
 samples avg       0.73      0.73      0.73    129342


[[ 4089     0     1     5     0    79     7   365     0  3717]
 [    9   403     0   122     0    10    95   716     0  2613]
 [   26     0   172     6     0     4    12   114     0   716]
 [   17     9     0 12447     0     8    34   811     1  1214]
 [    5     2     0    14    58     4     7    97     0  1576]
 [  120     0     2    34     0  1743    11   547     2  1933]
 [    2     2     1   118     0     3  7322   260     0  3381]
 [  180    11     8   364     0   140   132 11838     8  9607]
 [   30     0     0    50     0    18    14   320   276  1263]
 [  428     8     0   233     0   202   644  2302     3 56197]]

Results of Validation Set

--------------------
Accuracy: 0.6296562601475159, F1 Score: 0.35866018059521754, Precision: 0.6022760248968412, Recall: 0.32238155786488365

              precision    recall  f1-score   support

           0       0.59      0.29      0.39      2797
           1       0.73      0.04      0.07      1370
           2       0.68      0.06      0.10       371
           3       0.85      0.77      0.81      4733
           4       0.00      0.00      0.00       600
           5       0.60      0.26      0.36      1417
           6       0.72      0.49      0.58      3795
           7       0.53      0.39      0.45      7454
           8       0.73      0.06      0.10       665
           9       0.61      0.88      0.72     19912

   micro avg       0.63      0.63      0.63     43114
   macro avg       0.60      0.32      0.36     43114
weighted avg       0.63      0.63      0.59     43114
 samples avg       0.63      0.63      0.63     43114


[[  811     0     1     6     0    46     4   181     0  1748]
 [    3    53     1    77     0     1    49   272     1   913]
 [   15     0    21     1     0     0     8    39     0   287]
 [   16     6     0  3664     0     6    40   374     5   622]
 [    3     0     0     2     0     1     5    40     0   549]
 [   56     0     3    17     0   364     8   206     0   763]
 [    7     0     1    83     0     1  1841   100     1  1761]
 [  110     6     2   242     0    70    72  2913     2  4037]
 [    6     0     0    27     0    13     4   136    37   442]
 [  343     8     2   201     0   105   539  1266     5 17443]]

Results of Test Set

--------------------
Accuracy: 0.6298418147237557, F1 Score: 0.35402774745673166, Precision: 0.6886968893541736, Recall: 0.31828471461997054

              precision    recall  f1-score   support

           0       0.58      0.28      0.38      2795
           1       0.62      0.03      0.05      1321
           2       0.66      0.05      0.10       355
           3       0.86      0.78      0.82      4700
           4       1.00      0.00      0.00       585
           5       0.58      0.22      0.31      1504
           6       0.72      0.48      0.58      3669
           7       0.53      0.39      0.45      7506
           8       0.75      0.07      0.13       666
           9       0.61      0.88      0.72     20013

   micro avg       0.63      0.63      0.63     43114
   macro avg       0.69      0.32      0.35     43114
weighted avg       0.64      0.63      0.59     43114
 samples avg       0.63      0.63      0.63     43114


[[  781     1     0     4     0    44     7   176     0  1782]
 [    5    37     0    70     0     0    36   253     0   920]
 [   16     0    19     2     0     5     8    45     0   260]
 [   12     6     1  3687     0     0    26   401     1   566]
 [    2     0     0     5     1     2     4    37     0   534]
 [   66     0     1    16     0   325     7   211     4   874]
 [    0     1     0    66     0     1  1772   115     1  1713]
 [  115     6     0   249     0    65    58  2912     4  4097]
 [    9     0     0    21     0    12     4   135    47   438]
 [  348     9     8   185     0   107   549  1227     6 17574]]

