Title: Fully Connected - Words: 1000, Batch: 64, Epochs: 2, Outputs: 512

Results of Training Set

--------------------
Accuracy: 0.6423590171792611, F1 Score: 0.3341588580901216, Precision: 0.6748903873863555, Recall: 0.301857074912756

              precision    recall  f1-score   support

           0       0.72      0.20      0.32      8263
           1       0.65      0.01      0.02      3968
           2       0.94      0.05      0.09      1050
           3       0.85      0.82      0.84     14541
           4       0.00      0.00      0.00      1763
           5       0.68      0.20      0.31      4392
           6       0.81      0.46      0.59     11089
           7       0.60      0.33      0.43     22288
           8       0.88      0.01      0.02      1971
           9       0.60      0.93      0.73     60017

   micro avg       0.64      0.64      0.64    129342
   macro avg       0.67      0.30      0.33    129342
weighted avg       0.66      0.64      0.59    129342
 samples avg       0.64      0.64      0.64    129342


[[ 1678     0     0    11     0    92    14   337     0  6131]
 [   11    34     0   214     0    10    83   479     0  3137]
 [   28     0    48     6     0     8    19    84     0   857]
 [   17     3     0 11902     0     4    35   819     0  1761]
 [    7     1     0    22     0     1     9    58     0  1665]
 [   88     0     0    60     0   888    15   459     0  2882]
 [    5     2     1   232     0     2  5131   227     0  5489]
 [  130    10     1   866     0   121   129  7449     0 13582]
 [   12     0     0    68     0    18    15   353    23  1482]
 [  360     2     1   565     0   154   887  2114     3 55931]]

Results of Validation Set

--------------------
Accuracy: 0.6073665166767176, F1 Score: 0.2932276332839808, Precision: 0.5599057813896928, Recall: 0.2712629995778063

              precision    recall  f1-score   support

           0       0.59      0.15      0.24      2797
           1       0.29      0.00      0.01      1370
           2       0.79      0.03      0.06       371
           3       0.82      0.78      0.80      4733
           4       0.00      0.00      0.00       600
           5       0.51      0.13      0.21      1417
           6       0.74      0.41      0.53      3795
           7       0.54      0.29      0.38      7454
           8       0.75      0.00      0.01       665
           9       0.58      0.91      0.71     19912

   micro avg       0.61      0.61      0.61     43114
   macro avg       0.56      0.27      0.29     43114
weighted avg       0.60      0.61      0.55     43114
 samples avg       0.61      0.61      0.61     43114


[[  411     0     0     4     0    39     6   121     0  2216]
 [    2     5     0    98     0     2    33   179     0  1051]
 [    9     0    11     2     0     1     7    23     0   318]
 [    3     4     0  3701     0     1    20   301     0   703]
 [    4     0     0     4     0     1     4    36     0   551]
 [   29     0     0    18     0   189     4   169     0  1008]
 [    7     3     1    88     0     1  1550    68     0  2077]
 [   56     4     2   340     0    55    49  2190     1  4757]
 [    3     0     0    24     0     9     2   126     3   498]
 [  171     1     0   256     0    75   425   858     0 18126]]

Results of Test Set

--------------------
Accuracy: 0.6072273507445377, F1 Score: 0.2937220538173148, Precision: 0.5760697574633684, Recall: 0.27139331298092145

              precision    recall  f1-score   support

           0       0.57      0.15      0.24      2795
           1       0.43      0.00      0.01      1321
           2       0.83      0.03      0.05       355
           3       0.82      0.79      0.81      4700
           4       0.00      0.00      0.00       585
           5       0.52      0.13      0.21      1504
           6       0.73      0.40      0.52      3669
           7       0.53      0.29      0.37      7506
           8       0.75      0.01      0.02       666
           9       0.58      0.91      0.71     20013

   micro avg       0.61      0.61      0.61     43114
   macro avg       0.58      0.27      0.29     43114
weighted avg       0.60      0.61      0.55     43114
 samples avg       0.61      0.61      0.61     43114


[[  417     0     0     4     0    33     7   129     0  2205]
 [    3     6     0    67     0     1    28   165     1  1050]
 [   10     0    10     4     0     3    11    26     0   291]
 [    5     5     0  3709     0     0    15   309     0   657]
 [    2     0     0     8     0     1     6    22     0   546]
 [   51     0     0    18     0   203    12   156     0  1064]
 [    2     0     0    77     0     3  1475    88     0  2024]
 [   52     3     1   364     0    60    39  2160     1  4826]
 [    3     0     0    19     0     7     2   134     6   495]
 [  188     0     1   240     0    82   425   883     0 18194]]

