Title: Fully Connected - Words: 3000, Batch: 256, Epochs: 3, Outputs: 512

Results of Training Set

--------------------
Accuracy: 0.7215676269115987, F1 Score: 0.4776282647332925, Precision: 0.8239044386871107, Recall: 0.42583763140176945

              precision    recall  f1-score   support

           0       0.76      0.48      0.59      8263
           1       0.87      0.10      0.18      3968
           2       0.89      0.15      0.26      1050
           3       0.90      0.87      0.89     14541
           4       1.00      0.03      0.06      1763
           5       0.72      0.39      0.51      4392
           6       0.79      0.71      0.75     11089
           7       0.67      0.52      0.59     22288
           8       0.94      0.10      0.19      1971
           9       0.69      0.91      0.78     60017

   micro avg       0.72      0.72      0.72    129342
   macro avg       0.82      0.43      0.48    129342
weighted avg       0.74      0.72      0.69    129342
 samples avg       0.72      0.72      0.72    129342


[[ 3946     0     3     7     0   114    18   427     0  3748]
 [   13   405     0   156     0    18   163   671     0  2542]
 [   50     0   157     8     0     9    35   104     0   687]
 [   20    16     0 12599     0    12    62   715     0  1117]
 [    7     2     0    22    51     6    17    89     0  1569]
 [  182     0     2    55     0  1714    31   517     3  1888]
 [    6     6     1   144     0     6  7819   265     1  2841]
 [  305    19     6   537     0   190   227 11649     6  9349]
 [   35     0     0    66     0    36    31   360   203  1240]
 [  643    16     8   332     0   275  1483  2472     2 54786]]

Results of Validation Set

--------------------
Accuracy: 0.6299345920118755, F1 Score: 0.3622791421308877, Precision: 0.621059398947859, Recall: 0.3329995103025026

              precision    recall  f1-score   support

           0       0.55      0.32      0.40      2797
           1       0.51      0.04      0.07      1370
           2       0.64      0.06      0.11       371
           3       0.83      0.80      0.81      4733
           4       0.50      0.00      0.00       600
           5       0.56      0.26      0.36      1417
           6       0.66      0.56      0.60      3795
           7       0.53      0.40      0.45      7454
           8       0.81      0.04      0.08       665
           9       0.62      0.85      0.72     19912

   micro avg       0.63      0.63      0.63     43114
   macro avg       0.62      0.33      0.36     43114
weighted avg       0.62      0.63      0.59     43114
 samples avg       0.63      0.63      0.63     43114


[[  887     1     2     5     0    50    10   183     0  1659]
 [    3    55     1    92     0     2    68   249     0   900]
 [   22     0    23     4     0     3    12    38     0   269]
 [   10    12     0  3778     0     4    52   349     0   528]
 [    5     1     0     4     1     2     7    36     0   544]
 [   79     0     1    16     0   372    14   195     0   740]
 [    9     5     1    86     0     1  2119    97     1  1476]
 [  154    15     2   309     0    88   108  2945     3  3830]
 [    6     0     0    29     0    17     8   141    29   435]
 [  425    18     6   222     1   126   819  1342     3 16950]]

Results of Test Set

--------------------
Accuracy: 0.6300969522660853, F1 Score: 0.35836236494860796, Precision: 0.597070961245293, Recall: 0.3301236253760357

              precision    recall  f1-score   support

           0       0.55      0.31      0.40      2795
           1       0.43      0.03      0.05      1321
           2       0.51      0.05      0.09       355
           3       0.84      0.81      0.82      4700
           4       0.50      0.00      0.00       585
           5       0.53      0.24      0.33      1504
           6       0.65      0.55      0.60      3669
           7       0.53      0.39      0.45      7506
           8       0.81      0.06      0.12       666
           9       0.62      0.85      0.72     20013

   micro avg       0.63      0.63      0.63     43114
   macro avg       0.60      0.33      0.36     43114
weighted avg       0.62      0.63      0.59     43114
 samples avg       0.63      0.63      0.63     43114


[[  876     1     2     5     0    57    12   200     1  1641]
 [    9    37     0    73     0     5    60   246     0   891]
 [   21     0    18     3     0     7    14    46     0   246]
 [   17    11     1  3785     0     2    36   345     1   502]
 [    7     0     0     7     1     2    10    35     0   523]
 [   80     2     3    21     0   360    15   202     0   821]
 [    2     3     1    70     0     3  2028   120     1  1441]
 [  141    17     1   318     0    93    93  2962     3  3878]
 [   11     1     0    22     0    12    10   138    42   430]
 [  433    14     9   217     1   135   851  1292     4 17057]]

