Title: Fully Connected - Words: 3000, Batch: 1024, Epochs: 3, Outputs: 512

Results of Training Set

--------------------
Accuracy: 0.6704628040389046, F1 Score: 0.3795034395514697, Precision: 0.8129398180777928, Recall: 0.3401617566283278

              precision    recall  f1-score   support

           0       0.67      0.35      0.46      8263
           1       0.88      0.02      0.05      3968
           2       0.92      0.06      0.12      1050
           3       0.88      0.83      0.85     14541
           4       1.00      0.00      0.00      1763
           5       0.71      0.22      0.34      4392
           6       0.84      0.54      0.65     11089
           7       0.63      0.41      0.50     22288
           8       0.99      0.04      0.08      1971
           9       0.63      0.92      0.75     60017

   micro avg       0.67      0.67      0.67    129342
   macro avg       0.81      0.34      0.38    129342
weighted avg       0.70      0.67      0.63    129342
 samples avg       0.67      0.67      0.67    129342


[[ 2868     0     0     7     0    72     5   389     0  4922]
 [   16    99     0   201     0     9    69   592     0  2982]
 [   49     0    65     7     0     5    14    89     0   821]
 [   29     7     0 12083     0     8    42   831     0  1541]
 [   10     0     0    22     1     3     8    77     0  1642]
 [  208     0     1    52     0   987    14   543     0  2587]
 [    3     0     1   203     0     1  5949   233     0  4699]
 [  286     3     4   700     0   119   152  9172     1 11851]
 [   28     0     0    64     0    16    14   355    79  1415]
 [  767     4     0   419     0   176   843  2392     0 55416]]

Results of Validation Set

--------------------
Accuracy: 0.6210279723523682, F1 Score: 0.32361301121730807, Precision: 0.6196082688935795, Recall: 0.2966830647810166

              precision    recall  f1-score   support

           0       0.56      0.28      0.37      2797
           1       0.58      0.01      0.03      1370
           2       0.75      0.02      0.05       371
           3       0.83      0.79      0.81      4733
           4       0.00      0.00      0.00       600
           5       0.60      0.17      0.26      1417
           6       0.75      0.45      0.57      3795
           7       0.54      0.34      0.42      7454
           8       1.00      0.02      0.03       665
           9       0.60      0.89      0.71     19912

   micro avg       0.62      0.62      0.62     43114
   macro avg       0.62      0.30      0.32     43114
weighted avg       0.62      0.62      0.57     43114
 samples avg       0.62      0.62      0.62     43114


[[  770     0     0     4     0    22     2   140     0  1859]
 [    2    18     0    96     0     2    35   209     0  1008]
 [   19     0     9     1     0     1     7    30     0   304]
 [    9     8     0  3718     0     3    36   322     0   637]
 [    6     0     0     2     0     0     2    27     0   563]
 [   77     0     0    15     0   234     6   191     0   894]
 [    8     0     0    82     0     1  1726    81     0  1897]
 [  112     4     2   305     0    53    52  2557     0  4369]
 [    6     0     0    25     0    11     2   136    10   475]
 [  376     1     1   210     0    65   443  1083     0 17733]]

Results of Test Set

--------------------
Accuracy: 0.6231154613350651, F1 Score: 0.3228754885099229, Precision: 0.6129468937121654, Recall: 0.2954845028690386

              precision    recall  f1-score   support

           0       0.55      0.26      0.36      2795
           1       0.47      0.01      0.02      1321
           2       0.83      0.03      0.05       355
           3       0.84      0.79      0.82      4700
           4       0.00      0.00      0.00       585
           5       0.56      0.14      0.23      1504
           6       0.73      0.45      0.56      3669
           7       0.54      0.35      0.42      7506
           8       1.00      0.03      0.06       666
           9       0.60      0.89      0.72     20013

   micro avg       0.62      0.62      0.62     43114
   macro avg       0.61      0.30      0.32     43114
weighted avg       0.62      0.62      0.58     43114
 samples avg       0.62      0.62      0.62     43114


[[  731     0     0     4     0    27     6   158     0  1869]
 [    4    14     0    74     0     1    30   209     0   989]
 [   19     0    10     3     0     4    10    37     0   272]
 [   16     8     0  3714     0     0    31   347     0   584]
 [    2     0     0     5     0     1     4    26     0   547]
 [   75     1     0    16     0   216     8   196     0   992]
 [    1     0     0    66     0     1  1649    87     0  1865]
 [  114     5     0   310     0    53    52  2616     0  4356]
 [    6     0     0    20     0     6     3   136    19   476]
 [  353     2     2   198     0    76   457  1029     0 17896]]

