Title: Fully Connected - Words: 3000, Batch: 128, Epochs: 4, Outputs: 512

Results of Training Set

--------------------
Accuracy: 0.7809682856303444, F1 Score: 0.5996168032825899, Precision: 0.8781968758839056, Recall: 0.5178033238266915

              precision    recall  f1-score   support

           0       0.88      0.55      0.68      8263
           1       0.91      0.27      0.42      3968
           2       0.94      0.28      0.43      1050
           3       0.93      0.91      0.92     14541
           4       0.98      0.13      0.23      1763
           5       0.80      0.52      0.63      4392
           6       0.93      0.74      0.83     11089
           7       0.80      0.59      0.68     22288
           8       0.90      0.23      0.36      1971
           9       0.72      0.96      0.82     60017

   micro avg       0.78      0.78      0.78    129342
   macro avg       0.88      0.52      0.60    129342
weighted avg       0.80      0.78      0.76    129342
 samples avg       0.78      0.78      0.78    129342


[[ 4536     2     2     3     1   116     9   301     6  3287]
 [    9  1082     0   124     0    15    72   392     0  2274]
 [   22     1   295     3     0     7    18    93     0   611]
 [   16    19     1 13218     0     9    19   386     3   870]
 [    8    10     0    18   232     3     6    83     0  1403]
 [  106     3     1    31     0  2272    17   375    12  1575]
 [    5     8     1    83     0     5  8236   194     1  2556]
 [  145    40     7   419     3   163   121 13140    19  8231]
 [   25     1     0    56     0    40    20   228   446  1155]
 [  296    26     6   230     1   223   359  1312     9 57555]]

Results of Validation Set

--------------------
Accuracy: 0.6302361181982651, F1 Score: 0.37434869255082903, Precision: 0.6066911028489889, Recall: 0.33493502446336937

              precision    recall  f1-score   support

           0       0.60      0.28      0.38      2797
           1       0.50      0.08      0.14      1370
           2       0.72      0.09      0.16       371
           3       0.83      0.81      0.82      4733
           4       0.50      0.01      0.02       600
           5       0.54      0.29      0.38      1417
           6       0.71      0.49      0.58      3795
           7       0.54      0.36      0.43      7454
           8       0.52      0.07      0.12       665
           9       0.61      0.88      0.72     19912

   micro avg       0.63      0.63      0.63     43114
   macro avg       0.61      0.33      0.37     43114
weighted avg       0.62      0.63      0.59     43114
 samples avg       0.63      0.63      0.63     43114


[[  790     1     2     5     0    60     5   163     1  1770]
 [    1   108     0    94     0     6    46   198     1   916]
 [   16     1    33     3     0     1     8    34     0   275]
 [   11    14     0  3832     0     8    35   276     3   554]
 [    4     1     0     6     6     0     5    31     0   547]
 [   55     1     0    17     0   412     8   195     7   722]
 [    7     9     1    84     0     1  1857    93     1  1742]
 [  116    44     3   323     0   113    75  2655    13  4112]
 [    6     1     0    29     0    17     6   106    45   455]
 [  313    37     7   228     6   150   563  1159    15 17434]]

Results of Test Set

--------------------
Accuracy: 0.6326019390453217, F1 Score: 0.36947017659109005, Precision: 0.5842118861452119, Recall: 0.33149034616918466

              precision    recall  f1-score   support

           0       0.57      0.28      0.37      2795
           1       0.50      0.06      0.11      1321
           2       0.62      0.08      0.15       355
           3       0.83      0.81      0.82      4700
           4       0.33      0.01      0.01       585
           5       0.53      0.26      0.35      1504
           6       0.71      0.49      0.58      3669
           7       0.55      0.36      0.44      7506
           8       0.57      0.08      0.14       666
           9       0.61      0.88      0.72     20013

   micro avg       0.63      0.63      0.63     43114
   macro avg       0.58      0.33      0.37     43114
weighted avg       0.62      0.63      0.59     43114
 samples avg       0.63      0.63      0.63     43114


[[  776     0     3    14     0    77     8   183     2  1732]
 [    9    83     1    80     0     6    37   197     0   908]
 [   16     1    30     3     0     8    10    41     0   246]
 [   10    15     1  3826     0     3    20   273     4   548]
 [    2     2     0     6     3     2     4    29     0   537]
 [   60     2     0    21     0   393     7   188    13   820]
 [    6     9     1    76     0     1  1809    86     1  1680]
 [  116    27     3   347     2    92    65  2689    10  4155]
 [   11     2     0    24     0    12     6   104    52   455]
 [  345    24     9   229     4   142   574  1063    10 17613]]

