Title: Fully Connected - Words: 3000, Batch: 256, Epochs: 4, Outputs: 512

Results of Training Set

--------------------
Accuracy: 0.7631937035147129, F1 Score: 0.5542847680914053, Precision: 0.8639927601243766, Recall: 0.4847743430283048

              precision    recall  f1-score   support

           0       0.82      0.55      0.66      8263
           1       0.92      0.18      0.31      3968
           2       0.92      0.26      0.40      1050
           3       0.93      0.89      0.91     14541
           4       0.98      0.09      0.16      1763
           5       0.76      0.50      0.60      4392
           6       0.91      0.71      0.80     11089
           7       0.73      0.59      0.65     22288
           8       0.96      0.14      0.24      1971
           9       0.72      0.94      0.82     60017

   micro avg       0.76      0.76      0.76    129342
   macro avg       0.86      0.48      0.55    129342
weighted avg       0.78      0.76      0.74    129342
 samples avg       0.76      0.76      0.76    129342


[[ 4516     0     3     7     1   125     5   411     1  3194]
 [   16   733     0   132     1    20    85   607     0  2374]
 [   41     1   270     6     0    11    16    98     0   607]
 [   26    11     0 12919     0    13    30   636     1   905]
 [    9     4     0    23   154    11    10   104     0  1448]
 [  145     1     3    46     0  2201    17   494     0  1485]
 [    5     6     1   106     0     6  7881   287     0  2797]
 [  235    26     9   393     1   191   135 13249     7  8042]
 [   32     1     0    52     0    53    12   321   267  1233]
 [  494    15     8   260     0   264   430  2020     3 56523]]

Results of Validation Set

--------------------
Accuracy: 0.6292851509950365, F1 Score: 0.3733953047020856, Precision: 0.6052798014523398, Recall: 0.33762374421849495

              precision    recall  f1-score   support

           0       0.56      0.33      0.41      2797
           1       0.52      0.06      0.10      1370
           2       0.59      0.09      0.16       371
           3       0.83      0.80      0.82      4733
           4       0.50      0.01      0.02       600
           5       0.53      0.30      0.39      1417
           6       0.71      0.48      0.57      3795
           7       0.52      0.40      0.45      7454
           8       0.67      0.05      0.09       665
           9       0.62      0.86      0.72     19912

   micro avg       0.63      0.63      0.63     43114
   macro avg       0.61      0.34      0.37     43114
weighted avg       0.62      0.63      0.60     43114
 samples avg       0.63      0.63      0.63     43114


[[  910     0     4     8     1    67     3   182     0  1622]
 [    3    78     1    95     0     5    42   250     0   896]
 [   20     3    35     5     0     2    12    34     0   260]
 [   13    10     0  3788     0     6    38   327     0   551]
 [    5     1     0     6     5     1     7    41     0   534]
 [   68     0     3    14     1   431     8   209     2   681]
 [   11     7     2    82     0     1  1826   123     1  1742]
 [  148    23     3   310     1   102    71  2965     6  3825]
 [    6     0     0    26     0    23     4   144    34   428]
 [  439    28    11   228     2   177   548  1412     8 17059]]

Results of Test Set

--------------------
Accuracy: 0.6325555504012618, F1 Score: 0.37148032903518124, Precision: 0.5746827986006264, Recall: 0.3359944633579125

              precision    recall  f1-score   support

           0       0.55      0.32      0.40      2795
           1       0.50      0.05      0.08      1321
           2       0.53      0.09      0.16       355
           3       0.84      0.81      0.82      4700
           4       0.20      0.00      0.00       585
           5       0.53      0.28      0.36      1504
           6       0.71      0.49      0.58      3669
           7       0.53      0.40      0.46      7506
           8       0.74      0.07      0.13       666
           9       0.62      0.86      0.72     20013

   micro avg       0.63      0.63      0.63     43114
   macro avg       0.57      0.34      0.37     43114
weighted avg       0.62      0.63      0.60     43114
 samples avg       0.63      0.63      0.63     43114


[[  885     2     4     7     0    74     9   198     0  1616]
 [   15    60     0    72     0     5    41   253     1   874]
 [   20     0    33     2     0    10    12    43     0   235]
 [   17     8     1  3790     0     3    30   341     3   507]
 [    4     1     0    10     1     2     5    46     0   516]
 [   78     2     4    21     0   415     7   214     2   761]
 [    4     4     0    66     0     2  1787   134     1  1671]
 [  144    26     5   311     1    96    61  3035     5  3822]
 [    7     1     0    21     0    14     6   137    46   434]
 [  435    17    15   233     3   156   569  1361     4 17220]]

