Title: Fully Connected - Words: 3000, Batch: 1024, Epochs: 4, Outputs: 512

Results of Training Set

--------------------
Accuracy: 0.7013035208980841, F1 Score: 0.4324347561972048, Precision: 0.8194028653376471, Recall: 0.3856423324714009

              precision    recall  f1-score   support

           0       0.72      0.44      0.55      8263
           1       0.88      0.06      0.12      3968
           2       0.88      0.09      0.17      1050
           3       0.90      0.85      0.88     14541
           4       1.00      0.01      0.01      1763
           5       0.69      0.33      0.45      4392
           6       0.85      0.62      0.71     11089
           7       0.66      0.46      0.55     22288
           8       0.94      0.07      0.13      1971
           9       0.66      0.93      0.77     60017

   micro avg       0.70      0.70      0.70    129342
   macro avg       0.82      0.39      0.43    129342
weighted avg       0.73      0.70      0.67    129342
 samples avg       0.70      0.70      0.70    129342


[[ 3621     0     0     6     0   114     9   369     0  4144]
 [   15   249     0   177     0    11    83   583     0  2850]
 [   48     0    98     6     0    10    20   104     0   764]
 [   30     8     0 12376     0     9    43   766     0  1309]
 [   10     0     0    26    12     5     9    87     0  1614]
 [  190     1     1    58     0  1447    17   525     0  2153]
 [    7     2     1   163     0     4  6835   261     0  3816]
 [  332    11     7   529     0   192   156 10344     5 10712]
 [   45     0     0    69     0    34    14   326   134  1349]
 [  713    12     4   336     0   264   856  2237     3 55592]]

Results of Validation Set

--------------------
Accuracy: 0.6264554437073805, F1 Score: 0.34865888523824706, Precision: 0.5991836417384944, Recall: 0.31800224414135386

              precision    recall  f1-score   support

           0       0.56      0.32      0.40      2797
           1       0.57      0.03      0.06      1370
           2       0.76      0.04      0.08       371
           3       0.83      0.79      0.81      4733
           4       0.00      0.00      0.00       600
           5       0.54      0.24      0.33      1417
           6       0.72      0.49      0.58      3795
           7       0.53      0.36      0.43      7454
           8       0.87      0.04      0.07       665
           9       0.61      0.87      0.72     19912

   micro avg       0.63      0.63      0.63     43114
   macro avg       0.60      0.32      0.35     43114
weighted avg       0.62      0.63      0.59     43114
 samples avg       0.63      0.63      0.63     43114


[[  883     0     1     5     0    47     4   153     0  1704]
 [    2    40     0    89     0     3    40   223     1   972]
 [   21     0    16     3     0     4    10    36     0   281]
 [   15     7     0  3747     0     4    44   338     0   578]
 [    7     1     0     3     0     0     4    32     0   553]
 [   66     0     1    15     0   336     6   188     0   805]
 [   11     2     0    87     0     1  1852    95     1  1746]
 [  142    10     3   291     0    84    73  2695     1  4155]
 [    9     0     0    28     0    17     5   120    26   460]
 [  431    10     0   220     0   126   535  1175     1 17414]]

Results of Test Set

--------------------
Accuracy: 0.6283805724358676, F1 Score: 0.3474657164852512, Precision: 0.5782419832718911, Recall: 0.31643005653382295

              precision    recall  f1-score   support

           0       0.54      0.30      0.39      2795
           1       0.44      0.02      0.04      1321
           2       0.67      0.04      0.07       355
           3       0.84      0.79      0.82      4700
           4       0.00      0.00      0.00       585
           5       0.54      0.22      0.31      1504
           6       0.71      0.49      0.58      3669
           7       0.54      0.36      0.43      7506
           8       0.89      0.06      0.11       666
           9       0.61      0.88      0.72     20013

   micro avg       0.63      0.63      0.63     43114
   macro avg       0.58      0.32      0.35     43114
weighted avg       0.62      0.63      0.59     43114
 samples avg       0.63      0.63      0.63     43114


[[  846     1     0     3     0    51    10   159     0  1725]
 [   12    26     0    68     0     2    31   228     0   954]
 [   18     0    14     3     0     5    12    41     0   262]
 [   19    10     1  3729     0     2    31   370     0   538]
 [    2     0     0     6     0     2     5    27     0   543]
 [   82     1     1    19     0   324    10   195     1   871]
 [    4     1     0    67     0     2  1804    99     1  1691]
 [  137    11     1   302     0    86    56  2728     1  4184]
 [   10     2     0    22     0    10     4   123    40   455]
 [  427     7     4   210     0   118   562  1102     2 17581]]

