Title: Fully Connected - Words: 3000, Batch: 128, Epochs: 5, Outputs: 512

Results of Training Set

--------------------
Accuracy: 0.819439934437383, F1 Score: 0.664877198017076, Precision: 0.916720561236208, Recall: 0.5756097068685856

              precision    recall  f1-score   support

           0       0.91      0.66      0.77      8263
           1       0.95      0.37      0.53      3968
           2       0.97      0.37      0.53      1050
           3       0.96      0.92      0.94     14541
           4       1.00      0.21      0.35      1763
           5       0.90      0.49      0.63      4392
           6       0.94      0.82      0.88     11089
           7       0.81      0.68      0.74     22288
           8       0.96      0.27      0.42      1971
           9       0.76      0.97      0.85     60017

   micro avg       0.82      0.82      0.82    129342
   macro avg       0.92      0.58      0.66    129342
weighted avg       0.84      0.82      0.81    129342
 samples avg       0.82      0.82      0.82    129342


[[ 5472     5     0     3     0    32     7   323     0  2421]
 [    8  1469     1    58     0    11    55   463     1  1902]
 [   14     1   388     1     0     5    13   115     0   513]
 [   13    12     0 13390     0     5    15   406     1   699]
 [    6     8     0    11   373     1    13    79     0  1272]
 [  106     2     1    25     0  2146    18   480     5  1609]
 [    1     4     1    47     0     0  9056   191     1  1788]
 [  140    21     8   217     0    80   129 15104    10  6579]
 [   24     5     0    40     0    19     6   250   535  1092]
 [  212    17     2   154     0    96   277  1198     5 58056]]

Results of Validation Set

--------------------
Accuracy: 0.6313726399777334, F1 Score: 0.3763987947080131, Precision: 0.6295514476522036, Recall: 0.3355957293327038

              precision    recall  f1-score   support

           0       0.58      0.30      0.40      2797
           1       0.57      0.08      0.14      1370
           2       0.60      0.08      0.14       371
           3       0.84      0.80      0.82      4733
           4       0.54      0.01      0.02       600
           5       0.64      0.24      0.35      1417
           6       0.68      0.51      0.58      3795
           7       0.54      0.39      0.45      7454
           8       0.70      0.08      0.14       665
           9       0.61      0.86      0.72     19912

   micro avg       0.63      0.63      0.63     43114
   macro avg       0.63      0.34      0.38     43114
weighted avg       0.63      0.63      0.60     43114
 samples avg       0.63      0.63      0.63     43114


[[  853     1     2     6     0    27    10   185     0  1713]
 [    6   112     1    85     1     2    55   230     3   875]
 [   18     2    30     2     0     1    14    30     0   274]
 [   13    10     0  3780     0     6    52   305     2   565]
 [    3     0     0     5     7     0     7    37     0   541]
 [   57     0     3    18     0   336     9   214     4   776]
 [    8    12     1    82     1     1  1931   100     1  1658]
 [  120    28     4   275     1    55    99  2918     3  3951]
 [    7     1     0    26     0    10     5   120    51   445]
 [  392    32     9   224     3    84   650  1306     9 17203]]

Results of Test Set

--------------------
Accuracy: 0.6350141485364382, F1 Score: 0.3724953515630583, Precision: 0.602114400109164, Recall: 0.33359102716559696

              precision    recall  f1-score   support

           0       0.57      0.30      0.40      2795
           1       0.45      0.05      0.10      1321
           2       0.58      0.08      0.14       355
           3       0.84      0.81      0.82      4700
           4       0.40      0.01      0.02       585
           5       0.61      0.21      0.32      1504
           6       0.69      0.51      0.59      3669
           7       0.54      0.39      0.46      7506
           8       0.71      0.09      0.16       666
           9       0.62      0.87      0.72     20013

   micro avg       0.64      0.64      0.64     43114
   macro avg       0.60      0.33      0.37     43114
weighted avg       0.63      0.64      0.60     43114
 samples avg       0.64      0.64      0.64     43114


[[  852     1     2     6     0    40     8   185     1  1700]
 [   11    72     0    80     0     2    44   219     0   893]
 [   17     2    29     4     0     6    11    46     0   240]
 [   15    10     1  3796     0     0    33   322     2   521]
 [    3     1     1     7     6     1     6    41     0   519]
 [   80     3     1    20     1   322    11   207     7   852]
 [    2     6     0    72     0     4  1874   110     1  1600]
 [  116    27     3   291     2    64    74  2952     6  3971]
 [   10     0     0    21     0     7     5   123    59   441]
 [  383    39    13   215     6    78   644  1212     7 17416]]

