Title: Fully Connected - Words: 3000, Batch: 256, Epochs: 5, Outputs: 512

Results of Training Set

--------------------
Accuracy: 0.8007298479998763, F1 Score: 0.6220524164127668, Precision: 0.8967178609194211, Recall: 0.5381144731538854

              precision    recall  f1-score   support

           0       0.88      0.65      0.74      8263
           1       0.96      0.25      0.39      3968
           2       0.95      0.29      0.45      1050
           3       0.96      0.90      0.93     14541
           4       0.99      0.16      0.28      1763
           5       0.84      0.52      0.64      4392
           6       0.97      0.71      0.82     11089
           7       0.76      0.69      0.72     22288
           8       0.90      0.26      0.40      1971
           9       0.75      0.96      0.84     60017

   micro avg       0.80      0.80      0.80    129342
   macro avg       0.90      0.54      0.62    129342
weighted avg       0.82      0.80      0.79    129342
 samples avg       0.80      0.80      0.80    129342


[[ 5350     1     0     3     0    72     2   444     4  2387]
 [   12   982     2    80     1    16    31   649     0  2195]
 [   31     1   307     5     0     5    10   118     0   573]
 [   18    11     0 13058     0     8    12   619     2   813]
 [    9     5     0    16   282     4     6   104     0  1337]
 [  141     1     2    28     0  2289    11   613    16  1291]
 [    5     5     1    88     0     2  7839   281     2  2866]
 [  194    12     8   184     0   121    69 15300    11  6389]
 [   25     1     0    42     1    39     9   315   514  1025]
 [  326     4     2   129     1   155   133  1601    19 57647]]

Results of Validation Set

--------------------
Accuracy: 0.6300969522660853, F1 Score: 0.3715230344640936, Precision: 0.6261602329179532, Recall: 0.33110616386734865

              precision    recall  f1-score   support

           0       0.56      0.33      0.41      2797
           1       0.58      0.06      0.10      1370
           2       0.64      0.07      0.13       371
           3       0.85      0.78      0.82      4733
           4       0.56      0.01      0.02       600
           5       0.60      0.27      0.37      1417
           6       0.75      0.43      0.55      3795
           7       0.51      0.42      0.46      7454
           8       0.59      0.07      0.13       665
           9       0.62      0.86      0.72     19912

   micro avg       0.63      0.63      0.63     43114
   macro avg       0.63      0.33      0.37     43114
weighted avg       0.63      0.63      0.60     43114
 samples avg       0.63      0.63      0.63     43114


[[  919     0     1     6     0    46     5   210     0  1610]
 [    4    79     1    90     1     2    31   258     0   904]
 [   17     0    27     4     0     1     8    40     0   274]
 [   16    10     0  3711     0     5    26   383     2   580]
 [    4     1     0     1     5     2     3    44     0   540]
 [   81     0     3    10     0   380     5   271     6   661]
 [   12    10     1    83     0     1  1641   130     1  1916]
 [  141    11     5   242     0    70    62  3135    10  3778]
 [    8     0     0    27     0    17     2   139    49   423]
 [  435    25     4   189     3   111   398  1512    15 17220]]

Results of Test Set

--------------------
Accuracy: 0.6324627731131419, F1 Score: 0.37355608703389287, Precision: 0.6176209649805943, Recall: 0.3325377015647648

              precision    recall  f1-score   support

           0       0.55      0.33      0.41      2795
           1       0.49      0.05      0.09      1321
           2       0.68      0.08      0.14       355
           3       0.85      0.79      0.82      4700
           4       0.54      0.01      0.02       585
           5       0.57      0.25      0.35      1504
           6       0.75      0.43      0.55      3669
           7       0.52      0.42      0.47      7506
           8       0.61      0.10      0.17       666
           9       0.62      0.87      0.72     20013

   micro avg       0.63      0.63      0.63     43114
   macro avg       0.62      0.33      0.37     43114
weighted avg       0.63      0.63      0.60     43114
 samples avg       0.63      0.63      0.63     43114


[[  924     1     1     9     0    61     5   233     2  1559]
 [    8    63     0    72     0     1    32   250     1   894]
 [   22     1    27     4     0     6     7    50     0   238]
 [   14    12     1  3706     0     2    18   408     2   537]
 [    5     2     0     6     7     2     2    36     0   525]
 [   85     4     1    20     0   374     6   238     8   768]
 [    5     4     1    75     0     1  1587   131     1  1864]
 [  141    25     1   269     3    82    51  3168    14  3752]
 [   10     0     0    20     0    11     2   135    67   421]
 [  454    17     8   196     3   113   401  1461    15 17345]]

