Title: Fully Connected - Words: 3000, Batch: 1024, Epochs: 5, Outputs: 512

Results of Training Set

--------------------
Accuracy: 0.7299407771644169, F1 Score: 0.4696661684843969, Precision: 0.8410381030273066, Recall: 0.419435058631968

              precision    recall  f1-score   support

           0       0.75      0.53      0.62      8263
           1       0.89      0.10      0.18      3968
           2       0.92      0.11      0.20      1050
           3       0.91      0.86      0.89     14541
           4       1.00      0.01      0.02      1763
           5       0.74      0.38      0.50      4392
           6       0.88      0.67      0.76     11089
           7       0.70      0.53      0.60     22288
           8       0.94      0.08      0.14      1971
           9       0.69      0.93      0.79     60017

   micro avg       0.73      0.73      0.73    129342
   macro avg       0.84      0.42      0.47    129342
weighted avg       0.75      0.73      0.70    129342
 samples avg       0.73      0.73      0.73    129342


[[ 4363     0     1     9     0    99    10   434     0  3347]
 [   20   390     0   158     0    13    81   591     0  2715]
 [   59     2   120    10     0     5    22   100     1   731]
 [   27     9     0 12535     0    11    33   715     1  1210]
 [   10     3     0    24    17     7    10    92     0  1600]
 [  211     1     1    49     0  1649    19   516     0  1946]
 [    6     6     1   141     0     5  7399   238     0  3293]
 [  343    13     5   448     0   170   160 11834     4  9311]
 [   46     0     0    67     0    31    21   360   150  1296]
 [  739    13     3   305     0   237   670  2091     4 55955]]

Results of Validation Set

--------------------
Accuracy: 0.6283109894697778, F1 Score: 0.3576981147212982, Precision: 0.583819900546563, Recall: 0.32647351222709414

              precision    recall  f1-score   support

           0       0.53      0.35      0.42      2797
           1       0.56      0.04      0.08      1370
           2       0.71      0.05      0.10       371
           3       0.84      0.79      0.81      4733
           4       0.00      0.00      0.00       600
           5       0.55      0.25      0.35      1417
           6       0.71      0.50      0.58      3795
           7       0.53      0.38      0.44      7454
           8       0.79      0.04      0.08       665
           9       0.61      0.86      0.72     19912

   micro avg       0.63      0.63      0.63     43114
   macro avg       0.58      0.33      0.36     43114
weighted avg       0.62      0.63      0.59     43114
 samples avg       0.63      0.63      0.63     43114


[[  970     0     2     4     0    49     6   178     0  1588]
 [    2    57     0    92     0     2    47   223     0   947]
 [   27     0    20     4     0     1    10    28     0   281]
 [   15    11     0  3735     0     6    44   346     0   576]
 [    6     0     0     3     0     0     4    43     0   544]
 [   90     0     1    14     0   357     8   220     0   727]
 [   10     6     0    82     0     1  1885    92     1  1718]
 [  177    11     3   301     0    89    80  2832     2  3959]
 [    9     0     0    25     0    15     4   149    27   436]
 [  517    17     2   212     0   128   564  1262     4 17206]]

Results of Test Set

--------------------
Accuracy: 0.6299809806559354, F1 Score: 0.35331240709996087, Precision: 0.5710360191952915, Recall: 0.3231813856149241

              precision    recall  f1-score   support

           0       0.52      0.33      0.41      2795
           1       0.49      0.03      0.05      1321
           2       0.64      0.05      0.08       355
           3       0.84      0.79      0.82      4700
           4       0.00      0.00      0.00       585
           5       0.53      0.22      0.31      1504
           6       0.70      0.50      0.58      3669
           7       0.53      0.39      0.45      7506
           8       0.83      0.06      0.11       666
           9       0.62      0.87      0.72     20013

   micro avg       0.63      0.63      0.63     43114
   macro avg       0.57      0.32      0.35     43114
weighted avg       0.62      0.63      0.59     43114
 samples avg       0.63      0.63      0.63     43114


[[  934     1     1     4     0    50    12   196     1  1596]
 [   12    35     0    70     0     1    36   237     0   930]
 [   21     0    16     3     0     4    13    49     0   249]
 [   21    10     1  3732     0     2    34   361     1   538]
 [    2     0     0     8     0     2     7    34     0   532]
 [  105     2     1    18     0   329    12   208     0   829]
 [    5     1     0    66     0     3  1835    92     1  1666]
 [  166    14     1   303     0    85    67  2921     3  3946]
 [   11     2     0    21     0    13     4   144    39   432]
 [  524     6     5   208     0   128   594  1226     2 17320]]

