Title: Fully Connected - Words: 3000, Batch: 128, Epochs: 6, Outputs: 512

Results of Training Set

--------------------
Accuracy: 0.8571693649394628, F1 Score: 0.7556493506501145, Precision: 0.9308563348415934, Recall: 0.6659483113814814

              precision    recall  f1-score   support

           0       0.92      0.73      0.82      8263
           1       0.97      0.51      0.67      3968
           2       0.96      0.50      0.65      1050
           3       0.97      0.93      0.95     14541
           4       0.99      0.42      0.58      1763
           5       0.88      0.60      0.72      4392
           6       0.97      0.84      0.90     11089
           7       0.88      0.74      0.80     22288
           8       0.96      0.42      0.58      1971
           9       0.80      0.98      0.88     60017

   micro avg       0.86      0.86      0.86    129342
   macro avg       0.93      0.67      0.76    129342
weighted avg       0.87      0.86      0.85    129342
 samples avg       0.86      0.86      0.86    129342


[[ 6046     1     3     2     2    50     4   173     1  1981]
 [   10  2013     0    37     1     9    43   323     0  1532]
 [   13     1   521     2     0     4     7    71     0   431]
 [   12    11     0 13594     1    10    12   273     6   622]
 [    5     3     0    14   732     4     8    48     0   949]
 [  105     5     3    21     0  2646     4   325    11  1272]
 [    2    11     2    27     0     3  9308   144     1  1591]
 [  128    19    10   155     3   115    59 16435    12  5352]
 [   17     1     0    21     0    28     7   140   820   937]
 [  207    11     3   109     4   128   104   692     6 58753]]

Results of Validation Set

--------------------
Accuracy: 0.63383123811291, F1 Score: 0.3887075597816079, Precision: 0.6067980780238618, Recall: 0.34385090647014155

              precision    recall  f1-score   support

           0       0.57      0.32      0.41      2797
           1       0.50      0.10      0.17      1370
           2       0.66      0.09      0.16       371
           3       0.84      0.80      0.82      4733
           4       0.44      0.02      0.04       600
           5       0.57      0.27      0.37      1417
           6       0.71      0.48      0.57      3795
           7       0.55      0.38      0.45      7454
           8       0.62      0.11      0.18       665
           9       0.62      0.87      0.72     19912

   micro avg       0.63      0.63      0.63     43114
   macro avg       0.61      0.34      0.39     43114
weighted avg       0.63      0.63      0.60     43114
 samples avg       0.63      0.63      0.63     43114


[[  893     1     3     6     0    62     9   162     1  1660]
 [    7   138     1    86     2     2    42   228     3   861]
 [   19     0    33     4     1     0    11    32     0   271]
 [   13    13     0  3766     0     9    38   310     5   579]
 [    5     4     0     3    14     1     8    29     0   536]
 [   74     0     1    21     0   388    12   196     7   718]
 [    5    20     1    83     1     1  1821    80     1  1782]
 [  154    44     2   266     4    73    81  2823     8  3999]
 [   10     1     0    25     0    15     5   111    70   428]
 [  400    57     9   221    10   132   551  1134    17 17381]]

Results of Test Set

--------------------
Accuracy: 0.63380804379088, F1 Score: 0.3811719136990632, Precision: 0.578047468491637, Recall: 0.33976537245837596

              precision    recall  f1-score   support

           0       0.56      0.32      0.41      2795
           1       0.45      0.07      0.13      1321
           2       0.52      0.09      0.15       355
           3       0.84      0.81      0.82      4700
           4       0.40      0.02      0.04       585
           5       0.55      0.25      0.35      1504
           6       0.70      0.49      0.58      3669
           7       0.55      0.37      0.44      7506
           8       0.59      0.10      0.18       666
           9       0.62      0.87      0.72     20013

   micro avg       0.63      0.63      0.63     43114
   macro avg       0.58      0.34      0.38     43114
weighted avg       0.62      0.63      0.60     43114
 samples avg       0.63      0.63      0.63     43114


[[  889     2     2    10     2    66    15   175     2  1632]
 [    9    98     0    75     0     3    37   216     0   883]
 [   22     1    32     4     1     5    10    42     0   238]
 [   12    18     1  3791     1     3    23   307     2   542]
 [    4     2     1     8    12     2     4    33     0   519]
 [   85     3     1    25     2   377    12   180    10   809]
 [    3     9     2    68     0     2  1797    99     2  1687]
 [  155    37     8   309     2    84    71  2783    15  4042]
 [   10     2     0    20     0    13     5   112    69   435]
 [  405    45    15   219    10   125   595  1105    16 17478]]

