Title: Fully Connected - Words: 3000, Batch: 256, Epochs: 6, Outputs: 512

Results of Training Set

--------------------
Accuracy: 0.8444511450263642, F1 Score: 0.7006820657258719, Precision: 0.9126239916327155, Recall: 0.6190745614020872

              precision    recall  f1-score   support

           0       0.88      0.75      0.81      8263
           1       0.95      0.38      0.54      3968
           2       0.96      0.41      0.58      1050
           3       0.96      0.92      0.94     14541
           4       0.99      0.26      0.41      1763
           5       0.84      0.62      0.71      4392
           6       0.95      0.83      0.89     11089
           7       0.84      0.75      0.79     22288
           8       0.95      0.30      0.45      1971
           9       0.80      0.97      0.88     60017

   micro avg       0.84      0.84      0.84    129342
   macro avg       0.91      0.62      0.70    129342
weighted avg       0.86      0.84      0.83    129342
 samples avg       0.84      0.84      0.84    129342


[[ 6171     1     2     5     0    83     6   298     1  1696]
 [   19  1505     1    73     1    19    77   462     1  1810]
 [   33     0   435     9     0     8    17    90     0   458]
 [   21    18     0 13424     0    15    19   364     0   680]
 [   16     6     0    14   462     8    14   116     0  1127]
 [  153     3     3    23     0  2742     9   378     5  1076]
 [   15    11     1    74     1     4  9205   206     2  1570]
 [  209    22     5   183     0   167   123 16623    10  4946]
 [   38     1     0    37     0    44    13   256   586   996]
 [  316     9     6   134     1   191   176  1101    13 58070]]

Results of Validation Set

--------------------
Accuracy: 0.6319293037064526, F1 Score: 0.3870321841776007, Precision: 0.6035775943286994, Recall: 0.3491574011160845

              precision    recall  f1-score   support

           0       0.54      0.37      0.44      2797
           1       0.57      0.09      0.15      1370
           2       0.56      0.09      0.16       371
           3       0.83      0.80      0.82      4733
           4       0.50      0.01      0.02       600
           5       0.54      0.31      0.39      1417
           6       0.70      0.49      0.58      3795
           7       0.53      0.41      0.46      7454
           8       0.64      0.07      0.13       665
           9       0.62      0.85      0.72     19912

   micro avg       0.63      0.63      0.63     43114
   macro avg       0.60      0.35      0.39     43114
weighted avg       0.62      0.63      0.60     43114
 samples avg       0.63      0.63      0.63     43114


[[ 1046     2     3     6     0    62     7   198     0  1473]
 [    7   121     1    93     1     4    49   228     3   863]
 [   26     1    35     4     0     3    14    46     0   242]
 [   17    12     0  3781     0     8    37   322     1   555]
 [    5     2     0     3     6     2     8    45     0   529]
 [   76     0     4    17     1   433    10   207     3   666]
 [   11     8     2    89     2     1  1864   100     1  1717]
 [  187    25     7   279     0   112    83  3047     6  3708]
 [   11     0     0    29     0    20    10   136    49   410]
 [  551    41    10   232     2   153   595  1451    14 16863]]

Results of Test Set

--------------------
Accuracy: 0.6329962425198311, F1 Score: 0.38058223284558246, Precision: 0.5557016184498089, Recall: 0.34476722455029635

              precision    recall  f1-score   support

           0       0.52      0.36      0.43      2795
           1       0.46      0.07      0.11      1321
           2       0.52      0.09      0.16       355
           3       0.84      0.81      0.82      4700
           4       0.20      0.00      0.00       585
           5       0.54      0.28      0.37      1504
           6       0.69      0.49      0.57      3669
           7       0.54      0.41      0.46      7506
           8       0.62      0.09      0.15       666
           9       0.63      0.85      0.72     20013

   micro avg       0.63      0.63      0.63     43114
   macro avg       0.56      0.34      0.38     43114
weighted avg       0.62      0.63      0.60     43114
 samples avg       0.63      0.63      0.63     43114


[[ 1017     1     4     9     0    73    11   188     0  1492]
 [   15    86     0    80     0     6    35   232     1   866]
 [   23     0    33     2     0     5    13    46     0   233]
 [   23    10     1  3788     0     4    24   335     3   512]
 [    6     1     1     6     1     3     7    40     0   520]
 [   90     6     2    24     1   423    10   202     5   741]
 [    8     6     2    77     0     3  1799   128     1  1645]
 [  192    31     7   284     2   101    71  3072     9  3737]
 [   16     2     0    22     0    16     7   137    58   408]
 [  575    43    13   222     1   151   636  1342    16 17014]]

