Title: Fully Connected - Words: 1000, Batch: 128, Epochs: 2, Outputs: 512

Results of Training Set

--------------------
Accuracy: 0.6421811940436981, F1 Score: 0.33596581315741564, Precision: 0.6746653422962303, Recall: 0.3061991800951834

              precision    recall  f1-score   support

           0       0.68      0.25      0.36      8263
           1       0.71      0.01      0.01      3968
           2       0.86      0.04      0.08      1050
           3       0.85      0.82      0.83     14541
           4       0.00      0.00      0.00      1763
           5       0.69      0.18      0.29      4392
           6       0.78      0.48      0.60     11089
           7       0.57      0.36      0.45     22288
           8       1.00      0.00      0.01      1971
           9       0.61      0.91      0.73     60017

   micro avg       0.64      0.64      0.64    129342
   macro avg       0.67      0.31      0.34    129342
weighted avg       0.65      0.64      0.59    129342
 samples avg       0.64      0.64      0.64    129342


[[ 2063     0     0    21     0    74    14   433     0  5658]
 [   13    22     0   233     0     6    94   540     0  3060]
 [   33     0    44    10     0     5    21    98     0   839]
 [   25     2     0 11863     0     5    54   889     0  1703]
 [    4     0     0    23     0     2    11    77     0  1646]
 [  128     0     1    65     0   812    14   585     0  2787]
 [    8     0     1   230     0     1  5348   274     0  5227]
 [  179     5     4   880     0   100   164  8129     0 12827]
 [   26     0     0    84     0    24    23   362     9  1443]
 [  567     2     1   569     0   149  1128  2830     0 54771]]

Results of Validation Set

--------------------
Accuracy: 0.609894697777984, F1 Score: 0.2983412094852087, Precision: 0.577670833776013, Recall: 0.2778459914697014

              precision    recall  f1-score   support

           0       0.55      0.19      0.28      2797
           1       0.50      0.00      0.00      1370
           2       0.55      0.02      0.03       371
           3       0.82      0.78      0.80      4733
           4       0.00      0.00      0.00       600
           5       0.54      0.13      0.21      1417
           6       0.71      0.43      0.54      3795
           7       0.52      0.33      0.40      7454
           8       1.00      0.00      0.00       665
           9       0.59      0.89      0.71     19912

   micro avg       0.61      0.61      0.61     43114
   macro avg       0.58      0.28      0.30     43114
weighted avg       0.60      0.61      0.56     43114
 samples avg       0.61      0.61      0.61     43114


[[  533     0     1     6     0    30     8   142     0  2077]
 [    1     2     0    98     0     3    43   207     0  1016]
 [   12     0     6     2     0     1     7    30     0   313]
 [    5     2     0  3712     0     2    28   322     0   662]
 [    5     0     0     3     0     0     6    49     0   537]
 [   60     0     1    17     0   188     7   200     0   944]
 [    6     0     0    88     0     0  1638    94     0  1969]
 [   86     0     2   338     0    39    57  2442     0  4490]
 [    5     0     0    30     0    10     4   137     1   478]
 [  250     0     1   230     0    76   503  1079     0 17773]]

Results of Test Set

--------------------
Accuracy: 0.6072505450665677, F1 Score: 0.2960364729859565, Precision: 0.6052165302659864, Recall: 0.2754396553108629

              precision    recall  f1-score   support

           0       0.52      0.18      0.27      2795
           1       0.67      0.00      0.01      1321
           2       0.73      0.02      0.04       355
           3       0.82      0.79      0.81      4700
           4       0.00      0.00      0.00       585
           5       0.52      0.12      0.20      1504
           6       0.70      0.42      0.52      3669
           7       0.51      0.32      0.39      7506
           8       1.00      0.00      0.01       666
           9       0.59      0.89      0.71     20013

   micro avg       0.61      0.61      0.61     43114
   macro avg       0.61      0.28      0.30     43114
weighted avg       0.60      0.61      0.55     43114
 samples avg       0.61      0.61      0.61     43114


[[  512     1     0     7     0    34     7   154     0  2080]
 [    5     4     0    68     0     0    32   195     0  1017]
 [   16     0     8     4     0     5     9    35     0   278]
 [    6     0     0  3700     0     0    27   340     0   627]
 [    5     0     0     5     0     0     7    28     0   540]
 [   59     0     1    20     0   186    11   191     0  1036]
 [    5     0     0    72     0     2  1536   106     0  1948]
 [   96     1     0   370     0    52    44  2410     0  4533]
 [    5     0     0    23     0    10     4   146     3   475]
 [  285     0     2   221     0    69   518  1096     0 17822]]

