Title: Fully Connected - Words: 3000, Batch: 1024, Epochs: 6, Outputs: 512

Results of Training Set

--------------------
Accuracy: 0.7656986902939493, F1 Score: 0.5276060741032581, Precision: 0.8616387626340518, Recall: 0.46661309010071983

              precision    recall  f1-score   support

           0       0.80      0.61      0.69      8263
           1       0.92      0.16      0.27      3968
           2       0.91      0.17      0.28      1050
           3       0.92      0.88      0.90     14541
           4       0.95      0.06      0.11      1763
           5       0.81      0.39      0.53      4392
           6       0.90      0.73      0.81     11089
           7       0.72      0.63      0.67     22288
           8       0.95      0.11      0.20      1971
           9       0.73      0.94      0.82     60017

   micro avg       0.77      0.77      0.77    129342
   macro avg       0.86      0.47      0.53    129342
weighted avg       0.78      0.77      0.74    129342
 samples avg       0.77      0.77      0.77    129342


[[ 5010     0     2     9     1    64     8   463     1  2705]
 [   24   640     0   121     0    12   109   701     0  2361]
 [   40     1   177     7     2     6    21   121     0   675]
 [   37     9     0 12773     1     8    42   720     0   951]
 [   20     6     0    22   100     3    11   116     0  1485]
 [  206     1     1    48     0  1709    16   629     2  1780]
 [    8     9     2   110     0     2  8072   302     1  2583]
 [  298    13     7   381     0   109   141 14029     5  7305]
 [   36     1     0    64     0    32    19   358   217  1244]
 [  570    16     6   274     1   156   510  2172     2 56310]]

Results of Validation Set

--------------------
Accuracy: 0.6297026487915758, F1 Score: 0.36717729130207305, Precision: 0.6532431884831679, Recall: 0.3337968083829997

              precision    recall  f1-score   support

           0       0.54      0.35      0.43      2797
           1       0.57      0.05      0.09      1370
           2       0.67      0.07      0.13       371
           3       0.83      0.79      0.81      4733
           4       0.60      0.01      0.01       600
           5       0.61      0.24      0.34      1417
           6       0.70      0.51      0.59      3795
           7       0.51      0.42      0.46      7454
           8       0.89      0.05      0.09       665
           9       0.62      0.85      0.72     19912

   micro avg       0.63      0.63      0.63     43114
   macro avg       0.65      0.33      0.37     43114
weighted avg       0.63      0.63      0.60     43114
 samples avg       0.63      0.63      0.63     43114


[[  991     0     1     6     0    38     9   226     0  1526]
 [    6    69     0    88     0     2    53   270     0   882]
 [   26     0    26     3     0     2    15    38     0   261]
 [   15    10     0  3751     1     7    49   373     0   527]
 [    7     1     0     4     3     0     6    47     0   532]
 [   86     0     3    16     0   336     9   248     0   719]
 [   11     9     1    84     0     1  1943   123     1  1622]
 [  161    16     2   292     0    60    90  3147     1  3685]
 [    7     0     0    28     0    10     8   156    32   424]
 [  523    17     6   227     1    96   599  1590     2 16851]]

Results of Test Set

--------------------
Accuracy: 0.6302361181982651, F1 Score: 0.36252147141973845, Precision: 0.5876903116428587, Recall: 0.3308110336422006

              precision    recall  f1-score   support

           0       0.52      0.35      0.42      2795
           1       0.42      0.03      0.06      1321
           2       0.60      0.07      0.12       355
           3       0.84      0.80      0.82      4700
           4       0.33      0.00      0.00       585
           5       0.59      0.21      0.31      1504
           6       0.70      0.51      0.59      3669
           7       0.51      0.43      0.46      7506
           8       0.74      0.06      0.12       666
           9       0.63      0.85      0.72     20013

   micro avg       0.63      0.63      0.63     43114
   macro avg       0.59      0.33      0.36     43114
weighted avg       0.62      0.63      0.60     43114
 samples avg       0.63      0.63      0.63     43114


[[  976     0     1     6     0    37    10   245     2  1518]
 [   18    43     1    67     0     1    40   259     1   891]
 [   19     0    24     3     0     4    14    51     0   240]
 [   16    14     1  3755     0     1    34   380     2   497]
 [    7     1     0     7     1     2     6    41     0   520]
 [  110     2     1    18     0   320    11   249     2   791]
 [    4     5     1    65     0     1  1864   133     1  1595]
 [  172    18     2   295     2    64    67  3196     3  3687]
 [   13     0     0    22     0    11     6   163    43   408]
 [  545    19     9   228     0   104   625  1529     4 16950]]

