Title: Fully Connected - Words: 3000, Batch: 128, Epochs: 7, Outputs: 512

Results of Training Set

--------------------
Accuracy: 0.9035270832366903, F1 Score: 0.833901819960339, Precision: 0.9439893431237362, Recall: 0.7647888697989422

              precision    recall  f1-score   support

           0       0.91      0.87      0.89      8263
           1       0.96      0.67      0.79      3968
           2       0.98      0.60      0.74      1050
           3       0.98      0.96      0.97     14541
           4       0.99      0.53      0.69      1763
           5       0.90      0.72      0.80      4392
           6       0.98      0.89      0.93     11089
           7       0.89      0.85      0.87     22288
           8       0.97      0.59      0.73      1971
           9       0.87      0.97      0.92     60017

   micro avg       0.90      0.90      0.90    129342
   macro avg       0.94      0.76      0.83    129342
weighted avg       0.91      0.90      0.90    129342
 samples avg       0.90      0.90      0.90    129342


[[ 7184     2     1     1     0    47     7   171     1   849]
 [   16  2671     1    35     0    11    23   306     1   904]
 [   16     0   625     0     0    10    13    80     0   306]
 [   14    15     0 13934     0    11    12   206     2   347]
 [   12     5     0     9   935     2     4    92     0   704]
 [  120     5     0    19     0  3159     8   350    10   721]
 [    9     8     1    25     0     0  9893   159     1   993]
 [  154    29     4    87     2    95    49 18864    11  2993]
 [   32     3     0    27     0    27     2   170  1163   547]
 [  306    34     8    97     4   131    88   902    11 58436]]

Results of Validation Set

--------------------
Accuracy: 0.6303288954863849, F1 Score: 0.40208416309710815, Precision: 0.5938755038851974, Recall: 0.36057286819549006

              precision    recall  f1-score   support

           0       0.52      0.39      0.45      2797
           1       0.48      0.13      0.20      1370
           2       0.59      0.11      0.18       371
           3       0.83      0.81      0.82      4733
           4       0.53      0.03      0.06       600
           5       0.57      0.29      0.39      1417
           6       0.68      0.49      0.57      3795
           7       0.51      0.44      0.47      7454
           8       0.59      0.10      0.17       665
           9       0.63      0.83      0.72     19912

   micro avg       0.63      0.63      0.63     43114
   macro avg       0.59      0.36      0.40     43114
weighted avg       0.62      0.63      0.60     43114
 samples avg       0.63      0.63      0.63     43114


[[ 1095     6     1    12     1    55     7   219     0  1401]
 [   10   174     1    96     3     2    52   256     2   774]
 [   26     3    39     2     1     1    10    46     0   243]
 [   19    26     0  3826     0     6    37   314     3   502]
 [    7     2     1     3    20     3     4    49     0   511]
 [  101     1     2    24     0   413     8   256     9   603]
 [   13    19     1    82     1     2  1844   116     2  1715]
 [  216    56    10   296     2    84    91  3253    10  3436]
 [   12     1     0    31     0    16     5   139    67   394]
 [  593    71    11   255    10   139   638  1729    21 16445]]

Results of Test Set

--------------------
Accuracy: 0.6323236071809621, F1 Score: 0.4002285074097066, Precision: 0.5681462198415497, Recall: 0.3598302907678893

              precision    recall  f1-score   support

           0       0.51      0.38      0.44      2795
           1       0.44      0.10      0.17      1321
           2       0.53      0.12      0.19       355
           3       0.83      0.82      0.82      4700
           4       0.39      0.03      0.05       585
           5       0.56      0.27      0.37      1504
           6       0.69      0.50      0.58      3669
           7       0.51      0.43      0.47      7506
           8       0.59      0.12      0.20       666
           9       0.64      0.83      0.72     20013

   micro avg       0.63      0.63      0.63     43114
   macro avg       0.57      0.36      0.40     43114
weighted avg       0.62      0.63      0.61     43114
 samples avg       0.63      0.63      0.63     43114


[[ 1076     2     2    11     0    56    11   255     6  1376]
 [   15   138     0    79     0     5    44   258     1   781]
 [   34     1    42     1     0     7    11    45     0   214]
 [   17    22     1  3833     1     6    24   329     2   465]
 [    5     2     1     7    15     2     9    43     0   501]
 [  113     9     2    23     2   410    11   248     7   679]
 [    8    12     2    69     0     1  1832   128     4  1613]
 [  208    53    12   309     7    85    82  3197    15  3538]
 [   19     2     0    30     0    11     7   136    80   381]
 [  626    75    18   238    13   148   633  1602    21 16639]]

