Title: Fully Connected - Words: 3000, Batch: 256, Epochs: 7, Outputs: 512

Results of Training Set

--------------------
Accuracy: 0.87095452366594, F1 Score: 0.7659484083925628, Precision: 0.935337180567912, Recall: 0.6809576605140978

              precision    recall  f1-score   support

           0       0.91      0.80      0.85      8263
           1       0.96      0.53      0.69      3968
           2       0.96      0.50      0.66      1050
           3       0.97      0.94      0.95     14541
           4       0.99      0.39      0.56      1763
           5       0.90      0.64      0.75      4392
           6       0.97      0.86      0.91     11089
           7       0.89      0.77      0.82     22288
           8       0.97      0.41      0.57      1971
           9       0.82      0.98      0.89     60017

   micro avg       0.87      0.87      0.87    129342
   macro avg       0.94      0.68      0.77    129342
weighted avg       0.88      0.87      0.86    129342
 samples avg       0.87      0.87      0.87    129342


[[ 6574     5     1     1     0    44     9   163     1  1465]
 [   12  2116     1    56     0    14    36   281     1  1451]
 [   19     0   523     1     0     4    12    76     0   415]
 [   15    16     0 13603     2    11    18   263     3   610]
 [    9     7     0    12   682     3    10    61     0   979]
 [  141     2     2    13     0  2808     7   333    11  1075]
 [    1     8     1    31     0     2  9559   158     1  1328]
 [  147    24     8   125     3    96    64 17143     9  4669]
 [   31     3     0    36     0    31    13   194   807   856]
 [  238    15     6    78     1   122    80   638     3 58836]]

Results of Validation Set

--------------------
Accuracy: 0.6328338822656214, F1 Score: 0.3922988490562818, Precision: 0.6207813998700848, Recall: 0.348467103380521

              precision    recall  f1-score   support

           0       0.55      0.36      0.43      2797
           1       0.57      0.11      0.19      1370
           2       0.56      0.09      0.15       371
           3       0.85      0.80      0.82      4733
           4       0.64      0.02      0.05       600
           5       0.58      0.28      0.38      1417
           6       0.69      0.48      0.57      3795
           7       0.54      0.38      0.44      7454
           8       0.62      0.10      0.17       665
           9       0.62      0.86      0.72     19912

   micro avg       0.63      0.63      0.63     43114
   macro avg       0.62      0.35      0.39     43114
weighted avg       0.63      0.63      0.60     43114
 samples avg       0.63      0.63      0.63     43114


[[ 1002     0     5     5     0    48     8   171     0  1558]
 [    7   152     1    83     1     6    50   197     3   870]
 [   24     2    33     2     1     4    14    35     0   256]
 [   15    13     0  3771     0     9    51   315     4   555]
 [    5     0     0     4    14     0     5    32     0   540]
 [   89     3     2    19     0   403    10   199     9   683]
 [    9    12     2    78     2     3  1828   114     3  1744]
 [  157    36     7   265     0    89    94  2811     9  3986]
 [    8     2     0    23     0    17     7   105    66   437]
 [  512    45     9   205     4   116   591  1213    13 17204]]

Results of Test Set

--------------------
Accuracy: 0.6354548406550077, F1 Score: 0.3872647572746787, Precision: 0.6003792406790861, Recall: 0.34518055147560706

              precision    recall  f1-score   support

           0       0.53      0.36      0.43      2795
           1       0.50      0.10      0.16      1321
           2       0.58      0.09      0.16       355
           3       0.85      0.80      0.83      4700
           4       0.55      0.02      0.04       585
           5       0.55      0.25      0.34      1504
           6       0.70      0.49      0.58      3669
           7       0.55      0.38      0.45      7506
           8       0.57      0.10      0.17       666
           9       0.62      0.87      0.72     20013

   micro avg       0.64      0.64      0.64     43114
   macro avg       0.60      0.35      0.39     43114
weighted avg       0.63      0.64      0.60     43114
 samples avg       0.64      0.64      0.64     43114


[[  995     1     1     8     0    65     9   164     1  1551]
 [   14   129     0    73     0     6    41   204     0   854]
 [   28     5    33     3     0     8     9    33     0   236]
 [   17    12     1  3773     1     3    34   330     1   528]
 [    6     3     0     4    11     2     8    37     0   514]
 [   94     4     1    20     1   370    10   204    11   789]
 [    5    16     2    64     0     3  1794   109     2  1674]
 [  172    42     4   271     3    82    78  2887    12  3955]
 [   18     1     0    23     0    12     4   114    65   429]
 [  526    47    15   184     4   117   574  1184    22 17340]]

