Title: Fully Connected - Words: 3000, Batch: 1024, Epochs: 7, Outputs: 512

Results of Training Set

--------------------
Accuracy: 0.7884291258833172, F1 Score: 0.5696593845176069, Precision: 0.885547987031203, Recall: 0.49901911789800313

              precision    recall  f1-score   support

           0       0.85      0.62      0.71      8263
           1       0.91      0.22      0.36      3968
           2       0.94      0.21      0.34      1050
           3       0.94      0.89      0.92     14541
           4       0.98      0.08      0.15      1763
           5       0.81      0.49      0.61      4392
           6       0.94      0.75      0.83     11089
           7       0.80      0.64      0.71     22288
           8       0.95      0.13      0.23      1971
           9       0.73      0.96      0.83     60017

   micro avg       0.79      0.79      0.79    129342
   macro avg       0.89      0.50      0.57    129342
weighted avg       0.81      0.79      0.77    129342
 samples avg       0.79      0.79      0.79    129342


[[ 5084     1     0     6     1    85     6   354     0  2726]
 [   21   875     0   116     1    16    78   452     0  2409]
 [   39     1   222     8     0     7    14    90     0   669]
 [   24    20     0 12968     0     6    16   491     0  1016]
 [   11     9     0    18   148     7     7    87     0  1476]
 [  163     3     2    33     0  2154    19   438     1  1579]
 [    6    12     1    83     0     3  8271   203     0  2510]
 [  237    22     9   283     1   144   111 14265     8  7208]
 [   34     1     0    65     0    40    20   293   254  1264]
 [  364    15     3   190     0   191   293  1222     3 57736]]

Results of Validation Set

--------------------
Accuracy: 0.6321148582826924, F1 Score: 0.3702781280581129, Precision: 0.6901007030492975, Recall: 0.33361901231149976

              precision    recall  f1-score   support

           0       0.55      0.33      0.41      2797
           1       0.52      0.06      0.11      1370
           2       0.74      0.07      0.13       371
           3       0.84      0.79      0.82      4733
           4       1.00      0.00      0.01       600
           5       0.59      0.29      0.39      1417
           6       0.72      0.49      0.58      3795
           7       0.54      0.38      0.45      7454
           8       0.79      0.05      0.09       665
           9       0.62      0.87      0.72     19912

   micro avg       0.63      0.63      0.63     43114
   macro avg       0.69      0.33      0.37     43114
weighted avg       0.64      0.63      0.60     43114
 samples avg       0.63      0.63      0.63     43114


[[  922     1     2     6     0    45     6   186     0  1629]
 [    4    86     1    88     0     3    45   221     1   921]
 [   22     0    26     2     0     4     9    33     0   275]
 [   15    14     0  3749     0     6    40   316     2   591]
 [    7     2     0     3     2     2     6    35     0   543]
 [   71     0     1    18     0   405    11   199     0   712]
 [   12     7     1    82     0     1  1857    93     1  1741]
 [  150    24     2   276     0    94    73  2864     4  3967]
 [   12     0     0    24     0    11     5   136    33   444]
 [  469    30     2   213     0   115   544  1229     1 17309]]

Results of Test Set

--------------------
Accuracy: 0.6330194368418611, F1 Score: 0.3658548085896529, Precision: 0.62045932212731, Recall: 0.3305896165366374

              precision    recall  f1-score   support

           0       0.54      0.33      0.41      2795
           1       0.41      0.04      0.08      1321
           2       0.59      0.06      0.12       355
           3       0.84      0.80      0.82      4700
           4       0.56      0.01      0.02       585
           5       0.56      0.25      0.35      1504
           6       0.70      0.49      0.58      3669
           7       0.54      0.38      0.45      7506
           8       0.84      0.06      0.12       666
           9       0.62      0.87      0.72     20013

   micro avg       0.63      0.63      0.63     43114
   macro avg       0.62      0.33      0.37     43114
weighted avg       0.63      0.63      0.60     43114
 samples avg       0.63      0.63      0.63     43114


[[  912     1     0     5     0    61     8   175     0  1633]
 [   11    57     0    70     0     4    41   224     0   914]
 [   21     0    23     2     0     7     9    41     0   252]
 [   18    15     2  3773     0     3    24   326     1   538]
 [    2     3     0     7     5     3     4    38     0   523]
 [   88     3     1    18     0   382    12   206     1   793]
 [    3     5     0    68     0     2  1792   109     1  1689]
 [  154    32     3   304     2    82    65  2868     3  3993]
 [   11     2     0    23     0    12     6   134    43   435]
 [  460    21    10   207     2   132   586  1156     2 17437]]

