Title: Fully Connected - Words: 3000, Batch: 128, Epochs: 8, Outputs: 512

Results of Training Set

--------------------
Accuracy: 0.9179926087427132, F1 Score: 0.8668677727928454, Precision: 0.9554348383431661, Recall: 0.8036929853124279

              precision    recall  f1-score   support

           0       0.95      0.86      0.90      8263
           1       0.97      0.69      0.81      3968
           2       0.99      0.70      0.82      1050
           3       0.99      0.96      0.97     14541
           4       0.99      0.69      0.81      1763
           5       0.92      0.75      0.83      4392
           6       0.99      0.91      0.95     11089
           7       0.91      0.87      0.89     22288
           8       0.97      0.63      0.76      1971
           9       0.89      0.98      0.93     60017

   micro avg       0.92      0.92      0.92    129342
   macro avg       0.96      0.80      0.87    129342
weighted avg       0.92      0.92      0.92    129342
 samples avg       0.92      0.92      0.92    129342


[[ 7065     1     0     4     0    41     4   189     3   956]
 [    4  2742     0    26     2    15    22   281     1   875]
 [   11     2   734     3     0     5     7    61     0   227]
 [    8    12     0 13974     0     9     9   167     3   359]
 [    1     6     0     8  1208     4     5    50     0   481]
 [   77     4     1    14     1  3292     4   281    11   707]
 [    4    10     1    11     0     3 10122   114     1   823]
 [   71    27     5    48     1    72    29 19432    11  2592]
 [   10     3     0     8     0    29     4   144  1241   532]
 [  167    30     3    68     5   105    56   645    13 58925]]

Results of Validation Set

--------------------
Accuracy: 0.6311870854014937, F1 Score: 0.4014883337492428, Precision: 0.5840569510477147, Recall: 0.35742263791323264

              precision    recall  f1-score   support

           0       0.55      0.34      0.42      2797
           1       0.54      0.13      0.21      1370
           2       0.55      0.10      0.17       371
           3       0.83      0.80      0.82      4733
           4       0.37      0.03      0.05       600
           5       0.57      0.30      0.40      1417
           6       0.68      0.49      0.57      3795
           7       0.51      0.41      0.46      7454
           8       0.61      0.12      0.20       665
           9       0.63      0.84      0.72     19912

   micro avg       0.63      0.63      0.63     43114
   macro avg       0.58      0.36      0.40     43114
weighted avg       0.62      0.63      0.60     43114
 samples avg       0.63      0.63      0.63     43114


[[  961     4     2     9     0    52     8   252     3  1506]
 [    4   179     2    77     3     4    52   245     2   802]
 [   19     2    37     4     1     2     9    42     0   255]
 [   16    17     0  3788     0    10    46   328     3   525]
 [    4     2     0     7    15     2     6    43     0   521]
 [   68     1     4    22     1   430    10   235     9   637]
 [   15     9     1    83     2     3  1873   124     1  1684]
 [  161    52     7   285     6    87    93  3089    16  3658]
 [    6     1     0    30     0    18    11   128    81   390]
 [  480    67    14   246    13   151   628  1535    18 16760]]

Results of Test Set

--------------------
Accuracy: 0.6318597207403628, F1 Score: 0.39768830189050364, Precision: 0.5660846667749058, Recall: 0.3545047857276334

              precision    recall  f1-score   support

           0       0.54      0.34      0.42      2795
           1       0.45      0.11      0.18      1321
           2       0.51      0.11      0.18       355
           3       0.83      0.81      0.82      4700
           4       0.40      0.03      0.06       585
           5       0.56      0.27      0.36      1504
           6       0.68      0.49      0.57      3669
           7       0.53      0.42      0.46      7506
           8       0.53      0.13      0.21       666
           9       0.63      0.84      0.72     20013

   micro avg       0.63      0.63      0.63     43114
   macro avg       0.57      0.35      0.40     43114
weighted avg       0.62      0.63      0.60     43114
 samples avg       0.63      0.63      0.63     43114


[[  955     4     4     8     2    57    10   240     3  1512]
 [   12   149     0    74     0     4    47   241     0   794]
 [   29     2    38     3     0     4    11    40     0   228]
 [   11    14     1  3795     1     8    39   325     3   503]
 [    4     4     0    10    18     2     8    40     0   499]
 [   89     5     1    25     2   404     9   223    11   735]
 [    9    18     2    65     1     3  1786   123     2  1660]
 [  165    51    13   319     9    88    72  3116    17  3656]
 [    8     3     0    23     0    13    14   117    87   401]
 [  501    83    15   245    12   134   621  1468    40 16894]]

