Title: Fully Connected - Words: 3000, Batch: 256, Epochs: 8, Outputs: 512

Results of Training Set

--------------------
Accuracy: 0.9114595413709391, F1 Score: 0.8375383953303606, Precision: 0.9433783838703433, Recall: 0.7712792761474172

              precision    recall  f1-score   support

           0       0.94      0.84      0.89      8263
           1       0.96      0.63      0.76      3968
           2       0.98      0.61      0.75      1050
           3       0.98      0.95      0.97     14541
           4       0.99      0.56      0.72      1763
           5       0.87      0.76      0.81      4392
           6       0.98      0.91      0.94     11089
           7       0.86      0.90      0.88     22288
           8       0.97      0.57      0.72      1971
           9       0.90      0.97      0.93     60017

   micro avg       0.91      0.91      0.91    129342
   macro avg       0.94      0.77      0.84    129342
weighted avg       0.91      0.91      0.91    129342
 samples avg       0.91      0.91      0.91    129342


[[ 6935     5     1     2     0    84     6   290     1   939]
 [   11  2497     1    26     0    13    30   490     0   900]
 [   12     1   643     3     1     9    11   111     0   259]
 [   14    13     0 13858     0    14    13   305     4   320]
 [    7     4     0     7   995     7     8   132     0   603]
 [   74     4     1    14     0  3320     3   355    11   610]
 [    8    11     1    18     1     7 10119   214     2   708]
 [   95    24     5    55     1   136    45 20137     7  1783]
 [   17     5     0    21     0    52    18   236  1127   495]
 [  193    25     4    83     5   185   111  1142    10 58259]]

Results of Validation Set

--------------------
Accuracy: 0.6281254348935381, F1 Score: 0.4030639561614353, Precision: 0.5663238784708873, Recall: 0.3657151440253371

              precision    recall  f1-score   support

           0       0.55      0.36      0.44      2797
           1       0.51      0.13      0.21      1370
           2       0.48      0.08      0.14       371
           3       0.84      0.80      0.82      4733
           4       0.46      0.04      0.07       600
           5       0.52      0.34      0.41      1417
           6       0.67      0.53      0.59      3795
           7       0.48      0.49      0.48      7454
           8       0.50      0.10      0.17       665
           9       0.64      0.80      0.71     19912

   micro avg       0.63      0.63      0.63     43114
   macro avg       0.57      0.37      0.40     43114
weighted avg       0.62      0.63      0.61     43114
 samples avg       0.63      0.63      0.63     43114


[[ 1015     7     2     7     1    70    14   300     0  1381]
 [    7   176     1    89     3    10    62   302     4   716]
 [   24     2    31     3     2     2    11    60     1   235]
 [   17    25     1  3788     0    13    35   390     4   460]
 [    9     0     1     8    21     3     9    76     0   473]
 [   80     1     4    25     1   477     9   253    13   554]
 [   12    19     3    84     2     3  1994   196     2  1480]
 [  158    32    10   251     3   112   101  3624    16  3147]
 [   10     1     0    23     0    25    13   155    67   371]
 [  504    80    11   255    13   195   723  2217    26 15888]]

Results of Test Set

--------------------
Accuracy: 0.6279166859952684, F1 Score: 0.39787146726266565, Precision: 0.5402099159494891, Recall: 0.3620473397751026

              precision    recall  f1-score   support

           0       0.53      0.36      0.43      2795
           1       0.42      0.10      0.16      1321
           2       0.51      0.11      0.18       355
           3       0.83      0.81      0.82      4700
           4       0.32      0.02      0.04       585
           5       0.49      0.31      0.38      1504
           6       0.67      0.52      0.58      3669
           7       0.48      0.48      0.48      7506
           8       0.49      0.12      0.19       666
           9       0.65      0.80      0.71     20013

   micro avg       0.63      0.63      0.63     43114
   macro avg       0.54      0.36      0.40     43114
weighted avg       0.61      0.63      0.61     43114
 samples avg       0.63      0.63      0.63     43114


[[  996     4     3    14     0    87     7   289     1  1394]
 [   14   132     1    75     2    11    48   307     2   729]
 [   25     5    39     2     2    11    13    55     0   203]
 [   24    19     3  3823     1     6    26   380     4   414]
 [    7     1     1     9    13     2     9    77     0   466]
 [   91     6     1    21     1   461     9   263    12   639]
 [    8    23     1    81     1     4  1897   193     4  1457]
 [  174    51     6   283     5   129    91  3585    19  3163]
 [   16     1     0    28     0    20     8   149    77   367]
 [  523    69    21   246    16   202   722  2127    38 16049]]

