Title: Fully Connected - Words: 3000, Batch: 1024, Epochs: 8, Outputs: 512

Results of Training Set

--------------------
Accuracy: 0.8243416678263827, F1 Score: 0.635146665480906, Precision: 0.9053282775222711, Recall: 0.5564442734964248

              precision    recall  f1-score   support

           0       0.88      0.68      0.77      8263
           1       0.94      0.32      0.47      3968
           2       0.95      0.28      0.43      1050
           3       0.97      0.90      0.93     14541
           4       0.99      0.15      0.27      1763
           5       0.84      0.53      0.65      4392
           6       0.94      0.80      0.86     11089
           7       0.81      0.75      0.78     22288
           8       0.97      0.20      0.34      1971
           9       0.78      0.96      0.86     60017

   micro avg       0.82      0.82      0.82    129342
   macro avg       0.91      0.56      0.64    129342
weighted avg       0.84      0.82      0.81    129342
 samples avg       0.82      0.82      0.82    129342


[[ 5592     2     2     2     0    85     9   393     1  2177]
 [   21  1253     0    60     1    13    69   500     1  2050]
 [   30     3   290     5     0     8    21   106     1   586]
 [   22    20     0 13116     1    11    25   504     1   841]
 [    9    11     0    17   273     6    11   107     0  1329]
 [  141     6     3    28     0  2316    12   478     3  1405]
 [    3     9     2    40     0     3  8832   255     0  1945]
 [  196    14     6   138     2   113   129 16646     4  5040]
 [   39     2     0    42     0    35    18   331   401  1103]
 [  290    14     3   141     0   178   239  1246     3 57903]]

Results of Validation Set

--------------------
Accuracy: 0.6324627731131419, F1 Score: 0.3791976179651709, Precision: 0.6101566024860313, Recall: 0.3410000606896439

              precision    recall  f1-score   support

           0       0.57      0.33      0.42      2797
           1       0.52      0.08      0.13      1370
           2       0.58      0.08      0.14       371
           3       0.85      0.78      0.81      4733
           4       0.47      0.01      0.02       600
           5       0.58      0.28      0.38      1417
           6       0.69      0.50      0.58      3795
           7       0.52      0.43      0.47      7454
           8       0.71      0.06      0.11       665
           9       0.62      0.85      0.72     19912

   micro avg       0.63      0.63      0.63     43114
   macro avg       0.61      0.34      0.38     43114
weighted avg       0.63      0.63      0.60     43114
 samples avg       0.63      0.63      0.63     43114


[[  935     0     2     6     0    50     9   210     0  1585]
 [    4   103     1    86     1     4    47   256     1   867]
 [   20     0    29     4     0     1     9    42     0   266]
 [   16    20     0  3708     0     9    53   375     4   548]
 [    7     2     0     7     7     2     9    42     0   524]
 [   72     1     3    16     0   401    11   232     3   678]
 [    9     9     2    79     0     2  1910   116     1  1667]
 [  135    24     6   249     1    85    90  3195     3  3666]
 [    7     0     0    24     0    15     5   147    41   426]
 [  431    40     7   209     6   120   635  1520     5 16939]]

Results of Test Set

--------------------
Accuracy: 0.6316045831980331, F1 Score: 0.3745004961414339, Precision: 0.5844804762009457, Recall: 0.33712438563888275

              precision    recall  f1-score   support

           0       0.54      0.31      0.40      2795
           1       0.43      0.06      0.11      1321
           2       0.58      0.08      0.14       355
           3       0.85      0.79      0.82      4700
           4       0.40      0.01      0.02       585
           5       0.57      0.26      0.35      1504
           6       0.68      0.50      0.58      3669
           7       0.52      0.43      0.47      7506
           8       0.65      0.08      0.13       666
           9       0.62      0.85      0.72     20013

   micro avg       0.63      0.63      0.63     43114
   macro avg       0.58      0.34      0.37     43114
weighted avg       0.62      0.63      0.60     43114
 samples avg       0.63      0.63      0.63     43114


[[  876     0     3     6     0    49    11   220     1  1629]
 [   13    82     0    65     0     5    44   243     1   868]
 [   20     5    29     4     0     4    10    50     0   233]
 [   17    12     2  3726     0     4    41   369     2   527]
 [    3     1     0     9     6     4     8    47     0   507]
 [   75     5     1    20     1   384    10   233     7   768]
 [    4     4     1    69     1     3  1847   131     1  1608]
 [  142    37     3   264     2    86    73  3199     9  3691]
 [   10     4     0    18     0    13    10   147    50   414]
 [  469    42    11   202     5   122   650  1474     6 17032]]

