Title: Fully Connected - Words: 3000, Batch: 128, Epochs: 9, Outputs: 512

Results of Training Set

--------------------
Accuracy: 0.9410091076371171, F1 Score: 0.9004518781682244, Precision: 0.9589793860449547, Recall: 0.8547388898619049

              precision    recall  f1-score   support

           0       0.96      0.90      0.93      8263
           1       0.97      0.79      0.87      3968
           2       0.98      0.75      0.85      1050
           3       0.99      0.97      0.98     14541
           4       0.99      0.74      0.85      1763
           5       0.89      0.83      0.86      4392
           6       0.98      0.95      0.97     11089
           7       0.93      0.91      0.92     22288
           8       0.97      0.73      0.83      1971
           9       0.92      0.98      0.95     60017

   micro avg       0.94      0.94      0.94    129342
   macro avg       0.96      0.85      0.90    129342
weighted avg       0.94      0.94      0.94    129342
 samples avg       0.94      0.94      0.94    129342


[[ 7412     2     2     1     0    62     6   125     1   652]
 [    7  3141     0    16     0    14    17   186     0   587]
 [   12     0   787     2     0     3     8    50     1   187]
 [    7    13     0 14060     0    12    11   156     2   280]
 [    4     5     0     5  1305     3     2    45     0   394]
 [   66     1     3     5     2  3632     0   216    12   455]
 [    2    10     0    12     0     8 10588   104     0   365]
 [   87    27    11    38     0   143    26 20301    11  1644]
 [   10     2     0     4     1    45     6   109  1430   364]
 [  141    25     4    41     8   175    86   470    11 59056]]

Results of Validation Set

--------------------
Accuracy: 0.6303288954863849, F1 Score: 0.4049788113706274, Precision: 0.5730641170622055, Recall: 0.3661479890044579

              precision    recall  f1-score   support

           0       0.54      0.36      0.43      2797
           1       0.47      0.14      0.22      1370
           2       0.52      0.09      0.15       371
           3       0.84      0.79      0.81      4733
           4       0.53      0.03      0.06       600
           5       0.49      0.34      0.40      1417
           6       0.65      0.54      0.59      3795
           7       0.52      0.43      0.47      7454
           8       0.54      0.12      0.20       665
           9       0.63      0.82      0.72     19912

   micro avg       0.63      0.63      0.63     43114
   macro avg       0.57      0.37      0.40     43114
weighted avg       0.62      0.63      0.61     43114
 samples avg       0.63      0.63      0.63     43114


[[  993     5     1     7     1    90    16   216     0  1468]
 [    9   194     1    80     0     5    70   256     3   752]
 [   19     3    33     4     0     7    11    39     1   254]
 [   15    22     0  3725     0    12    56   358     7   538]
 [   11     3     1     5    20     3    11    54     0   492]
 [   79     3     3    22     1   486    10   213     8   592]
 [    9    17     1    82     2     9  2048   130     3  1494]
 [  185    61    10   245     1   129   118  3198    18  3489]
 [    6     2     1    24     0    27    11   137    80   377]
 [  502    99    13   244    13   222   802  1590    28 16399]]

Results of Test Set

--------------------
Accuracy: 0.6333209630282507, F1 Score: 0.40741574037732253, Precision: 0.555823920535081, Recall: 0.3682327154902871

              precision    recall  f1-score   support

           0       0.53      0.36      0.43      2795
           1       0.45      0.13      0.20      1321
           2       0.49      0.10      0.16       355
           3       0.84      0.80      0.82      4700
           4       0.35      0.03      0.05       585
           5       0.51      0.32      0.40      1504
           6       0.64      0.54      0.59      3669
           7       0.53      0.43      0.47      7506
           8       0.58      0.15      0.23       666
           9       0.64      0.83      0.72     20013

   micro avg       0.63      0.63      0.63     43114
   macro avg       0.56      0.37      0.41     43114
weighted avg       0.62      0.63      0.61     43114
 samples avg       0.63      0.63      0.63     43114


[[ 1020     4     4    10     0    81    14   229     3  1430]
 [   14   170     0    70     1     7    64   222     1   772]
 [   29     3    34     4     0    10    12    41     0   222]
 [   19    22     1  3754     0     8    38   360     3   495]
 [    4     4     1    10    17     3    12    55     0   479]
 [   77    12     2    23     2   488    14   193    13   680]
 [   10    21     3    77     2     4  1983   133     1  1435]
 [  186    52     8   272     8   134   103  3220    18  3505]
 [   17     4     0    21     0    18    13   131    97   365]
 [  550    83    17   218    18   199   854  1520    32 16522]]

