Title: Fully Connected - Words: 3000, Batch: 256, Epochs: 9, Outputs: 512

Results of Training Set

--------------------
Accuracy: 0.9245334075551638, F1 Score: 0.8720202502449826, Precision: 0.9527045621116867, Recall: 0.8147161687220095

              precision    recall  f1-score   support

           0       0.95      0.87      0.91      8263
           1       0.97      0.76      0.85      3968
           2       0.98      0.72      0.83      1050
           3       0.99      0.96      0.98     14541
           4       0.99      0.63      0.77      1763
           5       0.89      0.78      0.83      4392
           6       0.98      0.93      0.95     11089
           7       0.91      0.88      0.90     22288
           8       0.97      0.63      0.76      1971
           9       0.90      0.98      0.94     60017

   micro avg       0.92      0.92      0.92    129342
   macro avg       0.95      0.81      0.87    129342
weighted avg       0.93      0.92      0.92    129342
 samples avg       0.92      0.92      0.92    129342


[[ 7196     2     0     1     1    64     6   184     3   806]
 [    8  2996     1    12     0    13    21   200     0   717]
 [   12     1   759     2     0     6     9    59     0   202]
 [   11    15     0 13986     1    15    11   194     5   303]
 [    6     9     0     6  1119     4    10    63     0   546]
 [   83     6     3     8     1  3442     8   242     8   591]
 [    2    10     1     9     0     1 10317   145     1   603]
 [   97    34     5    56     2   114    76 19648     8  2248]
 [   12     5     0    10     0    49     9   170  1232   484]
 [  166    25     4    46     3   158    99   616    14 58886]]

Results of Validation Set

--------------------
Accuracy: 0.6321844412487823, F1 Score: 0.4060770464045348, Precision: 0.5655061267857688, Recall: 0.36628375226708026

              precision    recall  f1-score   support

           0       0.55      0.35      0.43      2797
           1       0.47      0.15      0.23      1370
           2       0.52      0.09      0.16       371
           3       0.83      0.80      0.82      4733
           4       0.36      0.03      0.05       600
           5       0.54      0.32      0.40      1417
           6       0.64      0.54      0.59      3795
           7       0.52      0.43      0.47      7454
           8       0.58      0.12      0.20       665
           9       0.63      0.83      0.72     19912

   micro avg       0.63      0.63      0.63     43114
   macro avg       0.57      0.37      0.41     43114
weighted avg       0.62      0.63      0.61     43114
 samples avg       0.63      0.63      0.63     43114


[[  978     4     1     8     2    67    16   243     0  1478]
 [    5   206     2    88     3     2    62   238     3   761]
 [   22     4    34     4     0     8    15    42     1   241]
 [   19    30     1  3787     0    12    58   313     4   509]
 [    7     4     3     6    17     2    11    48     0   502]
 [   76     3     1    23     2   459    17   218    14   604]
 [    9    25     1    88     0     3  2065   109     2  1493]
 [  156    67     7   279     7    97   127  3199    11  3504]
 [   15     2     1    27     0    24    10   127    80   379]
 [  496    95    14   247    16   180   823  1588    22 16431]]

Results of Test Set

--------------------
Accuracy: 0.6327179106554716, F1 Score: 0.40741835691818495, Precision: 0.5561818540440588, Recall: 0.367799810387632

              precision    recall  f1-score   support

           0       0.54      0.36      0.43      2795
           1       0.42      0.13      0.20      1321
           2       0.53      0.12      0.19       355
           3       0.83      0.81      0.82      4700
           4       0.36      0.03      0.05       585
           5       0.52      0.30      0.38      1504
           6       0.64      0.54      0.59      3669
           7       0.52      0.43      0.47      7506
           8       0.56      0.14      0.22       666
           9       0.64      0.82      0.72     20013

   micro avg       0.63      0.63      0.63     43114
   macro avg       0.56      0.37      0.41     43114
weighted avg       0.62      0.63      0.61     43114
 samples avg       0.63      0.63      0.63     43114


[[ 1002     3     3    14     2    81    17   233     2  1438]
 [   13   175     0    73     1     9    56   236     2   756]
 [   23     3    42     2     1     7    15    52     0   210]
 [   13    29     2  3808     1     4    37   335     3   468]
 [   10     3     1     9    16     3    11    47     0   485]
 [   92    14     1    21     1   453    11   207    14   690]
 [    6    25     3    72     1     5  1990   122     3  1442]
 [  164    69     7   306    10    99   121  3218    18  3494]
 [    9     1     0    20     0    19     8   134    90   385]
 [  510    97    20   257    12   191   854  1559    28 16485]]

