Title: Fully Connected - Words: 3000, Batch: 1024, Epochs: 9, Outputs: 512

Results of Training Set

--------------------
Accuracy: 0.846229376381995, F1 Score: 0.6837266513859563, Precision: 0.9173956605062207, Recall: 0.6025840690786646

              precision    recall  f1-score   support

           0       0.90      0.74      0.81      8263
           1       0.95      0.38      0.54      3968
           2       0.97      0.36      0.52      1050
           3       0.96      0.92      0.94     14541
           4       0.99      0.22      0.36      1763
           5       0.86      0.56      0.68      4392
           6       0.95      0.85      0.90     11089
           7       0.83      0.77      0.80     22288
           8       0.95      0.25      0.40      1971
           9       0.80      0.97      0.88     60017

   micro avg       0.85      0.85      0.85    129342
   macro avg       0.92      0.60      0.68    129342
weighted avg       0.86      0.85      0.84    129342
 samples avg       0.85      0.85      0.85    129342


[[ 6108     1     1     3     2    54     4   274     1  1815]
 [   21  1510     0    78     0    17   108   445     1  1788]
 [   26     0   378     4     1     6    18   110     0   507]
 [   20    13     0 13387     0    12    25   357     2   725]
 [    9    10     0    14   390    10    12   112     0  1206]
 [  128     4     2    25     0  2479    22   477     6  1249]
 [    6    14     2    54     0     2  9407   203     1  1400]
 [  174    16     6   172     0   101   102 17221     7  4489]
 [   31     3     0    52     0    39    22   291   495  1038]
 [  295    11     1   122     0   157   201  1145     7 58078]]

Results of Validation Set

--------------------
Accuracy: 0.6333441573502806, F1 Score: 0.38667885089332726, Precision: 0.6225786532728377, Recall: 0.3484878771162003

              precision    recall  f1-score   support

           0       0.55      0.35      0.43      2797
           1       0.49      0.09      0.15      1370
           2       0.70      0.08      0.15       371
           3       0.84      0.80      0.82      4733
           4       0.62      0.02      0.03       600
           5       0.58      0.28      0.38      1417
           6       0.68      0.52      0.59      3795
           7       0.52      0.42      0.47      7454
           8       0.60      0.07      0.13       665
           9       0.63      0.84      0.72     19912

   micro avg       0.63      0.63      0.63     43114
   macro avg       0.62      0.35      0.39     43114
weighted avg       0.63      0.63      0.60     43114
 samples avg       0.63      0.63      0.63     43114


[[  992     1     1     7     0    50     9   220     1  1516]
 [    5   117     2    89     0     2    60   235     1   859]
 [   19     1    31     4     0     2    14    46     0   254]
 [   17    13     0  3768     0     9    45   331     6   544]
 [    9     0     0     5    10     2     6    46     0   522]
 [   76     1     1    20     1   403    11   236     4   664]
 [   10    13     0    90     2     3  1988   120     1  1568]
 [  172    44     2   277     0    79    97  3154    11  3618]
 [   12     0     0    27     0    16     3   145    49   413]
 [  498    47     7   215     3   126   679  1535     8 16794]]

Results of Test Set

--------------------
Accuracy: 0.6356403952312474, F1 Score: 0.3874195720089827, Precision: 0.5938843361024998, Recall: 0.34902607463261126

              precision    recall  f1-score   support

           0       0.54      0.35      0.43      2795
           1       0.43      0.07      0.12      1321
           2       0.62      0.10      0.17       355
           3       0.85      0.80      0.82      4700
           4       0.50      0.02      0.04       585
           5       0.56      0.26      0.36      1504
           6       0.68      0.53      0.59      3669
           7       0.53      0.42      0.47      7506
           8       0.60      0.09      0.15       666
           9       0.63      0.85      0.72     20013

   micro avg       0.64      0.64      0.64     43114
   macro avg       0.59      0.35      0.39     43114
weighted avg       0.62      0.64      0.61     43114
 samples avg       0.64      0.64      0.64     43114


[[  986     1     1     6     1    63    19   220     3  1495]
 [   11    96     1    63     1     5    47   240     0   857]
 [   21     3    35     2     1     7    12    48     0   226]
 [   23    12     1  3772     0     5    34   338     4   511]
 [    5     1     1     8    11     2     9    48     0   500]
 [   88     9     1    25     1   393    12   225    10   740]
 [    6     8     2    71     0     3  1928   130     1  1520]
 [  185    44     3   281     4    76    81  3187     8  3637]
 [   13     2     0    25     0    14     7   129    58   418]
 [  502    46    11   206     3   136   698  1460    12 16939]]

