Title: Fully Connected - Words: 1000, Batch: 32, Epochs: 3, Outputs: 10

Results of Training Set

--------------------
Accuracy: 0.5866771814259869, F1 Score: 0.22027210769086766, Precision: 0.2807564278580906, Recall: 0.2183868168337097

              precision    recall  f1-score   support

           0       0.00      0.00      0.00      8263
           1       0.00      0.00      0.00      3968
           2       0.00      0.00      0.00      1050
           3       0.87      0.74      0.80     14541
           4       0.00      0.00      0.00      1763
           5       0.00      0.00      0.00      4392
           6       0.80      0.32      0.46     11089
           7       0.59      0.16      0.25     22288
           8       0.00      0.00      0.00      1971
           9       0.54      0.97      0.70     60017

   micro avg       0.59      0.59      0.59    129342
   macro avg       0.28      0.22      0.22    129342
weighted avg       0.52      0.59      0.50    129342
 samples avg       0.59      0.59      0.59    129342


[[    0     0     0     5     0     0     1    34     0  8223]
 [    0     0     0   170     0     0    47   253     0  3498]
 [    0     0     0     4     0     0    10    24     0  1012]
 [    0     0     0 10722     0     0    32   893     0  2894]
 [    0     0     0     9     0     0     4    22     0  1728]
 [    0     0     0    39     0     0     6   139     0  4208]
 [    0     0     0   207     0     0  3557    84     0  7241]
 [    0     0     0   687     0     0    68  3521     0 18012]
 [    0     0     0    55     0     0     6   162     0  1748]
 [    0     0     0   415     0     0   727   793     0 58082]]

Results of Validation Set

--------------------
Accuracy: 0.5780025049867792, F1 Score: 0.21527936919745438, Precision: 0.27447725981352145, Recall: 0.21446881691471495

              precision    recall  f1-score   support

           0       0.00      0.00      0.00      2797
           1       0.00      0.00      0.00      1370
           2       0.00      0.00      0.00       371
           3       0.86      0.72      0.79      4733
           4       0.00      0.00      0.00       600
           5       0.00      0.00      0.00      1417
           6       0.77      0.31      0.44      3795
           7       0.57      0.15      0.24      7454
           8       0.00      0.00      0.00       665
           9       0.54      0.97      0.69     19912

   micro avg       0.58      0.58      0.58     43114
   macro avg       0.27      0.21      0.22     43114
weighted avg       0.51      0.58      0.49     43114
 samples avg       0.58      0.58      0.58     43114


[[    0     0     0     4     0     0     2    14     0  2777]
 [    0     0     0    70     0     0    21    87     0  1192]
 [    0     0     0     0     0     0     2     5     0   364]
 [    0     0     0  3426     0     0    19   290     0   998]
 [    0     0     0     2     0     0     0    11     0   587]
 [    0     0     0    11     0     0     2    56     0  1348]
 [    0     0     0    75     0     0  1163    30     0  2527]
 [    0     0     0   229     0     0    26  1112     0  6087]
 [    0     0     0    16     0     0     2    60     0   587]
 [    0     0     0   154     0     0   269   270     0 19219]]

Results of Test Set

--------------------
Accuracy: 0.578164865240989, F1 Score: 0.21434227269324652, Precision: 0.27327105459563095, Recall: 0.21411857909718207

              precision    recall  f1-score   support

           0       0.00      0.00      0.00      2795
           1       0.00      0.00      0.00      1321
           2       0.00      0.00      0.00       355
           3       0.86      0.73      0.79      4700
           4       0.00      0.00      0.00       585
           5       0.00      0.00      0.00      1504
           6       0.77      0.30      0.44      3669
           7       0.56      0.14      0.22      7506
           8       0.00      0.00      0.00       666
           9       0.54      0.97      0.69     20013

   micro avg       0.58      0.58      0.58     43114
   macro avg       0.27      0.21      0.21     43114
weighted avg       0.51      0.58      0.48     43114
 samples avg       0.58      0.58      0.58     43114


[[    0     0     0     1     0     0     1    12     0  2781]
 [    0     0     0    49     0     0    17    92     0  1163]
 [    0     0     0     2     0     0     4     7     0   342]
 [    0     0     0  3437     0     0    16   292     0   955]
 [    0     0     0     3     0     0     3    12     0   567]
 [    0     0     0    13     0     0     5    51     0  1435]
 [    0     0     0    67     0     0  1118    27     0  2457]
 [    0     0     0   248     0     0    20  1048     0  6190]
 [    0     0     0    16     0     0     4    50     0   596]
 [    0     0     0   154     0     0   269   266     0 19324]]

