Title: Fully Connected - Words: 3000, Batch: 128, Epochs: 10, Outputs: 512

Results of Training Set

--------------------
Accuracy: 0.952374325431801, F1 Score: 0.9242393385330576, Precision: 0.9648626547628956, Recall: 0.8899327486095391

              precision    recall  f1-score   support

           0       0.96      0.92      0.94      8263
           1       0.97      0.87      0.92      3968
           2       0.98      0.83      0.90      1050
           3       0.99      0.98      0.98     14541
           4       0.99      0.82      0.90      1763
           5       0.91      0.85      0.88      4392
           6       0.99      0.95      0.97     11089
           7       0.94      0.93      0.94     22288
           8       0.97      0.76      0.85      1971
           9       0.94      0.98      0.96     60017

   micro avg       0.95      0.95      0.95    129342
   macro avg       0.96      0.89      0.92    129342
weighted avg       0.95      0.95      0.95    129342
 samples avg       0.95      0.95      0.95    129342


[[ 7588     1     1     0     0    53     3   111     2   504]
 [    3  3454     0    12     2    14     5   130     0   348]
 [    7     2   871     0     0     7     4    40     0   119]
 [    4    18     1 14187     0    13    14   108     3   193]
 [    3     7     0     3  1449     2     4    31     0   264]
 [   65     8     2     7     0  3743     2   156    13   396]
 [    8    10     0    15     0     4 10552   103     0   397]
 [   67    22     8    39     0    96    16 20739    18  1283]
 [   12     1     0     6     0    29     5   106  1507   305]
 [  150    35     5    48     9   142    38   485    13 59092]]

Results of Validation Set

--------------------
Accuracy: 0.6300969522660853, F1 Score: 0.40669863234690495, Precision: 0.5562641337248638, Recall: 0.3657303907042966

              precision    recall  f1-score   support

           0       0.53      0.37      0.43      2797
           1       0.48      0.15      0.23      1370
           2       0.46      0.10      0.16       371
           3       0.83      0.79      0.81      4733
           4       0.37      0.04      0.07       600
           5       0.52      0.33      0.40      1417
           6       0.68      0.51      0.58      3795
           7       0.51      0.43      0.47      7454
           8       0.54      0.12      0.19       665
           9       0.63      0.82      0.72     19912

   micro avg       0.63      0.63      0.63     43114
   macro avg       0.56      0.37      0.41     43114
weighted avg       0.62      0.63      0.61     43114
 samples avg       0.63      0.63      0.63     43114


[[ 1024     7     1     8     2    58    11   255     1  1430]
 [    5   211     0    85     5     5    51   232     3   773]
 [   30     2    36     1     0     4    11    39     1   247]
 [   14    25     0  3757     4    11    41   373     3   505]
 [    6     7     0     6    22     4     9    52     0   494]
 [   89     2     3    16     2   466     6   213    16   604]
 [   10    25     2    82     1     4  1920   129     3  1619]
 [  192    61    11   295     6   118    99  3242    15  3415]
 [   13     2     2    23     0    27    11   143    77   367]
 [  535    99    23   252    17   194   660  1697    24 16411]]

Results of Test Set

--------------------
Accuracy: 0.6297722317576657, F1 Score: 0.406207481016446, Precision: 0.5418860044613021, Recall: 0.3659436546950469

              precision    recall  f1-score   support

           0       0.52      0.37      0.43      2795
           1       0.43      0.13      0.20      1321
           2       0.45      0.11      0.17       355
           3       0.83      0.81      0.82      4700
           4       0.31      0.04      0.07       585
           5       0.52      0.30      0.38      1504
           6       0.67      0.51      0.58      3669
           7       0.51      0.43      0.46      7506
           8       0.53      0.14      0.22       666
           9       0.64      0.82      0.72     20013

   micro avg       0.63      0.63      0.63     43114
   macro avg       0.54      0.37      0.41     43114
weighted avg       0.61      0.63      0.61     43114
 samples avg       0.63      0.63      0.63     43114


[[ 1039     5     3     8     0    76    13   255     3  1393]
 [   15   177     0    67     0     7    45   247     2   761]
 [   33     3    38     5     1     7    13    50     0   205]
 [   19    16     3  3794     0     9    31   330     7   491]
 [    6     1     2     9    22     3    10    49     0   483]
 [   84    10     2    25     4   458    15   231    13   662]
 [    7    21     2    81     1     3  1871   137     4  1542]
 [  211    66    15   302    12   113    96  3222    13  3456]
 [    7     4     0    20     1    17    10   144    91   372]
 [  574   107    19   243    29   191   678  1694    38 16440]]

