Title: Fully Connected - Words: 3000, Batch: 256, Epochs: 10, Outputs: 512

Results of Training Set

--------------------
Accuracy: 0.9419600748403457, F1 Score: 0.8970572345929426, Precision: 0.9608204582394864, Recall: 0.8490268736099775

              precision    recall  f1-score   support

           0       0.95      0.92      0.93      8263
           1       0.98      0.79      0.87      3968
           2       0.98      0.75      0.85      1050
           3       0.99      0.97      0.98     14541
           4       1.00      0.71      0.83      1763
           5       0.90      0.83      0.86      4392
           6       0.99      0.94      0.97     11089
           7       0.93      0.92      0.93     22288
           8       0.97      0.68      0.80      1971
           9       0.92      0.98      0.95     60017

   micro avg       0.94      0.94      0.94    129342
   macro avg       0.96      0.85      0.90    129342
weighted avg       0.94      0.94      0.94    129342
 samples avg       0.94      0.94      0.94    129342


[[ 7562     2     2     0     0    63     3   111     1   519]
 [   10  3136     1    15     0    11     8   179     1   607]
 [   11     2   790     0     0     9     9    52     0   177]
 [   10    11     0 14111     0     9     6   138     4   252]
 [    2     6     0     5  1244     3     2    46     1   454]
 [   74     2     2     7     1  3649     0   213    15   429]
 [    5    11     0    12     0     5 10435   107     0   514]
 [   94    16     8    41     0    97    30 20559    10  1433]
 [   26     2     0    10     0    39     2   146  1338   408]
 [  201    23     4    34     4   160    39   533     8 59011]]

Results of Validation Set

--------------------
Accuracy: 0.6307463932829244, F1 Score: 0.40908890307648615, Precision: 0.562866290597866, Recall: 0.36999351812296644

              precision    recall  f1-score   support

           0       0.53      0.40      0.46      2797
           1       0.48      0.15      0.22      1370
           2       0.57      0.10      0.17       371
           3       0.83      0.80      0.81      4733
           4       0.37      0.03      0.06       600
           5       0.51      0.34      0.41      1417
           6       0.67      0.51      0.58      3795
           7       0.51      0.44      0.47      7454
           8       0.52      0.12      0.19       665
           9       0.64      0.82      0.72     19912

   micro avg       0.63      0.63      0.63     43114
   macro avg       0.56      0.37      0.41     43114
weighted avg       0.62      0.63      0.61     43114
 samples avg       0.63      0.63      0.63     43114


[[ 1126     5     3     8     0    83     7   226     2  1337]
 [    8   199     1    98     2     7    50   263     3   739]
 [   19     3    38     4     1     3     9    46     0   248]
 [   14    31     0  3785     0    11    50   337     8   497]
 [    2     2     0     5    20     2     9    51     0   509]
 [   90     4     2    20     0   477    10   234    14   566]
 [   15    22     1    85     4     8  1938   156     2  1564]
 [  209    50     9   292     4   127   106  3247    16  3394]
 [    9     1     1    27     0    23     7   131    77   389]
 [  631    98    12   248    23   194   691  1703    25 16287]]

Results of Test Set

--------------------
Accuracy: 0.6306304216727745, F1 Score: 0.40654903448139823, Precision: 0.5509685719349349, Recall: 0.368811406667756

              precision    recall  f1-score   support

           0       0.51      0.38      0.44      2795
           1       0.43      0.12      0.19      1321
           2       0.49      0.10      0.17       355
           3       0.83      0.81      0.82      4700
           4       0.38      0.03      0.06       585
           5       0.51      0.32      0.39      1504
           6       0.67      0.53      0.59      3669
           7       0.50      0.44      0.47      7506
           8       0.54      0.14      0.22       666
           9       0.64      0.81      0.72     20013

   micro avg       0.63      0.63      0.63     43114
   macro avg       0.55      0.37      0.41     43114
weighted avg       0.61      0.63      0.61     43114
 samples avg       0.63      0.63      0.63     43114


[[ 1076     3     4     9     0    87    10   254     2  1350]
 [   17   162     0    76     1     7    46   265     1   746]
 [   30     2    37     6     0     6    11    41     0   222]
 [   18    22     1  3812     2     7    32   345     6   455]
 [   11     3     0     8    18     6     7    59     0   473]
 [   89     9     1    21     3   477     9   234    17   644]
 [    8    16     2    78     2     2  1928   154     5  1474]
 [  222    63    10   310     6   125   100  3285    18  3367]
 [   19     7     0    22     0    20     9   133    93   363]
 [  639    86    20   243    15   201   742  1736    30 16301]]

