Title: Fully Connected - Words: 3000, Batch: 1024, Epochs: 10, Outputs: 512

Results of Training Set

--------------------
Accuracy: 0.8704906372253406, F1 Score: 0.7455297123776063, Precision: 0.9262865759663695, Recall: 0.6632012918863872

              precision    recall  f1-score   support

           0       0.89      0.78      0.84      8263
           1       0.97      0.47      0.63      3968
           2       0.96      0.45      0.61      1050
           3       0.97      0.93      0.95     14541
           4       0.99      0.34      0.51      1763
           5       0.87      0.63      0.73      4392
           6       0.96      0.88      0.91     11089
           7       0.88      0.79      0.84     22288
           8       0.94      0.38      0.54      1971
           9       0.83      0.98      0.90     60017

   micro avg       0.87      0.87      0.87    129342
   macro avg       0.93      0.66      0.75    129342
weighted avg       0.88      0.87      0.86    129342
 samples avg       0.87      0.87      0.87    129342


[[ 6473     2     1     2     0    72    11   221     3  1478]
 [   28  1846     1    54     1    19    87   369     1  1562]
 [   28     2   470     2     1     8    27    90     0   422]
 [   21     6     0 13547     0    12    17   252     7   679]
 [    7    11     0    13   604     3    21    64     0  1040]
 [  136     2     2    24     0  2784    12   357    10  1065]
 [   11     7     1    38     1     0  9710   156     1  1164]
 [  206    20    10   124     1   127   119 17689    13  3979]
 [   29     1     0    42     0    39    16   218   749   877]
 [  297     6     5   103     1   152   145   579    10 58719]]

Results of Validation Set

--------------------
Accuracy: 0.6339704040450898, F1 Score: 0.39229508807877483, Precision: 0.5867812574744162, Recall: 0.3539709140976284

              precision    recall  f1-score   support

           0       0.52      0.37      0.43      2797
           1       0.51      0.09      0.16      1370
           2       0.61      0.10      0.17       371
           3       0.84      0.80      0.82      4733
           4       0.45      0.02      0.04       600
           5       0.56      0.30      0.39      1417
           6       0.66      0.52      0.58      3795
           7       0.54      0.39      0.46      7454
           8       0.55      0.09      0.15       665
           9       0.63      0.85      0.72     19912

   micro avg       0.63      0.63      0.63     43114
   macro avg       0.59      0.35      0.39     43114
weighted avg       0.62      0.63      0.60     43114
 samples avg       0.63      0.63      0.63     43114


[[ 1032     1     2     6     0    53    13   194     1  1495]
 [   12   126     0    94     0     4    75   236     2   821]
 [   24     2    36     3     1     4    11    37     1   252]
 [   15    17     0  3807     1    10    47   288     6   542]
 [   10     2     1     3    13     3     8    33     0   527]
 [   91     1     4    17     1   429     8   221     3   642]
 [   14    12     1    86     2     3  1980    90     2  1605]
 [  216    33     7   268     2    97   117  2943    19  3752]
 [   11     1     0    30     0    17    11   119    58   418]
 [  552    51     8   226     9   147   724  1272    14 16909]]

Results of Test Set

--------------------
Accuracy: 0.6346430393839588, F1 Score: 0.39348131572184314, Precision: 0.569091829103504, Recall: 0.35538805579695787

              precision    recall  f1-score   support

           0       0.51      0.37      0.43      2795
           1       0.44      0.08      0.13      1321
           2       0.58      0.11      0.18       355
           3       0.83      0.81      0.82      4700
           4       0.32      0.02      0.03       585
           5       0.56      0.29      0.38      1504
           6       0.66      0.52      0.58      3669
           7       0.55      0.40      0.46      7506
           8       0.60      0.11      0.18       666
           9       0.63      0.85      0.72     20013

   micro avg       0.63      0.63      0.63     43114
   macro avg       0.57      0.36      0.39     43114
weighted avg       0.62      0.63      0.60     43114
 samples avg       0.63      0.63      0.63     43114


[[ 1045     2     2     8     0    68    15   179     2  1474]
 [   16   103     1    79     0     3    56   217     3   843]
 [   25     1    39     4     2     6    11    40     0   227]
 [   24    12     1  3799     1     4    40   319     6   494]
 [    6     2     0     8    10     2     8    34     0   515]
 [  102     5     1    22     1   435    12   196     8   722]
 [    9     6     1    74     0     1  1921   108     1  1548]
 [  214    44     7   305     5    91    92  2998    12  3738]
 [   16     3     0    21     0    16     8   118    72   412]
 [  599    54    15   250    12   149   741  1237    16 16940]]

