Title: Fully Connected - Words: 4000, Batch: 128, Epochs: 3, Outputs: 512

Results of Training Set

--------------------
Accuracy: 0.7446769030941226, F1 Score: 0.531820854648005, Precision: 0.8687376531323828, Recall: 0.4576188109350604

              precision    recall  f1-score   support

           0       0.84      0.49      0.62      8263
           1       0.92      0.20      0.32      3968
           2       0.90      0.27      0.42      1050
           3       0.93      0.87      0.90     14541
           4       1.00      0.06      0.12      1763
           5       0.82      0.42      0.55      4392
           6       0.93      0.67      0.78     11089
           7       0.71      0.55      0.62     22288
           8       0.95      0.11      0.19      1971
           9       0.69      0.95      0.80     60017

   micro avg       0.74      0.74      0.74    129342
   macro avg       0.87      0.46      0.53    129342
weighted avg       0.77      0.74      0.72    129342
 samples avg       0.74      0.74      0.74    129342


[[ 4034     0     2     5     0    68     6   371     0  3777]
 [    9   776     0   119     0    10    50   548     0  2456]
 [   15     1   284     3     0     4    12   108     0   623]
 [   15    17     0 12681     0     9    21   682     0  1116]
 [    5     6     1    13   114     3    10    93     0  1518]
 [  120     1     1    27     0  1838     4   540     3  1858]
 [    1    11     3   126     0     4  7381   241     1  3321]
 [  153    15    13   399     0   126    90 12210     3  9279]
 [   24     3     0    53     0    20     9   336   211  1315]
 [  425    17    10   198     0   171   343  2059     5 56789]]

Results of Validation Set

--------------------
Accuracy: 0.6321612469267524, F1 Score: 0.3653921612237877, Precision: 0.6660958742849965, Recall: 0.3253356889419689

              precision    recall  f1-score   support

           0       0.60      0.29      0.39      2797
           1       0.53      0.06      0.10      1370
           2       0.64      0.10      0.18       371
           3       0.85      0.79      0.82      4733
           4       0.67      0.00      0.01       600
           5       0.61      0.24      0.35      1417
           6       0.76      0.46      0.57      3795
           7       0.53      0.39      0.45      7454
           8       0.86      0.04      0.07       665
           9       0.61      0.88      0.72     19912

   micro avg       0.63      0.63      0.63     43114
   macro avg       0.67      0.33      0.37     43114
weighted avg       0.64      0.63      0.59     43114
 samples avg       0.63      0.63      0.63     43114


[[  803     0     3     5     0    34     7   181     0  1764]
 [    1    76     1    89     1     1    30   244     1   926]
 [   12     1    38     2     0     1     9    38     0   270]
 [    9     7     0  3755     0     5    28   335     0   594]
 [    4     1     0     3     2     0     4    45     0   541]
 [   55     0     0    13     0   344     4   223     0   778]
 [    6     8     3    81     0     1  1731    94     1  1870]
 [  108    27     6   271     0    61    59  2938     1  3983]
 [    5     0     0    23     0    11     2   143    25   456]
 [  339    23     8   197     0   104   409  1288     1 17543]]

Results of Test Set

--------------------
Accuracy: 0.6314422229438234, F1 Score: 0.36402980620750325, Precision: 0.6452636162714707, Recall: 0.32373623695164433

              precision    recall  f1-score   support

           0       0.59      0.28      0.38      2795
           1       0.52      0.04      0.08      1321
           2       0.57      0.10      0.17       355
           3       0.85      0.80      0.82      4700
           4       0.60      0.01      0.01       585
           5       0.58      0.22      0.32      1504
           6       0.75      0.46      0.57      3669
           7       0.53      0.39      0.45      7506
           8       0.85      0.07      0.12       666
           9       0.61      0.88      0.72     20013

   micro avg       0.63      0.63      0.63     43114
   macro avg       0.65      0.32      0.36     43114
weighted avg       0.63      0.63      0.59     43114
 samples avg       0.63      0.63      0.63     43114


[[  794     1     4     5     0    45     7   186     0  1753]
 [    6    57     0    69     0     1    34   233     0   921]
 [   15     0    35     3     0     7     8    46     0   241]
 [   11     6     1  3748     0     0    15   358     0   561]
 [    4     2     1     6     3     2     4    35     0   528]
 [   67     2     1    18     0   329     8   208     2   869]
 [    1     7     0    70     0     1  1676   113     1  1800]
 [  107    18     2   278     1    68    47  2896     2  4087]
 [   10     3     0    22     0    11     3   128    44   445]
 [  334    13    17   192     1   100   440  1271     3 17642]]

