Title: Fully Connected - Words: 4000, Batch: 256, Epochs: 3, Outputs: 512

Results of Training Set

--------------------
Accuracy: 0.7266858406395448, F1 Score: 0.49693413340848364, Precision: 0.8434605960279595, Recall: 0.43423262961889286

              precision    recall  f1-score   support

           0       0.77      0.52      0.62      8263
           1       0.86      0.14      0.24      3968
           2       0.94      0.18      0.30      1050
           3       0.91      0.87      0.89     14541
           4       0.96      0.04      0.08      1763
           5       0.77      0.42      0.54      4392
           6       0.88      0.67      0.76     11089
           7       0.73      0.45      0.56     22288
           8       0.94      0.11      0.20      1971
           9       0.67      0.94      0.79     60017

   micro avg       0.73      0.73      0.73    129342
   macro avg       0.84      0.43      0.50    129342
weighted avg       0.75      0.73      0.70    129342
 samples avg       0.73      0.73      0.73    129342


[[ 4319     1     1     6     0    84     4   234     0  3614]
 [   17   542     0   138     0    15    84   442     0  2730]
 [   45     0   184     6     0     6    24    81     1   703]
 [   33    16     0 12704     1    12    30   565     1  1179]
 [   12     4     0    21    72     3    11    72     0  1568]
 [  164     1     0    43     0  1834    16   384     2  1948]
 [    3    10     1   141     0     3  7429   189     0  3313]
 [  326    33     6   532     0   175   147 10017     7 11045]
 [   40     1     0    54     0    32    12   249   221  1362]
 [  667    22     3   294     2   219   685  1452     4 56669]]

Results of Validation Set

--------------------
Accuracy: 0.6308159762490142, F1 Score: 0.36612574261968145, Precision: 0.6051141982270904, Recall: 0.3301303866998631

              precision    recall  f1-score   support

           0       0.55      0.34      0.42      2797
           1       0.52      0.05      0.10      1370
           2       0.74      0.08      0.14       371
           3       0.83      0.80      0.81      4733
           4       0.25      0.00      0.00       600
           5       0.58      0.26      0.36      1417
           6       0.73      0.50      0.59      3795
           7       0.56      0.32      0.41      7454
           8       0.69      0.06      0.10       665
           9       0.61      0.88      0.72     19912

   micro avg       0.63      0.63      0.63     43114
   macro avg       0.61      0.33      0.37     43114
weighted avg       0.62      0.63      0.59     43114
 samples avg       0.63      0.63      0.63     43114


[[  957     1     1     4     0    39     8   120     0  1667]
 [    5    72     0    89     0     2    38   193     1   970]
 [   18     0    28     4     0     0     7    23     0   291]
 [   13    14     0  3799     1     5    38   289     2   572]
 [    6     0     0     4     1     1     4    30     0   554]
 [   78     0     2    23     0   371     8   155     3   777]
 [    7     7     1    89     0     1  1897    85     1  1707]
 [  165    25     3   319     0    85    68  2422     6  4361]
 [    6     0     0    26     0    15     7   108    37   466]
 [  475    19     3   237     2   116   539   904     4 17613]]

Results of Test Set

--------------------
Accuracy: 0.6323236071809621, F1 Score: 0.36034559692365453, Precision: 0.6080564792218164, Recall: 0.32617271899630607

              precision    recall  f1-score   support

           0       0.55      0.34      0.42      2795
           1       0.46      0.04      0.07      1321
           2       0.65      0.06      0.11       355
           3       0.83      0.81      0.82      4700
           4       0.33      0.00      0.00       585
           5       0.56      0.23      0.33      1504
           6       0.71      0.50      0.59      3669
           7       0.57      0.33      0.42      7506
           8       0.80      0.07      0.12       666
           9       0.61      0.89      0.72     20013

   micro avg       0.63      0.63      0.63     43114
   macro avg       0.61      0.33      0.36     43114
weighted avg       0.63      0.63      0.59     43114
 samples avg       0.63      0.63      0.63     43114


[[  941     0     1     4     0    49     6   114     0  1680]
 [   13    50     0    71     0     3    38   186     0   960]
 [   17     1    22     3     0     4    10    37     0   261]
 [   16    18     1  3797     0     0    25   301     1   541]
 [    3     0     0     8     1     1     5    23     0   544]
 [   92     2     1    21     0   350    12   151     4   871]
 [    3     2     0    72     0     1  1842    81     0  1668]
 [  157    21     4   319     0    88    70  2459     3  4385]
 [    9     2     0    21     0    11     5    99    44   475]
 [  448    12     5   233     2   118   594   842     3 17756]]

