Title: Fully Connected - Words: 4000, Batch: 1024, Epochs: 3, Outputs: 512

Results of Training Set

--------------------
Accuracy: 0.6901857092050533, F1 Score: 0.41173605876341546, Precision: 0.8154627359017829, Recall: 0.3693123047847824

              precision    recall  f1-score   support

           0       0.70      0.42      0.52      8263
           1       0.88      0.03      0.06      3968
           2       0.88      0.08      0.14      1050
           3       0.90      0.83      0.86     14541
           4       1.00      0.00      0.01      1763
           5       0.71      0.30      0.42      4392
           6       0.83      0.60      0.70     11089
           7       0.65      0.45      0.53     22288
           8       0.96      0.05      0.10      1971
           9       0.65      0.92      0.76     60017

   micro avg       0.69      0.69      0.69    129342
   macro avg       0.82      0.37      0.41    129342
weighted avg       0.72      0.69      0.65    129342
 samples avg       0.69      0.69      0.69    129342


[[ 3437     0     0     5     0    91    11   361     0  4358]
 [   19   130     0   193     0    11   103   630     0  2882]
 [   53     0    82     6     0     7    27    77     0   798]
 [   37     7     0 12050     0    12    49   902     0  1484]
 [   12     0     0    18     8     5    13    82     0  1625]
 [  185     0     0    49     0  1331    17   475     0  2335]
 [    7     2     1   173     0     1  6700   266     0  3939]
 [  319     5     7   520     0   164   178 10013     3 11079]
 [   36     0     0    59     0    24    20   334   105  1393]
 [  837     4     3   315     0   238   970  2235     1 55414]]

Results of Validation Set

--------------------
Accuracy: 0.6268961358259498, F1 Score: 0.34303236860016567, Precision: 0.6136032185216118, Recall: 0.31354524510738974

              precision    recall  f1-score   support

           0       0.55      0.31      0.40      2797
           1       0.51      0.01      0.03      1370
           2       0.78      0.05      0.09       371
           3       0.85      0.78      0.81      4733
           4       0.00      0.00      0.00       600
           5       0.58      0.23      0.32      1417
           6       0.72      0.49      0.59      3795
           7       0.54      0.36      0.43      7454
           8       1.00      0.02      0.04       665
           9       0.61      0.88      0.72     19912

   micro avg       0.63      0.63      0.63     43114
   macro avg       0.61      0.31      0.34     43114
weighted avg       0.62      0.63      0.59     43114
 samples avg       0.63      0.63      0.63     43114


[[  874     0     0     5     0    36     6   144     0  1732]
 [    3    19     0    98     0     3    38   228     0   981]
 [   20     0    18     2     0     1     8    30     0   292]
 [   12    11     0  3683     0     3    39   361     0   624]
 [    6     0     0     3     0     1     5    33     0   552]
 [   74     0     0    13     0   319     7   177     0   827]
 [    9     0     0    80     0     1  1876   106     0  1723]
 [  146     6     3   257     0    74    65  2695     0  4208]
 [    9     0     0    24     0    14     5   133    14   466]
 [  429     1     2   175     0   101   558  1116     0 17530]]

Results of Test Set

--------------------
Accuracy: 0.6284269610799277, F1 Score: 0.34276175887647786, Precision: 0.6044880587504919, Recall: 0.31238506048248016

              precision    recall  f1-score   support

           0       0.55      0.30      0.39      2795
           1       0.47      0.01      0.02      1321
           2       0.79      0.04      0.08       355
           3       0.85      0.78      0.81      4700
           4       0.00      0.00      0.00       585
           5       0.56      0.20      0.30      1504
           6       0.70      0.49      0.58      3669
           7       0.55      0.36      0.44      7506
           8       0.97      0.05      0.09       666
           9       0.61      0.88      0.72     20013

   micro avg       0.63      0.63      0.63     43114
   macro avg       0.60      0.31      0.34     43114
weighted avg       0.62      0.63      0.59     43114
 samples avg       0.63      0.63      0.63     43114


[[  843     0     0     4     0    44     8   154     0  1742]
 [    9    16     0    69     0     2    40   226     0   959]
 [   21     0    15     3     0     5    11    38     0   262]
 [   17     8     1  3669     0     3    31   383     0   588]
 [    3     0     0     6     0     1     6    29     0   540]
 [   74     0     2    20     0   306    16   175     0   911]
 [    2     1     0    69     0     3  1806    99     0  1689]
 [  132     5     0   273     0    70    63  2723     0  4240]
 [    8     1     0    19     0     8     7   131    30   462]
 [  419     3     1   176     1   106   586  1034     1 17686]]

