Title: Fully Connected - Words: 4000, Batch: 128, Epochs: 4, Outputs: 512

Results of Training Set

--------------------
Accuracy: 0.805360980965193, F1 Score: 0.6575162445813749, Precision: 0.8900666328029588, Recall: 0.5755353485008655

              precision    recall  f1-score   support

           0       0.86      0.65      0.74      8263
           1       0.91      0.39      0.54      3968
           2       0.94      0.40      0.56      1050
           3       0.95      0.91      0.93     14541
           4       0.99      0.21      0.35      1763
           5       0.82      0.55      0.66      4392
           6       0.89      0.83      0.86     11089
           7       0.82      0.62      0.71     22288
           8       0.96      0.23      0.38      1971
           9       0.75      0.95      0.84     60017

   micro avg       0.81      0.81      0.81    129342
   macro avg       0.89      0.58      0.66    129342
weighted avg       0.82      0.81      0.79    129342
 samples avg       0.81      0.81      0.81    129342


[[ 5384     3     1     5     0    71    17   233     0  2549]
 [   10  1538     2    77     0    11   114   343     1  1872]
 [   33     6   424     6     0     8    21    66     0   486]
 [   16    30     1 13269     0     8    37   347     1   832]
 [   11     5     0    21   379     4    17    58     0  1268]
 [  143     1     3    25     0  2397    20   366     3  1434]
 [    2    17     1    54     1     3  9209   187     0  1615]
 [  181    46    12   322     1   181   179 13844    11  7511]
 [   30     7     0    51     0    40    23   251   460  1109]
 [  440    41     7   167     0   183   661  1251     4 57263]]

Results of Validation Set

--------------------
Accuracy: 0.6325323560792318, F1 Score: 0.38925240922361076, Precision: 0.5970253149828054, Recall: 0.35123370489668077

              precision    recall  f1-score   support

           0       0.56      0.35      0.43      2797
           1       0.46      0.10      0.17      1370
           2       0.57      0.12      0.20       371
           3       0.83      0.81      0.82      4733
           4       0.48      0.02      0.04       600
           5       0.55      0.28      0.37      1417
           6       0.65      0.56      0.60      3795
           7       0.55      0.36      0.44      7454
           8       0.69      0.06      0.12       665
           9       0.62      0.86      0.72     19912

   micro avg       0.63      0.63      0.63     43114
   macro avg       0.60      0.35      0.39     43114
weighted avg       0.62      0.63      0.60     43114
 samples avg       0.63      0.63      0.63     43114


[[  965     2     7     9     0    50    12   147     1  1604]
 [    3   141     1    86     1     1    63   207     2   865]
 [   17     2    44     7     1     3    16    32     0   249]
 [   12    28     0  3817     0     7    45   258     1   565]
 [    3     3     0     6    11     0    12    28     0   537]
 [   77     1     3    13     0   400    15   185     1   722]
 [    6    16     2    84     0     3  2116    88     1  1479]
 [  145    54     8   323     1   106   124  2703     6  3984]
 [   10     0     0    28     1    17    16   121    42   430]
 [  473    57    12   231     8   138   834  1120     7 17032]]

Results of Test Set

--------------------
Accuracy: 0.6360346987057568, F1 Score: 0.38604652721922433, Precision: 0.5856892798126692, Recall: 0.34962524155869656

              precision    recall  f1-score   support

           0       0.55      0.34      0.42      2795
           1       0.43      0.08      0.14      1321
           2       0.54      0.10      0.17       355
           3       0.83      0.82      0.82      4700
           4       0.38      0.01      0.02       585
           5       0.56      0.27      0.36      1504
           6       0.66      0.57      0.61      3669
           7       0.56      0.36      0.44      7506
           8       0.73      0.08      0.15       666
           9       0.62      0.86      0.72     20013

   micro avg       0.64      0.64      0.64     43114
   macro avg       0.59      0.35      0.39     43114
weighted avg       0.62      0.64      0.60     43114
 samples avg       0.64      0.64      0.64     43114


[[  964     2     2     7     0    54    11   159     0  1596]
 [   15   110     1    74     0     2    60   210     0   849]
 [   19     2    37     4     0     8    12    36     0   237]
 [   17    27     1  3837     2     2    35   274     2   503]
 [    4     3     0    10     6     3     7    31     0   521]
 [   83     5     1    23     0   400    12   170     4   806]
 [    4     7     1    72     0     3  2077    95     1  1409]
 [  147    47     7   352     3    89   105  2737     9  4010]
 [   17     1     0    22     0    13     6   118    54   435]
 [  475    49    19   228     5   141   845  1047     4 17200]]

