Title: Fully Connected - Words: 4000, Batch: 256, Epochs: 4, Outputs: 512

Results of Training Set

--------------------
Accuracy: 0.7846871085958157, F1 Score: 0.5964780018904406, Precision: 0.874854366610945, Recall: 0.5250652274067762

              precision    recall  f1-score   support

           0       0.77      0.70      0.73      8263
           1       0.93      0.23      0.37      3968
           2       0.95      0.26      0.41      1050
           3       0.94      0.90      0.92     14541
           4       1.00      0.16      0.28      1763
           5       0.78      0.53      0.63      4392
           6       0.93      0.76      0.83     11089
           7       0.77      0.61      0.68     22288
           8       0.95      0.17      0.29      1971
           9       0.74      0.94      0.83     60017

   micro avg       0.78      0.78      0.78    129342
   macro avg       0.87      0.53      0.60    129342
weighted avg       0.80      0.78      0.77    129342
 samples avg       0.78      0.78      0.78    129342


[[ 5743     1     1     4     0    80     4   264     2  2164]
 [   25   919     0    85     0    16    78   586     1  2258]
 [   72     1   277     2     1     7    14    96     1   579]
 [   32    15     0 13039     0    17    27   525     0   886]
 [   24     7     1    16   282     7     8    88     0  1330]
 [  208     2     0    30     0  2312     6   408     1  1425]
 [   11     5     1    83     0     4  8396   221     2  2366]
 [  420    23     7   324     0   206   132 13561     5  7610]
 [   48     2     0    60     0    47    20   308   331  1155]
 [  882    16     4   218     0   266   353  1638     7 56633]]

Results of Validation Set

--------------------
Accuracy: 0.6336920721807302, F1 Score: 0.3812712019469764, Precision: 0.6240419869417718, Recall: 0.34878933747940033

              precision    recall  f1-score   support

           0       0.50      0.42      0.46      2797
           1       0.57      0.06      0.11      1370
           2       0.77      0.08      0.15       371
           3       0.83      0.80      0.82      4733
           4       0.44      0.01      0.02       600
           5       0.54      0.32      0.40      1417
           6       0.71      0.50      0.59      3795
           7       0.54      0.40      0.46      7454
           8       0.71      0.05      0.10       665
           9       0.63      0.85      0.72     19912

   micro avg       0.63      0.63      0.63     43114
   macro avg       0.62      0.35      0.38     43114
weighted avg       0.63      0.63      0.60     43114
 samples avg       0.63      0.63      0.63     43114


[[ 1179     2     1     6     2    50     4   169     0  1384]
 [    5    82     0    95     1     5    44   235     0   903]
 [   33     0    30     4     0     4     7    36     0   257]
 [   22    16     0  3782     0    10    43   324     0   536]
 [   10     1     0     6     7     1     6    42     0   527]
 [   98     1     0    17     1   455     7   191     3   644]
 [   19     8     0    84     2     2  1886   108     2  1684]
 [  238    15     3   291     0   130    65  2955     3  3754]
 [   15     0     0    27     0    20     5   131    34   433]
 [  716    18     5   232     3   172   583  1266     6 16911]]

Results of Test Set

--------------------
Accuracy: 0.6356403952312474, F1 Score: 0.3804920020837187, Precision: 0.6019297084775159, Recall: 0.34785063289915835

              precision    recall  f1-score   support

           0       0.51      0.42      0.46      2795
           1       0.47      0.05      0.09      1321
           2       0.62      0.08      0.14       355
           3       0.83      0.81      0.82      4700
           4       0.40      0.01      0.02       585
           5       0.53      0.29      0.38      1504
           6       0.70      0.50      0.58      3669
           7       0.55      0.40      0.46      7506
           8       0.77      0.07      0.13       666
           9       0.63      0.85      0.72     20013

   micro avg       0.64      0.64      0.64     43114
   macro avg       0.60      0.35      0.38     43114
weighted avg       0.63      0.64      0.60     43114
 samples avg       0.64      0.64      0.64     43114


[[ 1183     0     1     8     0    58     7   159     0  1379]
 [   16    63     0    73     0     4    43   222     1   899]
 [   38     1    28     5     1     7    11    30     0   234]
 [   25    14     1  3800     0     5    28   328     2   497]
 [    5     2     0     7     6     2     6    39     0   518]
 [  117     2     1    22     0   436     7   183     3   733]
 [   10     5     1    76     0     4  1833   108     1  1631]
 [  231    22     3   307     1   118    56  2986     2  3780]
 [   20     3     0    23     0    13     7   132    48   420]
 [  684    23    10   237     7   169   610  1246     5 17022]]

