Title: Fully Connected - Words: 4000, Batch: 1024, Epochs: 4, Outputs: 512

Results of Training Set

--------------------
Accuracy: 0.7116481885234495, F1 Score: 0.44675912758375047, Precision: 0.838752854497727, Recall: 0.3917362835896367

              precision    recall  f1-score   support

           0       0.78      0.42      0.54      8263
           1       0.87      0.10      0.17      3968
           2       0.88      0.13      0.23      1050
           3       0.91      0.86      0.88     14541
           4       1.00      0.01      0.02      1763
           5       0.76      0.30      0.42      4392
           6       0.88      0.63      0.73     11089
           7       0.70      0.48      0.57     22288
           8       0.95      0.06      0.12      1971
           9       0.66      0.94      0.78     60017

   micro avg       0.71      0.71      0.71    129342
   macro avg       0.84      0.39      0.45    129342
weighted avg       0.74      0.71      0.68    129342
 samples avg       0.71      0.71      0.71    129342


[[ 3452     0     0     6     0    83     6   360     0  4356]
 [   13   381     0   155     0     6    69   511     0  2833]
 [   32     0   137     4     0     4    19    94     0   760]
 [   26    20     0 12442     0     9    34   727     0  1283]
 [    8     2     0    17    16     3     9    78     0  1630]
 [  146     0     1    49     0  1297    13   513     1  2372]
 [    2     8     1   154     0     1  6958   228     0  3737]
 [  219    15    11   445     0   121   137 10685     4 10651]
 [   22     0     0    63     0    22    18   291   126  1429]
 [  531    11     5   284     0   171   627  1834     2 56552]]

Results of Validation Set

--------------------
Accuracy: 0.6284733497239876, F1 Score: 0.3493525516673006, Precision: 0.6105866577825284, Recall: 0.3141136654877358

              precision    recall  f1-score   support

           0       0.58      0.28      0.38      2797
           1       0.52      0.04      0.07      1370
           2       0.75      0.07      0.13       371
           3       0.84      0.79      0.82      4733
           4       0.00      0.00      0.00       600
           5       0.61      0.20      0.30      1417
           6       0.74      0.48      0.58      3795
           7       0.54      0.36      0.43      7454
           8       0.92      0.03      0.06       665
           9       0.60      0.89      0.72     19912

   micro avg       0.63      0.63      0.63     43114
   macro avg       0.61      0.31      0.35     43114
weighted avg       0.63      0.63      0.59     43114
 samples avg       0.63      0.63      0.63     43114


[[  786     0     1     4     0    31     4   160     0  1811]
 [    2    49     0    93     0     1    30   209     0   986]
 [   15     0    27     5     0     1     8    35     0   280]
 [   12    14     0  3746     0     5    35   319     0   602]
 [    5     1     0     4     0     0     4    30     0   556]
 [   60     0     1    15     0   287     7   196     0   851]
 [    8     7     0    82     0     1  1806    88     1  1802]
 [  117     9     3   264     0    54    58  2686     1  4262]
 [    4     0     0    24     0     8     5   138    22   464]
 [  357    14     4   203     0    81   484  1082     0 17687]]

Results of Test Set

--------------------
Accuracy: 0.6287284872663172, F1 Score: 0.3438880617356378, Precision: 0.5935186685880144, Recall: 0.31023154742223447

              precision    recall  f1-score   support

           0       0.57      0.28      0.37      2795
           1       0.46      0.03      0.05      1321
           2       0.66      0.06      0.11       355
           3       0.85      0.79      0.82      4700
           4       0.00      0.00      0.00       585
           5       0.58      0.17      0.26      1504
           6       0.73      0.48      0.58      3669
           7       0.55      0.36      0.43      7506
           8       0.94      0.05      0.09       666
           9       0.61      0.89      0.72     20013

   micro avg       0.63      0.63      0.63     43114
   macro avg       0.59      0.31      0.34     43114
weighted avg       0.62      0.63      0.59     43114
 samples avg       0.63      0.63      0.63     43114


[[  777     0     1     5     0    33     7   153     0  1819]
 [   10    38     1    66     0     1    28   210     0   967]
 [   14     1    21     4     0     4    10    43     0   258]
 [   15    14     1  3727     0     1    25   356     0   561]
 [    4     0     0     5     0     1     6    28     0   541]
 [   62     2     3    19     0   258    10   202     0   948]
 [    0     2     0    67     0     2  1757    90     0  1751]
 [  114    14     0   281     0    53    53  2669     0  4322]
 [    7     2     0    22     0     8     5   125    31   466]
 [  354     9     5   199     0    87   508  1020     2 17829]]

