Title: Fully Connected - Words: 4000, Batch: 128, Epochs: 5, Outputs: 512

Results of Training Set

--------------------
Accuracy: 0.8656120981583708, F1 Score: 0.7598128077454042, Precision: 0.9196137172631287, Recall: 0.6813692204509502

              precision    recall  f1-score   support

           0       0.87      0.79      0.83      8263
           1       0.95      0.51      0.67      3968
           2       0.97      0.49      0.66      1050
           3       0.97      0.92      0.95     14541
           4       1.00      0.41      0.58      1763
           5       0.86      0.67      0.75      4392
           6       0.97      0.84      0.90     11089
           7       0.80      0.83      0.81     22288
           8       0.95      0.39      0.56      1971
           9       0.84      0.95      0.90     60017

   micro avg       0.87      0.87      0.87    129342
   macro avg       0.92      0.68      0.76    129342
weighted avg       0.87      0.87      0.86    129342
 samples avg       0.87      0.87      0.87    129342


[[ 6553     3     1     5     0    68     2   341     2  1288]
 [    9  2033     0    38     1    18    33   573     2  1261]
 [   31     0   519     5     0     5     7   107     2   374]
 [   20    17     0 13385     0    11    16   547     3   542]
 [   11    11     1    11   719     4     7   169     0   830]
 [  164     7     0    14     0  2939     2   455     6   805]
 [    9    11     1    24     0     2  9349   289     2  1402]
 [  202    27     6   125     0   119    66 18422    10  3311]
 [   40     3     0    22     0    41    13   322   774   756]
 [  506    30     6   115     0   191   145  1746    11 57267]]

Results of Validation Set

--------------------
Accuracy: 0.6291227907408267, F1 Score: 0.4010557264648126, Precision: 0.5851866285841816, Recall: 0.36231318484506714

              precision    recall  f1-score   support

           0       0.52      0.41      0.46      2797
           1       0.50      0.12      0.19      1370
           2       0.69      0.11      0.19       371
           3       0.85      0.79      0.82      4733
           4       0.36      0.02      0.03       600
           5       0.54      0.31      0.40      1417
           6       0.70      0.50      0.58      3795
           7       0.48      0.47      0.47      7454
           8       0.58      0.09      0.15       665
           9       0.64      0.81      0.72     19912

   micro avg       0.63      0.63      0.63     43114
   macro avg       0.59      0.36      0.40     43114
weighted avg       0.62      0.63      0.61     43114
 samples avg       0.63      0.63      0.63     43114


[[ 1148     1     2     7     1    55     2   281     0  1300]
 [    9   162     0    82     1     2    58   298     4   754]
 [   23     1    42     2     1     5     9    54     1   233]
 [   21    25     0  3741     0    12    42   418     1   473]
 [   10     1     0     3    10     6     5    76     0   489]
 [  104     2     0    14     0   444     9   278     5   561]
 [   17    22     1    85     1     2  1888   171     2  1606]
 [  197    44     5   233     1   115    91  3475    12  3281]
 [   11     0     0    20     0    18    11   175    57   373]
 [  652    67    11   220    13   167   601  2008    16 16157]]

Results of Test Set

--------------------
Accuracy: 0.6310479194693139, F1 Score: 0.3969181723885664, Precision: 0.562749958993445, Recall: 0.3600930017046808

              precision    recall  f1-score   support

           0       0.52      0.41      0.46      2795
           1       0.45      0.09      0.16      1321
           2       0.55      0.10      0.18       355
           3       0.84      0.79      0.82      4700
           4       0.32      0.02      0.03       585
           5       0.54      0.29      0.38      1504
           6       0.70      0.51      0.59      3669
           7       0.49      0.47      0.48      7506
           8       0.57      0.10      0.16       666
           9       0.64      0.81      0.72     20013

   micro avg       0.63      0.63      0.63     43114
   macro avg       0.56      0.36      0.40     43114
weighted avg       0.62      0.63      0.61     43114
 samples avg       0.63      0.63      0.63     43114


[[ 1159     1     4     7     0    63     7   264     2  1288]
 [   14   124     0    63     0     4    47   315     2   752]
 [   40     0    37     4     0     7    10    53     0   204]
 [   23    24     1  3736     2     4    31   422     3   454]
 [    6     2     0     7    10     4     6    68     0   482]
 [  121     9     1    25     1   439     6   237     4   661]
 [    5    14     1    78     1     6  1857   181     1  1525]
 [  208    42     7   267     4   104    74  3527     9  3264]
 [   18     2     0    24     0    11     5   171    64   371]
 [  654    58    16   216    13   165   622  1988    27 16254]]

