Title: Fully Connected - Words: 1000, Batch: 64, Epochs: 3, Outputs: 10

Results of Training Set

--------------------
Accuracy: 0.5788684263425646, F1 Score: 0.20864108728613098, Precision: 0.32185663895773164, Recall: 0.20953521315560156

              precision    recall  f1-score   support

           0       0.42      0.00      0.00      8263
           1       0.00      0.00      0.00      3968
           2       0.00      0.00      0.00      1050
           3       0.87      0.74      0.80     14541
           4       0.00      0.00      0.00      1763
           5       0.00      0.00      0.00      4392
           6       0.80      0.25      0.38     11089
           7       0.60      0.13      0.21     22288
           8       0.00      0.00      0.00      1971
           9       0.54      0.97      0.69     60017

   micro avg       0.58      0.58      0.58    129342
   macro avg       0.32      0.21      0.21    129342
weighted avg       0.55      0.58      0.48    129342
 samples avg       0.58      0.58      0.58    129342


[[    5     0     0     4     0     0     1    12     0  8241]
 [    0     0     0   165     0     0    22   186     0  3595]
 [    0     0     0     5     0     0     8    23     0  1014]
 [    1     0     0 10785     0     0    27   853     0  2875]
 [    0     0     0     9     0     0     4    23     0  1727]
 [    0     0     0    40     0     0     2    83     0  4267]
 [    0     0     0   213     0     0  2801    56     0  8019]
 [    1     0     0   728     0     0    51  2815     0 18693]
 [    0     0     0    53     0     0     7   135     0  1776]
 [    5     0     0   434     0     0   576   536     0 58466]]

Results of Validation Set

--------------------
Accuracy: 0.5713921232082386, F1 Score: 0.20549023634306196, Precision: 0.3077128017763507, Recall: 0.2070557513207337

              precision    recall  f1-score   support

           0       0.33      0.00      0.00      2797
           1       0.00      0.00      0.00      1370
           2       0.00      0.00      0.00       371
           3       0.86      0.73      0.79      4733
           4       0.00      0.00      0.00       600
           5       0.00      0.00      0.00      1417
           6       0.78      0.25      0.38      3795
           7       0.57      0.12      0.20      7454
           8       0.00      0.00      0.00       665
           9       0.53      0.97      0.69     19912

   micro avg       0.57      0.57      0.57     43114
   macro avg       0.31      0.21      0.21     43114
weighted avg       0.53      0.57      0.47     43114
 samples avg       0.57      0.57      0.57     43114


[[    1     0     0     4     0     0     0     4     0  2788]
 [    0     0     0    64     0     0    15    62     0  1229]
 [    0     0     0     1     0     0     3     3     0   364]
 [    0     0     0  3445     0     0    15   297     0   976]
 [    0     0     0     2     0     0     0     7     0   591]
 [    0     0     0     9     0     0     0    38     0  1370]
 [    0     0     0    75     0     0   949    25     0  2746]
 [    0     0     0   235     0     0    16   903     0  6300]
 [    0     0     0    20     0     0     1    48     0   596]
 [    2     0     0   165     0     0   212   196     0 19337]]

Results of Test Set

--------------------
Accuracy: 0.5723894790555272, F1 Score: 0.20463724137729286, Precision: 0.34074874006092604, Recall: 0.20676484039859488

              precision    recall  f1-score   support

           0       0.67      0.00      0.00      2795
           1       0.00      0.00      0.00      1321
           2       0.00      0.00      0.00       355
           3       0.86      0.73      0.79      4700
           4       0.00      0.00      0.00       585
           5       0.00      0.00      0.00      1504
           6       0.78      0.25      0.37      3669
           7       0.57      0.11      0.19      7506
           8       0.00      0.00      0.00       666
           9       0.53      0.97      0.69     20013

   micro avg       0.57      0.57      0.57     43114
   macro avg       0.34      0.21      0.20     43114
weighted avg       0.55      0.57      0.47     43114
 samples avg       0.57      0.57      0.57     43114


[[    2     0     0     1     0     0     0     6     0  2786]
 [    0     0     0    50     0     0    11    64     0  1196]
 [    0     0     0     4     0     0     4     6     0   341]
 [    0     0     0  3453     0     0    13   285     0   949]
 [    0     0     0     4     0     0     3     9     0   569]
 [    0     0     0    13     0     0     1    32     0  1458]
 [    0     0     0    67     0     0   899    20     0  2683]
 [    0     0     0   263     0     0    15   861     0  6367]
 [    0     0     0    17     0     0     3    43     0   603]
 [    1     0     0   157     0     0   201   191     0 19463]]

