Title: Fully Connected - Words: 4000, Batch: 256, Epochs: 5, Outputs: 512

Results of Training Set

--------------------
Accuracy: 0.8296454361305686, F1 Score: 0.6779796486920934, Precision: 0.9113855447917756, Recall: 0.5936123899885714

              precision    recall  f1-score   support

           0       0.88      0.70      0.78      8263
           1       0.95      0.37      0.54      3968
           2       0.97      0.36      0.53      1050
           3       0.97      0.91      0.94     14541
           4       0.99      0.26      0.41      1763
           5       0.84      0.58      0.69      4392
           6       0.95      0.81      0.88     11089
           7       0.80      0.73      0.76     22288
           8       0.97      0.25      0.40      1971
           9       0.79      0.96      0.86     60017

   micro avg       0.83      0.83      0.83    129342
   macro avg       0.91      0.59      0.68    129342
weighted avg       0.84      0.83      0.82    129342
 samples avg       0.83      0.83      0.83    129342


[[ 5797     1     2     5     1    80     4   318     1  2054]
 [   20  1481     0    46     0    14    62   535     0  1810]
 [   35     0   382     3     0     5    13    94     0   518]
 [   23    15     0 13223     1    10    22   552     2   693]
 [   11     6     0    14   454     5     7   100     0  1166]
 [  140     2     2    12     0  2556     8   447     2  1223]
 [    5     7     1    47     1     3  8992   247     2  1784]
 [  170    17     5   123     0   150   107 16231     4  5481]
 [   30     4     0    31     0    41    18   320   489  1038]
 [  337    25     1   111     0   192   221  1423     4 57703]]

Results of Validation Set

--------------------
Accuracy: 0.6329266595537413, F1 Score: 0.3860685810401302, Precision: 0.6066670332412182, Recall: 0.3468468706903155

              precision    recall  f1-score   support

           0       0.55      0.35      0.43      2797
           1       0.51      0.09      0.15      1370
           2       0.62      0.08      0.14       371
           3       0.85      0.79      0.82      4733
           4       0.46      0.02      0.04       600
           5       0.55      0.30      0.39      1417
           6       0.70      0.50      0.58      3795
           7       0.52      0.43      0.47      7454
           8       0.68      0.07      0.13       665
           9       0.63      0.85      0.72     19912

   micro avg       0.63      0.63      0.63     43114
   macro avg       0.61      0.35      0.39     43114
weighted avg       0.63      0.63      0.60     43114
 samples avg       0.63      0.63      0.63     43114


[[  989     0     3     5     1    55     6   199     0  1539]
 [    2   121     0    85     0     3    44   257     1   857]
 [   25     1    30     4     1     3     9    40     0   258]
 [   14    20     1  3720     0    10    34   385     2   547]
 [   10     1     0     4    11     1     9    45     0   519]
 [   81     0     2    13     1   423     7   260     3   627]
 [   10    13     1    82     1     3  1890   136     1  1658]
 [  147    36     4   233     4    96    89  3197     8  3640]
 [    7     2     0    21     0    15     7   149    46   418]
 [  507    44     7   219     5   155   603  1504     7 16861]]

Results of Test Set

--------------------
Accuracy: 0.6336688778587002, F1 Score: 0.38388843798485345, Precision: 0.595944924387078, Recall: 0.3449918304897251

              precision    recall  f1-score   support

           0       0.55      0.35      0.43      2795
           1       0.45      0.07      0.11      1321
           2       0.56      0.08      0.14       355
           3       0.85      0.79      0.82      4700
           4       0.41      0.02      0.03       585
           5       0.55      0.28      0.37      1504
           6       0.69      0.50      0.58      3669
           7       0.52      0.42      0.47      7506
           8       0.75      0.09      0.16       666
           9       0.63      0.85      0.72     20013

   micro avg       0.63      0.63      0.63     43114
   macro avg       0.60      0.34      0.38     43114
weighted avg       0.62      0.63      0.60     43114
 samples avg       0.63      0.63      0.63     43114


[[  984     1     1     5     0    57    13   209     1  1524]
 [   11    86     0    64     0     2    44   253     0   861]
 [   22     1    29     2     1     4    10    45     0   241]
 [   21    21     2  3713     2     4    34   403     2   498]
 [    8     2     0     5     9     4     6    51     0   500]
 [   83     3     1    20     1   420    12   212     2   750]
 [    2     8     3    71     0     6  1848   135     1  1595]
 [  158    38     4   255     2    95    76  3180     5  3693]
 [    7     3     0    19     0    13     5   125    60   434]
 [  507    29    12   192     7   153   621  1492     9 16991]]

