Title: Fully Connected - Words: 4000, Batch: 1024, Epochs: 5, Outputs: 512

Results of Training Set

--------------------
Accuracy: 0.7543643982619721, F1 Score: 0.5219419212766022, Precision: 0.8412990580920319, Recall: 0.4634666722972477

              precision    recall  f1-score   support

           0       0.77      0.57      0.66      8263
           1       0.88      0.15      0.26      3968
           2       0.88      0.18      0.29      1050
           3       0.93      0.88      0.90     14541
           4       0.97      0.05      0.09      1763
           5       0.75      0.45      0.56      4392
           6       0.88      0.71      0.78     11089
           7       0.71      0.60      0.65     22288
           8       0.93      0.12      0.21      1971
           9       0.72      0.93      0.81     60017

   micro avg       0.75      0.75      0.75    129342
   macro avg       0.84      0.46      0.52    129342
weighted avg       0.77      0.75      0.73    129342
 samples avg       0.75      0.75      0.75    129342


[[ 4738     0     0     7     1   106    11   488     0  2912]
 [   17   605     1   134     0    15    96   694     0  2406]
 [   45     1   185     5     0    12    25   103     0   674]
 [   26    16     0 12837     0    11    28   650     0   973]
 [    9     6     0    19    88     9     9   117     0  1506]
 [  177     2     0    40     0  1969    14   552     1  1637]
 [    8     7     1   104     1     3  7842   251     1  2871]
 [  346    23    13   385     0   206   154 13374     6  7781]
 [   42     2     0    68     0    44    21   347   229  1218]
 [  769    23    10   272     1   262   700  2268     8 55704]]

Results of Validation Set

--------------------
Accuracy: 0.6324395787911119, F1 Score: 0.37394957336860885, Precision: 0.6018377115849632, Recall: 0.342004037166561

              precision    recall  f1-score   support

           0       0.54      0.37      0.44      2797
           1       0.49      0.05      0.09      1370
           2       0.70      0.08      0.15       371
           3       0.83      0.81      0.82      4733
           4       0.40      0.00      0.01       600
           5       0.54      0.29      0.37      1417
           6       0.71      0.51      0.60      3795
           7       0.52      0.42      0.46      7454
           8       0.67      0.05      0.08       665
           9       0.63      0.84      0.72     19912

   micro avg       0.63      0.63      0.63     43114
   macro avg       0.60      0.34      0.37     43114
weighted avg       0.62      0.63      0.60     43114
 samples avg       0.63      0.63      0.63     43114


[[ 1031     0     0     7     0    53     7   210     0  1489]
 [    5    69     0    94     0     3    49   266     1   883]
 [   26     0    31     4     0     2    10    39     1   258]
 [   13    15     1  3815     0     6    36   341     0   506]
 [    7     1     0     6     2     1     8    49     0   526]
 [   79     0     0    17     0   407     9   225     2   678]
 [   11    10     3    85     1     4  1950   116     2  1613]
 [  174    22     6   289     1   111    76  3109     5  3661]
 [    8     0     0    28     0    16     6   157    30   420]
 [  555    25     3   249     1   152   604  1496     4 16823]]

Results of Test Set

--------------------
Accuracy: 0.6332745743841908, F1 Score: 0.37286425711824756, Precision: 0.6239901285496204, Recall: 0.33967855532831903

              precision    recall  f1-score   support

           0       0.53      0.35      0.42      2795
           1       0.50      0.05      0.08      1321
           2       0.58      0.08      0.14       355
           3       0.84      0.81      0.82      4700
           4       0.67      0.01      0.01       585
           5       0.53      0.26      0.35      1504
           6       0.70      0.51      0.59      3669
           7       0.52      0.42      0.46      7506
           8       0.75      0.06      0.12       666
           9       0.63      0.85      0.72     20013

   micro avg       0.63      0.63      0.63     43114
   macro avg       0.62      0.34      0.37     43114
weighted avg       0.63      0.63      0.60     43114
 samples avg       0.63      0.63      0.63     43114


[[  981     1     4     7     0    56     9   224     1  1512]
 [   15    61     0    68     0     2    39   265     1   870]
 [   25     1    29     5     0     8    12    45     0   230]
 [   14    13     1  3793     0     3    30   362     1   483]
 [    5     1     0     5     4     3     7    45     0   515]
 [   92     2     1    24     0   391    12   222     2   758]
 [    4     2     0    76     0     3  1881   127     1  1575]
 [  174    20     4   311     1    97    66  3141     5  3687]
 [   15     1     0    27     0    12     5   140    43   423]
 [  539    20    11   222     1   165   636  1437     3 16979]]

