Title: Fully Connected - Words: 1000, Batch: 128, Epochs: 3, Outputs: 10

Results of Training Set

--------------------
Accuracy: 0.5744228479534876, F1 Score: 0.19946422979105277, Precision: 0.3452414305212178, Recall: 0.20632862803817548

              precision    recall  f1-score   support

           0       0.70      0.00      0.00      8263
           1       0.00      0.00      0.00      3968
           2       0.00      0.00      0.00      1050
           3       0.81      0.78      0.79     14541
           4       0.00      0.00      0.00      1763
           5       0.00      0.00      0.00      4392
           6       0.81      0.19      0.31     11089
           7       0.60      0.11      0.19     22288
           8       0.00      0.00      0.00      1971
           9       0.54      0.97      0.69     60017

   micro avg       0.57      0.57      0.57    129342
   macro avg       0.35      0.21      0.20    129342
weighted avg       0.56      0.57      0.47    129342
 samples avg       0.57      0.57      0.57    129342


[[   14     0     0     6     0     0     1    36     0  8206]
 [    0     0     0   247     0     0    22   152     0  3547]
 [    0     0     0     7     0     0     6    44     0   993]
 [    0     0     0 11393     0     0    26   405     0  2717]
 [    0     0     0    22     0     0     4    25     0  1712]
 [    1     0     0    74     0     0     4   128     0  4185]
 [    0     0     0   247     0     0  2160    73     0  8609]
 [    1     0     0  1370     0     0    39  2532     0 18346]
 [    0     0     0    86     0     0     4    82     0  1799]
 [    4     0     0   674     0     0   412   729     0 58198]]

Results of Validation Set

--------------------
Accuracy: 0.5679825578698334, F1 Score: 0.19732379607805065, Precision: 0.34588675529825846, Recall: 0.2044153744175321

              precision    recall  f1-score   support

           0       0.75      0.00      0.00      2797
           1       0.00      0.00      0.00      1370
           2       0.00      0.00      0.00       371
           3       0.79      0.77      0.78      4733
           4       0.00      0.00      0.00       600
           5       0.00      0.00      0.00      1417
           6       0.79      0.19      0.31      3795
           7       0.59      0.11      0.19      7454
           8       0.00      0.00      0.00       665
           9       0.53      0.97      0.69     19912

   micro avg       0.57      0.57      0.57     43114
   macro avg       0.35      0.20      0.20     43114
weighted avg       0.55      0.57      0.46     43114
 samples avg       0.57      0.57      0.57     43114


[[    6     0     0     5     0     0     0    13     0  2773]
 [    0     0     0    94     0     0     9    55     0  1212]
 [    0     0     0     0     0     0     2    10     0   359]
 [    0     0     0  3628     0     0    15   132     0   958]
 [    0     0     0     6     0     0     0    14     0   580]
 [    0     0     0    15     0     0     0    60     0  1342]
 [    0     0     0    93     0     0   740    25     0  2937]
 [    0     0     0   459     0     0    14   838     0  6143]
 [    0     0     0    27     0     0     1    35     0   602]
 [    2     0     0   244     0     0   154   236     0 19276]]

Results of Test Set

--------------------
Accuracy: 0.5681913067681031, F1 Score: 0.19545215323614823, Precision: 0.3268465624993998, Recall: 0.20368498776546456

              precision    recall  f1-score   support

           0       0.57      0.00      0.00      2795
           1       0.00      0.00      0.00      1321
           2       0.00      0.00      0.00       355
           3       0.80      0.78      0.79      4700
           4       0.00      0.00      0.00       585
           5       0.00      0.00      0.00      1504
           6       0.80      0.19      0.30      3669
           7       0.57      0.10      0.17      7506
           8       0.00      0.00      0.00       666
           9       0.53      0.97      0.69     20013

   micro avg       0.57      0.57      0.57     43114
   macro avg       0.33      0.20      0.20     43114
weighted avg       0.54      0.57      0.46     43114
 samples avg       0.57      0.57      0.57     43114


[[    4     0     0     3     0     0     0    17     0  2771]
 [    0     0     0    85     0     0    10    49     0  1177]
 [    0     0     0     3     0     0     4    11     0   337]
 [    0     0     0  3653     0     0    12   129     0   906]
 [    0     0     0     4     0     0     2    10     0   569]
 [    2     0     0    19     0     0     1    49     0  1433]
 [    0     0     0    79     0     0   690    24     0  2876]
 [    1     0     0   482     0     0    10   760     0  6253]
 [    0     0     0    24     0     0     1    31     0   610]
 [    0     0     0   231     0     0   135   257     0 19390]]

