Title: Fully Connected - Words: 1000, Batch: 32, Epochs: 3, Outputs: 16

Results of Training Set

--------------------
Accuracy: 0.590179524052512, F1 Score: 0.2268308053610549, Precision: 0.3402181791587452, Recall: 0.2227040155464915

              precision    recall  f1-score   support

           0       0.60      0.01      0.02      8263
           1       0.00      0.00      0.00      3968
           2       0.00      0.00      0.00      1050
           3       0.87      0.74      0.80     14541
           4       0.00      0.00      0.00      1763
           5       0.00      0.00      0.00      4392
           6       0.79      0.33      0.47     11089
           7       0.59      0.18      0.28     22288
           8       0.00      0.00      0.00      1971
           9       0.55      0.96      0.70     60017

   micro avg       0.59      0.59      0.59    129342
   macro avg       0.34      0.22      0.23    129342
weighted avg       0.56      0.59      0.50    129342
 samples avg       0.59      0.59      0.59    129342


[[  104     0     0     5     0     0     2    65     0  8087]
 [    0     0     0   157     0     0    38   278     0  3495]
 [    2     0     0     6     0     0    13    30     0   999]
 [    6     0     0 10737     0     0    34   909     0  2855]
 [    0     0     0    10     0     0     5    28     0  1720]
 [    4     0     0    43     0     0     4   181     0  4160]
 [    1     0     0   208     0     0  3698   109     0  7073]
 [    7     0     0   688     0     0    77  4004     0 17512]
 [    1     0     0    56     0     0     7   184     0  1723]
 [   49     0     0   395     0     0   780  1001     0 57792]]

Results of Validation Set

--------------------
Accuracy: 0.5810873498167649, F1 Score: 0.2218485506552696, Precision: 0.3458444747978301, Recall: 0.2187772698741981

              precision    recall  f1-score   support

           0       0.72      0.01      0.03      2797
           1       0.00      0.00      0.00      1370
           2       0.00      0.00      0.00       371
           3       0.86      0.72      0.79      4733
           4       0.00      0.00      0.00       600
           5       0.00      0.00      0.00      1417
           6       0.76      0.32      0.45      3795
           7       0.57      0.17      0.26      7454
           8       0.00      0.00      0.00       665
           9       0.54      0.96      0.69     19912

   micro avg       0.58      0.58      0.58     43114
   macro avg       0.35      0.22      0.22     43114
weighted avg       0.56      0.58      0.49     43114
 samples avg       0.58      0.58      0.58     43114


[[   39     0     0     4     0     0     1    18     0  2735]
 [    0     0     0    70     0     0    22    93     0  1185]
 [    0     0     0     0     0     0     4     5     0   362]
 [    1     0     0  3431     0     0    18   302     0   981]
 [    0     0     0     2     0     0     0    15     0   583]
 [    0     0     0    12     0     0     1    64     0  1340]
 [    0     0     0    71     0     0  1208    35     0  2481]
 [    2     0     0   244     0     0    23  1279     0  5906]
 [    0     0     0    18     0     0     1    70     0   576]
 [   12     0     0   155     0     0   304   345     0 19096]]

Results of Test Set

--------------------
Accuracy: 0.5818295681217238, F1 Score: 0.22073578313228967, Precision: 0.3352431773847286, Recall: 0.2181623770245973

              precision    recall  f1-score   support

           0       0.62      0.01      0.02      2795
           1       0.00      0.00      0.00      1321
           2       0.00      0.00      0.00       355
           3       0.86      0.73      0.79      4700
           4       0.00      0.00      0.00       585
           5       0.00      0.00      0.00      1504
           6       0.76      0.31      0.44      3669
           7       0.57      0.17      0.26      7506
           8       0.00      0.00      0.00       666
           9       0.54      0.96      0.69     20013

   micro avg       0.58      0.58      0.58     43114
   macro avg       0.34      0.22      0.22     43114
weighted avg       0.55      0.58      0.49     43114
 samples avg       0.58      0.58      0.58     43114


[[   33     0     0     2     0     0     2    24     0  2734]
 [    0     0     0    46     0     0    17    94     0  1164]
 [    0     0     0     4     0     0     5     9     0   337]
 [    1     0     0  3430     0     0    15   309     0   945]
 [    0     0     0     2     0     0     3    13     0   567]
 [    2     0     0    12     0     0     6    57     0  1427]
 [    0     0     0    65     0     0  1150    34     0  2420]
 [    5     0     0   262     0     0    25  1245     0  5969]
 [    0     0     0    16     0     0     3    70     0   577]
 [   12     0     0   148     0     0   294   332     0 19227]]

