Title: Fully Connected - Words: 1000, Batch: 64, Epochs: 3, Outputs: 16

Results of Training Set

--------------------
Accuracy: 0.5932721003231742, F1 Score: 0.23014394025234947, Precision: 0.3978345213003034, Recall: 0.22591628758051865

              precision    recall  f1-score   support

           0       0.60      0.02      0.04      8263
           1       0.00      0.00      0.00      3968
           2       0.00      0.00      0.00      1050
           3       0.86      0.77      0.81     14541
           4       0.00      0.00      0.00      1763
           5       0.58      0.00      0.01      4392
           6       0.81      0.31      0.45     11089
           7       0.59      0.19      0.29     22288
           8       0.00      0.00      0.00      1971
           9       0.55      0.96      0.70     60017

   micro avg       0.59      0.59      0.59    129342
   macro avg       0.40      0.23      0.23    129342
weighted avg       0.58      0.59      0.51    129342
 samples avg       0.59      0.59      0.59    129342


[[  164     0     0     7     0     3     2    77     0  8010]
 [    1     0     0   185     0     0    30   280     0  3472]
 [    4     0     0     6     0     0    10    38     0   992]
 [    3     0     0 11145     0     1    22   890     0  2480]
 [    0     0     0    14     0     1     3    26     0  1719]
 [   33     0     0    50     0    19     3   206     0  4081]
 [    0     0     0   225     0     0  3493   109     0  7262]
 [   11     0     0   817     0     5    67  4323     0 17065]
 [    2     0     0    59     0     0     8   209     0  1693]
 [   57     0     0   526     0     4   684  1155     0 57591]]

Results of Validation Set

--------------------
Accuracy: 0.5843577492229902, F1 Score: 0.22565950428305775, Precision: 0.3863184475662821, Recall: 0.22235289320587567

              precision    recall  f1-score   support

           0       0.67      0.02      0.04      2797
           1       0.00      0.00      0.00      1370
           2       0.00      0.00      0.00       371
           3       0.84      0.75      0.79      4733
           4       0.00      0.00      0.00       600
           5       0.46      0.00      0.01      1417
           6       0.78      0.30      0.44      3795
           7       0.57      0.19      0.28      7454
           8       0.00      0.00      0.00       665
           9       0.55      0.96      0.70     19912

   micro avg       0.58      0.58      0.58     43114
   macro avg       0.39      0.22      0.23     43114
weighted avg       0.57      0.58      0.50     43114
 samples avg       0.58      0.58      0.58     43114


[[   65     0     0     3     0     0     1    19     0  2709]
 [    1     0     0    77     0     0    19   109     0  1164]
 [    2     0     0     1     0     0     2     9     0   357]
 [    1     0     0  3565     0     0    13   295     0   859]
 [    0     0     0     2     0     0     0    19     0   579]
 [   12     0     0    13     0     6     1    89     0  1296]
 [    0     0     0    82     0     0  1146    33     0  2534]
 [    4     0     0   293     0     3    20  1379     0  5755]
 [    1     0     0    20     0     1     2    79     0   562]
 [   11     0     0   193     0     3   263   409     0 19033]]

Results of Test Set

--------------------
Accuracy: 0.5837546968502111, F1 Score: 0.22324559946106678, Precision: 0.3593456474687391, Recall: 0.22078305529623377

              precision    recall  f1-score   support

           0       0.57      0.02      0.04      2795
           1       0.00      0.00      0.00      1321
           2       0.00      0.00      0.00       355
           3       0.84      0.75      0.79      4700
           4       0.00      0.00      0.00       585
           5       0.30      0.00      0.00      1504
           6       0.77      0.30      0.43      3669
           7       0.57      0.18      0.27      7506
           8       0.00      0.00      0.00       666
           9       0.55      0.96      0.70     20013

   micro avg       0.58      0.58      0.58     43114
   macro avg       0.36      0.22      0.22     43114
weighted avg       0.56      0.58      0.50     43114
 samples avg       0.58      0.58      0.58     43114


[[   55     0     0     2     0     1     0    23     0  2714]
 [    0     0     0    56     0     0    15    95     0  1155]
 [    1     0     0     4     0     0     4    11     0   335]
 [    1     0     0  3545     0     0     9   308     0   837]
 [    0     0     0     4     0     0     4    17     0   560]
 [   17     0     0    14     0     3     3    75     0  1392]
 [    0     0     0    73     0     0  1090    36     0  2470]
 [    6     0     0   319     0     3    21  1342     0  5815]
 [    0     0     0    16     0     0     1    67     0   582]
 [   16     0     0   191     0     3   270   400     0 19133]]

