Title: Fully Connected - Words: 1000, Batch: 128, Epochs: 3, Outputs: 16

Results of Training Set

--------------------
Accuracy: 0.5884167555782345, F1 Score: 0.2225981334364239, Precision: 0.35106439941637124, Recall: 0.2220593649795525

              precision    recall  f1-score   support

           0       0.73      0.00      0.00      8263
           1       0.00      0.00      0.00      3968
           2       0.00      0.00      0.00      1050
           3       0.85      0.76      0.80     14541
           4       0.00      0.00      0.00      1763
           5       0.00      0.00      0.00      4392
           6       0.80      0.34      0.48     11089
           7       0.59      0.15      0.24     22288
           8       0.00      0.00      0.00      1971
           9       0.55      0.96      0.70     60017

   micro avg       0.59      0.59      0.59    129342
   macro avg       0.35      0.22      0.22    129342
weighted avg       0.57      0.59      0.50    129342
 samples avg       0.59      0.59      0.59    129342


[[    8     0     0     5     0     0     3    22     0  8225]
 [    0     0     0   182     0     0    39   220     0  3527]
 [    0     0     0     6     0     0    16    37     0   991]
 [    0     0     0 11036     0     0    23   804     0  2678]
 [    0     0     0    14     0     0     6    32     0  1711]
 [    0     0     0    50     0     0     6   144     0  4192]
 [    0     0     0   214     0     0  3810   107     0  6958]
 [    2     0     0   877     0     0    85  3421     0 17903]
 [    0     0     0    63     0     0     9   131     0  1768]
 [    1     0     0   497     0     0   792   895     0 57832]]

Results of Validation Set

--------------------
Accuracy: 0.5807394349863153, F1 Score: 0.21875494365172782, Precision: 0.3733166313438599, Recall: 0.21913782256000927

              precision    recall  f1-score   support

           0       1.00      0.00      0.00      2797
           1       0.00      0.00      0.00      1370
           2       0.00      0.00      0.00       371
           3       0.84      0.75      0.79      4733
           4       0.00      0.00      0.00       600
           5       0.00      0.00      0.00      1417
           6       0.78      0.34      0.47      3795
           7       0.58      0.15      0.24      7454
           8       0.00      0.00      0.00       665
           9       0.54      0.96      0.69     19912

   micro avg       0.58      0.58      0.58     43114
   macro avg       0.37      0.22      0.22     43114
weighted avg       0.58      0.58      0.49     43114
 samples avg       0.58      0.58      0.58     43114


[[    1     0     0     4     0     0     1    11     0  2780]
 [    0     0     0    71     0     0    20    78     0  1201]
 [    0     0     0     2     0     0     5     7     0   357]
 [    0     0     0  3532     0     0    13   250     0   938]
 [    0     0     0     4     0     0     1    13     0   582]
 [    0     0     0    12     0     0     1    60     0  1344]
 [    0     0     0    77     0     0  1275    35     0  2408]
 [    0     0     0   308     0     0    24  1106     0  6016]
 [    0     0     0    21     0     0     1    49     0   594]
 [    0     0     0   181     0     0   304   303     0 19124]]

Results of Test Set

--------------------
Accuracy: 0.5806002690541355, F1 Score: 0.2172804421488535, Precision: 0.37214205435775705, Recall: 0.21825880997088115

              precision    recall  f1-score   support

           0       1.00      0.00      0.00      2795
           1       0.00      0.00      0.00      1321
           2       0.00      0.00      0.00       355
           3       0.84      0.75      0.79      4700
           4       0.00      0.00      0.00       585
           5       0.00      0.00      0.00      1504
           6       0.77      0.33      0.46      3669
           7       0.57      0.14      0.22      7506
           8       0.00      0.00      0.00       666
           9       0.54      0.96      0.69     20013

   micro avg       0.58      0.58      0.58     43114
   macro avg       0.37      0.22      0.22     43114
weighted avg       0.57      0.58      0.49     43114
 samples avg       0.58      0.58      0.58     43114


[[    3     0     0     4     0     0     2     9     0  2777]
 [    0     0     0    61     0     0    20    79     0  1161]
 [    0     0     0     2     0     0     4    12     0   337]
 [    0     0     0  3536     0     0    11   247     0   906]
 [    0     0     0     3     0     0     2    11     0   569]
 [    0     0     0    16     0     0     6    51     0  1431]
 [    0     0     0    71     0     0  1205    24     0  2369]
 [    0     0     0   327     0     0    27  1045     0  6107]
 [    0     0     0    19     0     0     2    44     0   601]
 [    0     0     0   176     0     0   289   305     0 19243]]

