Title: Fully Connected - Words: 1000, Batch: 32, Epochs: 3, Outputs: 32

Results of Training Set

--------------------
Accuracy: 0.6056192110837934, F1 Score: 0.25195470398419645, Precision: 0.4155559273200959, Recall: 0.24220847005735355

              precision    recall  f1-score   support

           0       0.57      0.06      0.11      8263
           1       0.00      0.00      0.00      3968
           2       0.00      0.00      0.00      1050
           3       0.86      0.77      0.81     14541
           4       0.00      0.00      0.00      1763
           5       0.79      0.01      0.01      4392
           6       0.79      0.37      0.51     11089
           7       0.57      0.27      0.37     22288
           8       0.00      0.00      0.00      1971
           9       0.57      0.94      0.71     60017

   micro avg       0.61      0.61      0.61    129342
   macro avg       0.42      0.24      0.25    129342
weighted avg       0.59      0.61      0.53    129342
 samples avg       0.61      0.61      0.61    129342


[[  519     0     0     6     0     2    10   178     0  7548]
 [    7     0     0   188     0     0    44   417     0  3312]
 [    7     0     0     8     0     0    14    56     0   965]
 [   12     0     0 11182     0     0    36  1071     0  2240]
 [    0     0     0    14     0     0     6    47     0  1696]
 [   78     0     0    49     0    27     7   333     0  3898]
 [    1     0     0   220     0     0  4133   172     0  6563]
 [   62     0     0   749     0     2    95  6046     0 15334]
 [    4     0     0    60     0     0     6   311     0  1590]
 [  219     0     0   511     0     3   851  2008     0 56425]]

Results of Validation Set

--------------------
Accuracy: 0.5933571461706174, F1 Score: 0.2451780457605386, Precision: 0.38674209480536015, Recall: 0.2367066393814435

              precision    recall  f1-score   support

           0       0.57      0.07      0.12      2797
           1       0.00      0.00      0.00      1370
           2       0.00      0.00      0.00       371
           3       0.84      0.75      0.79      4733
           4       0.00      0.00      0.00       600
           5       0.60      0.00      0.01      1417
           6       0.76      0.36      0.48      3795
           7       0.54      0.26      0.35      7454
           8       0.00      0.00      0.00       665
           9       0.56      0.93      0.70     19912

   micro avg       0.59      0.59      0.59     43114
   macro avg       0.39      0.24      0.25     43114
weighted avg       0.57      0.59      0.52     43114
 samples avg       0.59      0.59      0.59     43114


[[  188     0     0     4     0     1     2    63     0  2539]
 [    1     0     0    88     0     0    27   168     0  1086]
 [    4     0     0     2     0     0     4    16     0   345]
 [    1     0     0  3561     0     0    16   362     0   793]
 [    0     0     0     2     0     0     0    26     0   572]
 [   23     0     0    13     0     6     4   118     0  1253]
 [    0     0     0    78     0     0  1348    54     0  2315]
 [   29     0     0   278     0     0    29  1901     0  5217]
 [    4     0     0    22     0     0     1   109     0   529]
 [   81     0     0   201     0     3   333   716     0 18578]]

Results of Test Set

--------------------
Accuracy: 0.5940065871874565, F1 Score: 0.24260776871855944, Precision: 0.3809792416355961, Recall: 0.23498716370854744

              precision    recall  f1-score   support

           0       0.53      0.05      0.10      2795
           1       0.00      0.00      0.00      1321
           2       0.00      0.00      0.00       355
           3       0.85      0.75      0.80      4700
           4       0.00      0.00      0.00       585
           5       0.57      0.00      0.01      1504
           6       0.76      0.36      0.48      3669
           7       0.54      0.25      0.34      7506
           8       0.00      0.00      0.00       666
           9       0.56      0.94      0.70     20013

   micro avg       0.59      0.59      0.59     43114
   macro avg       0.38      0.23      0.24     43114
weighted avg       0.57      0.59      0.52     43114
 samples avg       0.59      0.59      0.59     43114


[[  146     0     0     1     0     0     4    68     0  2576]
 [    0     0     0    52     0     0    18   151     0  1100]
 [    5     0     0     3     0     0     5    18     0   324]
 [    0     0     0  3534     0     0    18   365     0   783]
 [    0     0     0     4     0     0     3    17     0   561]
 [   32     0     0    14     0     4     5   106     0  1343]
 [    0     0     0    74     0     0  1303    59     0  2233]
 [   18     0     0   284     0     1    30  1891     0  5282]
 [    1     0     0    19     0     0     1   111     0   534]
 [   75     0     0   187     0     2   326   691     0 18732]]

