Title: Fully Connected - Words: 1000, Batch: 32, Epochs: 1, Outputs: 16

Results of Training Set

--------------------
Accuracy: 0.5858421858329081, F1 Score: 0.21747844385124107, Precision: 0.4359573172190885, Recall: 0.21800495284627236

              precision    recall  f1-score   support

           0       0.83      0.00      0.00      8263
           1       0.00      0.00      0.00      3968
           2       0.00      0.00      0.00      1050
           3       0.84      0.77      0.80     14541
           4       0.00      0.00      0.00      1763
           5       0.75      0.00      0.00      4392
           6       0.80      0.28      0.42     11089
           7       0.59      0.16      0.25     22288
           8       0.00      0.00      0.00      1971
           9       0.55      0.96      0.70     60017

   micro avg       0.59      0.59      0.59    129342
   macro avg       0.44      0.22      0.22    129342
weighted avg       0.60      0.59      0.49    129342
 samples avg       0.59      0.59      0.59    129342


[[    5     0     0     8     0     0     1    71     0  8178]
 [    0     0     0   210     0     0    29   238     0  3491]
 [    0     0     0     9     0     0     9    27     0  1005]
 [    0     0     0 11216     0     0    20   752     0  2553]
 [    0     0     0    15     0     0     4    32     0  1712]
 [    0     0     0    60     0     3     4   160     0  4165]
 [    0     0     0   231     0     0  3128    89     0  7641]
 [    1     0     0   969     0     0    59  3614     0 17645]
 [    0     0     0    66     0     0     9   173     0  1723]
 [    0     0     0   587     0     1   628   993     0 57808]]

Results of Validation Set

--------------------
Accuracy: 0.5794637472746672, F1 Score: 0.21494569317403417, Precision: 0.27298827006048876, Recall: 0.21624565974155713

              precision    recall  f1-score   support

           0       0.00      0.00      0.00      2797
           1       0.00      0.00      0.00      1370
           2       0.00      0.00      0.00       371
           3       0.83      0.76      0.79      4733
           4       0.00      0.00      0.00       600
           5       0.00      0.00      0.00      1417
           6       0.78      0.28      0.41      3795
           7       0.58      0.16      0.25      7454
           8       0.00      0.00      0.00       665
           9       0.54      0.96      0.69     19912

   micro avg       0.58      0.58      0.58     43114
   macro avg       0.27      0.22      0.21     43114
weighted avg       0.51      0.58      0.49     43114
 samples avg       0.58      0.58      0.58     43114


[[    0     0     0     4     0     0     2    26     0  2765]
 [    0     0     0    82     0     0    17    82     0  1189]
 [    0     0     0     2     0     0     2     5     0   362]
 [    0     0     0  3605     0     0    12   248     0   868]
 [    0     0     0     2     0     0     0    15     0   583]
 [    0     0     0    10     0     0     0    71     0  1336]
 [    0     0     0    80     0     0  1066    30     0  2619]
 [    0     0     0   325     0     0    19  1189     0  5921]
 [    0     0     0    20     0     0     1    68     0   576]
 [    0     0     0   219     0     0   242   328     0 19123]]

Results of Test Set

--------------------
Accuracy: 0.578837500579858, F1 Score: 0.21289780108538098, Precision: 0.419968338028646, Recall: 0.2150548376758754

              precision    recall  f1-score   support

           0       1.00      0.00      0.00      2795
           1       0.00      0.00      0.00      1321
           2       0.00      0.00      0.00       355
           3       0.83      0.77      0.80      4700
           4       0.00      0.00      0.00       585
           5       0.50      0.00      0.00      1504
           6       0.78      0.28      0.41      3669
           7       0.55      0.15      0.23      7506
           8       0.00      0.00      0.00       666
           9       0.54      0.96      0.69     20013

   micro avg       0.58      0.58      0.58     43114
   macro avg       0.42      0.22      0.21     43114
weighted avg       0.59      0.58      0.48     43114
 samples avg       0.58      0.58      0.58     43114


[[    1     0     0     3     0     1     1    29     0  2760]
 [    0     0     0    61     0     0    19    85     0  1156]
 [    0     0     0     3     0     0     4     7     0   341]
 [    0     0     0  3601     0     0     8   270     0   821]
 [    0     0     0     3     0     0     2    14     0   566]
 [    0     0     0    16     0     1     2    63     0  1422]
 [    0     0     0    76     0     0  1013    28     0  2552]
 [    0     0     0   365     0     0    19  1092     0  6030]
 [    0     0     0    20     0     0     2    58     0   586]
 [    0     0     0   205     0     0   236   324     0 19248]]

