Title: Fully Connected - Words: 1000, Batch: 64, Epochs: 3, Outputs: 32

Results of Training Set

--------------------
Accuracy: 0.6059207372701829, F1 Score: 0.25646236169838665, Precision: 0.39890992012444776, Recall: 0.24521655671249362

              precision    recall  f1-score   support

           0       0.61      0.06      0.11      8263
           1       0.00      0.00      0.00      3968
           2       0.00      0.00      0.00      1050
           3       0.86      0.75      0.81     14541
           4       0.00      0.00      0.00      1763
           5       0.62      0.03      0.06      4392
           6       0.76      0.41      0.53     11089
           7       0.56      0.26      0.35     22288
           8       0.00      0.00      0.00      1971
           9       0.57      0.94      0.71     60017

   micro avg       0.61      0.61      0.61    129342
   macro avg       0.40      0.25      0.26    129342
weighted avg       0.58      0.61      0.53    129342
 samples avg       0.61      0.61      0.61    129342


[[  479     0     0     5     0    23     7   218     0  7531]
 [    2     0     0   180     0     1    73   396     0  3316]
 [   16     0     0     6     0     3    21    50     0   954]
 [    6     0     0 10962     0     2    55  1143     0  2373]
 [    0     0     0    14     0     0     5    48     0  1696]
 [   67     0     0    45     0   129     8   351     0  3792]
 [    2     0     0   205     0     0  4558   161     0  6163]
 [   59     0     0   739     0    16   124  5773     0 15577]
 [    4     0     0    59     0     2    13   327     0  1566]
 [  153     0     0   464     0    31  1114  1785     0 56470]]

Results of Validation Set

--------------------
Accuracy: 0.5941225587976063, F1 Score: 0.24900902455484322, Precision: 0.377961283576701, Recall: 0.23921768483125644

              precision    recall  f1-score   support

           0       0.58      0.06      0.10      2797
           1       0.00      0.00      0.00      1370
           2       0.00      0.00      0.00       371
           3       0.85      0.74      0.79      4733
           4       0.00      0.00      0.00       600
           5       0.51      0.02      0.05      1417
           6       0.74      0.39      0.51      3795
           7       0.54      0.25      0.34      7454
           8       0.00      0.00      0.00       665
           9       0.56      0.93      0.70     19912

   micro avg       0.59      0.59      0.59     43114
   macro avg       0.38      0.24      0.25     43114
weighted avg       0.56      0.59      0.52     43114
 samples avg       0.59      0.59      0.59     43114


[[  156     0     0     4     0     9     2    64     0  2562]
 [    1     0     0    73     0     1    28   151     0  1116]
 [    4     0     0     0     0     1     5    13     0   348]
 [    2     0     0  3496     0     0    24   386     0   825]
 [    2     0     0     2     0     0     2    24     0   570]
 [   18     0     0    10     0    35     4   121     0  1229]
 [    2     0     0    72     0     0  1490    57     0  2174]
 [   21     0     0   262     0    11    34  1835     0  5291]
 [    1     0     0    19     0     2     3   110     0   530]
 [   60     0     0   176     0    10   424   639     0 18603]]

Results of Test Set

--------------------
Accuracy: 0.5944704736280558, F1 Score: 0.24686316363295724, Precision: 0.37502815645976095, Recall: 0.2378065610521242

              precision    recall  f1-score   support

           0       0.56      0.05      0.09      2795
           1       0.00      0.00      0.00      1321
           2       0.00      0.00      0.00       355
           3       0.85      0.74      0.79      4700
           4       0.00      0.00      0.00       585
           5       0.51      0.02      0.05      1504
           6       0.73      0.39      0.50      3669
           7       0.54      0.24      0.33      7506
           8       0.00      0.00      0.00       666
           9       0.56      0.94      0.70     20013

   micro avg       0.59      0.59      0.59     43114
   macro avg       0.38      0.24      0.25     43114
weighted avg       0.56      0.59      0.52     43114
 samples avg       0.59      0.59      0.59     43114


[[  136     0     0     2     0     5     4    78     0  2570]
 [    0     0     0    55     0     0    21   136     0  1109]
 [    7     0     0     3     0     0     6    15     0   324]
 [    2     0     0  3487     0     0    24   392     0   795]
 [    0     0     0     3     0     0     4    18     0   560]
 [   20     0     0    14     0    37    10   106     0  1317]
 [    0     0     0    67     0     0  1417    50     0  2135]
 [   17     0     0   273     0    18    38  1798     0  5362]
 [    0     0     0    17     0     0     5   119     0   525]
 [   61     0     0   164     0    13   422   598     0 18755]]

