Title: Fully Connected - Words: 1000, Batch: 128, Epochs: 3, Outputs: 32

Results of Training Set

--------------------
Accuracy: 0.6039105626942525, F1 Score: 0.24945363511048443, Precision: 0.38433553735347326, Recall: 0.24248076009701047

              precision    recall  f1-score   support

           0       0.60      0.06      0.11      8263
           1       0.00      0.00      0.00      3968
           2       0.00      0.00      0.00      1050
           3       0.85      0.77      0.81     14541
           4       0.00      0.00      0.00      1763
           5       0.50      0.00      0.00      4392
           6       0.75      0.42      0.54     11089
           7       0.58      0.23      0.33     22288
           8       0.00      0.00      0.00      1971
           9       0.56      0.94      0.71     60017

   micro avg       0.60      0.60      0.60    129342
   macro avg       0.38      0.24      0.25    129342
weighted avg       0.58      0.60      0.53    129342
 samples avg       0.60      0.60      0.60    129342


[[  477     0     0     6     0     2    16   160     0  7602]
 [    4     0     0   180     0     0    74   350     0  3360]
 [   11     0     0     7     0     0    22    55     0   955]
 [   11     0     0 11188     0     0    66   909     0  2367]
 [    0     0     0    16     0     0     8    53     0  1686]
 [   60     0     0    55     0     4    10   337     0  3926]
 [    2     0     0   225     0     0  4668   145     0  6049]
 [   56     0     0   844     0     0   140  5195     0 16053]
 [    6     0     0    57     0     0    15   270     0  1623]
 [  173     0     0   534     0     2  1173  1556     0 56579]]

Results of Validation Set

--------------------
Accuracy: 0.5913392401540103, F1 Score: 0.2413692485548681, Precision: 0.37979867790143473, Recall: 0.23590420201239834

              precision    recall  f1-score   support

           0       0.63      0.05      0.10      2797
           1       0.00      0.00      0.00      1370
           2       0.00      0.00      0.00       371
           3       0.83      0.75      0.79      4733
           4       0.00      0.00      0.00       600
           5       0.50      0.00      0.00      1417
           6       0.73      0.40      0.51      3795
           7       0.55      0.22      0.31      7454
           8       0.00      0.00      0.00       665
           9       0.56      0.94      0.70     19912

   micro avg       0.59      0.59      0.59     43114
   macro avg       0.38      0.24      0.24     43114
weighted avg       0.56      0.59      0.51     43114
 samples avg       0.59      0.59      0.59     43114


[[  146     0     0     3     0     0     5    50     0  2593]
 [    0     0     0    82     0     0    30   137     0  1121]
 [    2     0     0     2     0     0     6    17     0   344]
 [    2     0     0  3559     0     0    24   308     0   840]
 [    0     0     0     2     0     0     4    24     0   570]
 [   13     0     0    12     0     1     4   118     0  1269]
 [    0     0     0    76     0     0  1509    44     0  2166]
 [   13     0     0   307     0     1    39  1645     0  5449]
 [    2     0     0    21     0     0     2    99     0   541]
 [   52     0     0   221     0     0   451   553     0 18635]]

Results of Test Set

--------------------
Accuracy: 0.5914320174421301, F1 Score: 0.2403363389598021, Precision: 0.32272503105765055, Recall: 0.2351183375109503

              precision    recall  f1-score   support

           0       0.57      0.05      0.09      2795
           1       0.00      0.00      0.00      1321
           2       0.00      0.00      0.00       355
           3       0.84      0.75      0.79      4700
           4       0.00      0.00      0.00       585
           5       0.00      0.00      0.00      1504
           6       0.72      0.40      0.51      3669
           7       0.55      0.21      0.31      7506
           8       0.00      0.00      0.00       666
           9       0.56      0.94      0.70     20013

   micro avg       0.59      0.59      0.59     43114
   macro avg       0.32      0.24      0.24     43114
weighted avg       0.54      0.59      0.51     43114
 samples avg       0.59      0.59      0.59     43114


[[  144     0     0     4     0     0     6    58     0  2583]
 [    1     0     0    55     0     0    24   117     0  1124]
 [    1     0     0     4     0     0     6    17     0   327]
 [    1     0     0  3542     0     0    22   325     0   810]
 [    0     0     0     4     0     0     6    17     0   558]
 [   21     0     0    15     0     0     9    99     0  1360]
 [    0     0     0    72     0     0  1451    49     0  2097]
 [   24     0     0   326     0     1    42  1599     0  5514]
 [    2     0     0    19     0     0     3    96     0   546]
 [   59     0     0   182     0     0   456   553     0 18763]]

