Title: Fully Connected - Words: 1000, Batch: 32, Epochs: 3, Outputs: 64

Results of Training Set

--------------------
Accuracy: 0.6192497409967374, F1 Score: 0.2882471337480096, Precision: 0.5030841745560191, Recall: 0.2680665046798133

              precision    recall  f1-score   support

           0       0.59      0.13      0.22      8263
           1       1.00      0.00      0.00      3968
           2       0.00      0.00      0.00      1050
           3       0.86      0.78      0.82     14541
           4       0.00      0.00      0.00      1763
           5       0.65      0.11      0.19      4392
           6       0.77      0.44      0.56     11089
           7       0.58      0.29      0.39     22288
           8       0.00      0.00      0.00      1971
           9       0.58      0.93      0.72     60017

   micro avg       0.62      0.62      0.62    129342
   macro avg       0.50      0.27      0.29    129342
weighted avg       0.62      0.62      0.56    129342
 samples avg       0.62      0.62      0.62    129342


[[ 1087     0     0     7     0    47     8   218     0  6896]
 [   11     1     0   179     0     5    95   502     0  3175]
 [   11     0     0     5     0     7    15    52     0   960]
 [    9     0     0 11292     0     5    53   985     0  2197]
 [    1     0     0    16     0     0     7    51     0  1688]
 [  153     0     0    50     0   479    14   377     0  3319]
 [    6     0     0   213     0     0  4902   213     0  5755]
 [  128     0     0   802     0    87   152  6473     0 14646]
 [   18     0     0    60     0     9    13   329     0  1542]
 [  418     0     0   494     0    94  1121  2029     0 55861]]

Results of Validation Set

--------------------
Accuracy: 0.602820429558844, F1 Score: 0.27267663384514923, Precision: 0.375124304916017, Recall: 0.25610433914489816

              precision    recall  f1-score   support

           0       0.55      0.12      0.20      2797
           1       0.00      0.00      0.00      1370
           2       0.00      0.00      0.00       371
           3       0.84      0.75      0.79      4733
           4       0.00      0.00      0.00       600
           5       0.50      0.08      0.14      1417
           6       0.74      0.41      0.53      3795
           7       0.55      0.27      0.37      7454
           8       0.00      0.00      0.00       665
           9       0.57      0.92      0.71     19912

   micro avg       0.60      0.60      0.60     43114
   macro avg       0.38      0.26      0.27     43114
weighted avg       0.57      0.60      0.54     43114
 samples avg       0.60      0.60      0.60     43114


[[  332     0     0     4     0    26     5    74     0  2356]
 [    2     0     0    80     0     2    37   183     0  1066]
 [    2     0     0     0     0     4     5    18     0   342]
 [    3     0     0  3571     0     0    25   336     0   798]
 [    3     0     0     3     0     1     2    31     0   560]
 [   48     0     0    12     0   114     7   137     0  1099]
 [    3     0     0    80     0     0  1557    67     0  2088]
 [   53     0     0   285     0    34    51  2047     0  4984]
 [    6     0     0    19     0     6     3   112     0   519]
 [  148     0     0   199     0    39   426   731     0 18369]]

Results of Test Set

--------------------
Accuracy: 0.5990861437120193, F1 Score: 0.2680433100981575, Precision: 0.36334137604411554, Recall: 0.2526752824052306

              precision    recall  f1-score   support

           0       0.49      0.11      0.18      2795
           1       0.00      0.00      0.00      1321
           2       0.00      0.00      0.00       355
           3       0.85      0.76      0.80      4700
           4       0.00      0.00      0.00       585
           5       0.48      0.08      0.13      1504
           6       0.71      0.40      0.51      3669
           7       0.54      0.27      0.36      7506
           8       0.00      0.00      0.00       666
           9       0.57      0.92      0.70     20013

   micro avg       0.60      0.60      0.60     43114
   macro avg       0.36      0.25      0.27     43114
weighted avg       0.56      0.60      0.54     43114
 samples avg       0.60      0.60      0.60     43114


[[  304     0     0     4     0    27     5    79     0  2376]
 [    1     0     0    60     0     2    32   165     0  1061]
 [   12     0     0     4     0     2     8    24     0   305]
 [    0     0     0  3551     0     0    27   351     0   771]
 [    0     0     0     4     0     0     6    19     0   556]
 [   69     0     0    13     0   116     6   134     0  1166]
 [    0     0     0    70     0     1  1470    77     0  2051]
 [   60     0     0   303     0    34    45  1993     0  5071]
 [    5     0     0    16     0     4     3   119     0   519]
 [  166     0     0   176     0    57   463   756     0 18395]]

