Title: Fully Connected - Words: 1000, Batch: 64, Epochs: 3, Outputs: 64

Results of Training Set

--------------------
Accuracy: 0.6184070139629818, F1 Score: 0.2840884722678846, Precision: 0.5029579643758645, Recall: 0.2666438839600719

              precision    recall  f1-score   support

           0       0.60      0.13      0.22      8263
           1       0.00      0.00      0.00      3968
           2       1.00      0.00      0.01      1050
           3       0.84      0.80      0.82     14541
           4       0.00      0.00      0.00      1763
           5       0.66      0.08      0.14      4392
           6       0.77      0.44      0.56     11089
           7       0.58      0.28      0.38     22288
           8       0.00      0.00      0.00      1971
           9       0.58      0.93      0.71     60017

   micro avg       0.62      0.62      0.62    129342
   macro avg       0.50      0.27      0.28    129342
weighted avg       0.60      0.62      0.56    129342
 samples avg       0.62      0.62      0.62    129342


[[ 1105     0     0    13     0    40    12   230     0  6863]
 [    5     0     0   224     0     3    90   431     0  3215]
 [   18     0     5     8     0     3    18    70     0   928]
 [   15     0     0 11636     0     2    49   840     0  1999]
 [    1     0     0    20     0     1     7    54     0  1680]
 [   99     0     0    60     0   346     7   336     0  3544]
 [    4     0     0   238     0     0  4873   181     0  5793]
 [  134     0     0   982     0    55   162  6244     0 14711]
 [   14     0     0    72     0     4    11   290     0  1580]
 [  449     0     0   588     0    72  1126  2005     0 55777]]

Results of Validation Set

--------------------
Accuracy: 0.601428770237046, F1 Score: 0.2694772696896232, Precision: 0.4744109973554146, Recall: 0.25521664907196756

              precision    recall  f1-score   support

           0       0.58      0.12      0.19      2797
           1       0.00      0.00      0.00      1370
           2       1.00      0.01      0.01       371
           3       0.82      0.78      0.80      4733
           4       0.00      0.00      0.00       600
           5       0.50      0.06      0.11      1417
           6       0.73      0.41      0.52      3795
           7       0.55      0.26      0.35      7454
           8       0.00      0.00      0.00       665
           9       0.57      0.92      0.70     19912

   micro avg       0.60      0.60      0.60     43114
   macro avg       0.47      0.26      0.27     43114
weighted avg       0.57      0.60      0.54     43114
 samples avg       0.60      0.60      0.60     43114


[[  326     0     0     4     0    18     5    70     0  2374]
 [    3     0     0   102     0     1    36   155     0  1073]
 [    3     0     2     2     0     2     6    17     0   339]
 [    3     0     0  3675     0     0    18   316     0   721]
 [    1     0     0     5     0     0     1    25     0   568]
 [   32     0     0    16     0    89     5   123     0  1152]
 [    2     0     0    86     0     0  1551    52     0  2104]
 [   56     0     0   342     0    26    54  1947     0  5029]
 [    4     0     0    24     0     7     3   105     0   522]
 [  132     0     0   233     0    36   455   716     0 18340]]

Results of Test Set

--------------------
Accuracy: 0.6008953008303567, F1 Score: 0.2667265977771238, Precision: 0.4662123488009316, Recall: 0.25351725907527484

              precision    recall  f1-score   support

           0       0.53      0.11      0.18      2795
           1       0.00      0.00      0.00      1321
           2       1.00      0.00      0.01       355
           3       0.82      0.78      0.80      4700
           4       0.00      0.00      0.00       585
           5       0.47      0.06      0.11      1504
           6       0.72      0.40      0.52      3669
           7       0.55      0.26      0.35      7506
           8       0.00      0.00      0.00       666
           9       0.57      0.92      0.70     20013

   micro avg       0.60      0.60      0.60     43114
   macro avg       0.47      0.25      0.27     43114
weighted avg       0.57      0.60      0.53     43114
 samples avg       0.60      0.60      0.60     43114


[[  308     0     0     6     0    18     4    71     0  2388]
 [    4     0     0    71     0     1    30   150     0  1065]
 [    8     0     1     4     0     2     6    21     0   313]
 [    4     0     0  3667     0     0    20   314     0   695]
 [    2     0     0     5     0     0     5    18     0   555]
 [   47     0     0    20     0    92     9   104     0  1232]
 [    0     0     0    74     0     1  1480    60     0  2054]
 [   59     0     0   384     0    33    44  1923     0  5063]
 [    4     0     0    23     0     6     4   110     0   519]
 [  144     0     0   222     0    43   452   716     0 18436]]

