Title: Fully Connected - Words: 1000, Batch: 128, Epochs: 3, Outputs: 64

Results of Training Set

--------------------
Accuracy: 0.6142165731162345, F1 Score: 0.2775279694592741, Precision: 0.4000542366593834, Recall: 0.2619267038277742

              precision    recall  f1-score   support

           0       0.62      0.13      0.21      8263
           1       0.00      0.00      0.00      3968
           2       0.00      0.00      0.00      1050
           3       0.85      0.78      0.82     14541
           4       0.00      0.00      0.00      1763
           5       0.64      0.06      0.11      4392
           6       0.74      0.45      0.56     11089
           7       0.58      0.26      0.36     22288
           8       0.00      0.00      0.00      1971
           9       0.58      0.93      0.71     60017

   micro avg       0.61      0.61      0.61    129342
   macro avg       0.40      0.26      0.28    129342
weighted avg       0.59      0.61      0.55    129342
 samples avg       0.61      0.61      0.61    129342


[[ 1067     0     0     7     0    33    25   185     0  6946]
 [    7     0     0   209     0     2   115   410     0  3225]
 [   19     0     0     7     0     4    27    56     0   937]
 [   16     0     0 11395     0     4    49   913     0  2164]
 [    5     0     0    23     0     0    14    44     0  1677]
 [   80     0     0    57     0   269    18   328     0  3640]
 [    5     0     0   230     0     0  5019   188     0  5647]
 [  123     0     0   884     0    46   178  5839     0 15218]
 [    8     0     0    70     0     5    18   297     0  1573]
 [  393     0     0   515     0    59  1307  1888     0 55855]]

Results of Validation Set

--------------------
Accuracy: 0.5997123904068284, F1 Score: 0.26483324565769006, Precision: 0.37400999780192407, Recall: 0.2521320300254636

              precision    recall  f1-score   support

           0       0.58      0.11      0.19      2797
           1       0.00      0.00      0.00      1370
           2       0.00      0.00      0.00       371
           3       0.83      0.77      0.80      4733
           4       0.00      0.00      0.00       600
           5       0.49      0.05      0.09      1417
           6       0.72      0.43      0.53      3795
           7       0.55      0.25      0.34      7454
           8       0.00      0.00      0.00       665
           9       0.57      0.92      0.70     19912

   micro avg       0.60      0.60      0.60     43114
   macro avg       0.37      0.25      0.26     43114
weighted avg       0.56      0.60      0.53     43114
 samples avg       0.60      0.60      0.60     43114


[[  312     0     0     3     0    17     9    60     0  2396]
 [    2     0     0    80     0     2    42   153     0  1091]
 [    5     0     0     3     0     1     7    18     0   337]
 [    3     0     0  3624     0     0    20   312     0   774]
 [    1     0     0     4     0     0     3    30     0   562]
 [   29     0     0    13     0    66     9   121     0  1179]
 [    3     0     0    81     0     0  1613    53     0  2045]
 [   38     0     0   319     0    20    46  1858     0  5173]
 [    4     0     0    21     0     5     4   116     0   515]
 [  138     0     0   211     0    23   496   661     0 18383]]

Results of Test Set

--------------------
Accuracy: 0.597856844644431, F1 Score: 0.26233812102522014, Precision: 0.37220076569142774, Recall: 0.25003691015852536

              precision    recall  f1-score   support

           0       0.53      0.10      0.17      2795
           1       0.00      0.00      0.00      1321
           2       0.00      0.00      0.00       355
           3       0.84      0.77      0.80      4700
           4       0.00      0.00      0.00       585
           5       0.55      0.05      0.09      1504
           6       0.70      0.42      0.52      3669
           7       0.54      0.24      0.33      7506
           8       0.00      0.00      0.00       666
           9       0.57      0.92      0.70     20013

   micro avg       0.60      0.60      0.60     43114
   macro avg       0.37      0.25      0.26     43114
weighted avg       0.56      0.60      0.53     43114
 samples avg       0.60      0.60      0.60     43114


[[  280     0     0     4     0    12     7    74     0  2418]
 [    5     0     0    57     0     1    35   145     0  1078]
 [    7     0     0     4     0     1    10    17     0   316]
 [    4     0     0  3598     0     0    19   321     0   758]
 [    1     0     0     4     0     0     7    17     0   556]
 [   31     0     0    16     0    77    12   115     0  1253]
 [    1     0     0    72     0     0  1538    60     0  1998]
 [   48     0     0   319     0    21    52  1811     0  5255]
 [    4     0     0    17     0     2     3   118     0   522]
 [  151     0     0   193     0    27   512   658     0 18472]]

