Title: Fully Connected - Words: 1000, Batch: 32, Epochs: 3, Outputs: 128

Results of Training Set

--------------------
Accuracy: 0.6316123146387098, F1 Score: 0.3178010047768739, Precision: 0.6864550770342959, Recall: 0.2895789001189186

              precision    recall  f1-score   support

           0       0.62      0.22      0.33      8263
           1       0.83      0.00      0.00      3968
           2       0.91      0.03      0.05      1050
           3       0.88      0.77      0.82     14541
           4       0.00      0.00      0.00      1763
           5       0.69      0.15      0.24      4392
           6       0.76      0.47      0.58     11089
           7       0.58      0.33      0.42     22288
           8       1.00      0.00      0.01      1971
           9       0.59      0.92      0.72     60017

   micro avg       0.63      0.63      0.63    129342
   macro avg       0.69      0.29      0.32    129342
weighted avg       0.65      0.63      0.58    129342
 samples avg       0.63      0.63      0.63    129342


[[ 1833     0     0     5     0    54    17   340     0  6014]
 [   13     5     0   181     0     4   111   500     0  3154]
 [   41     0    29     4     0     6    26    72     0   872]
 [   22     0     0 11218     0     4    68  1043     0  2186]
 [    5     0     0    14     0     3     9    48     0  1684]
 [  139     0     0    41     0   644    15   489     0  3064]
 [    6     0     0   202     0     1  5251   216     0  5413]
 [  200     0     2   640     0   102   181  7288     0 13875]
 [   22     0     0    59     0     7    17   362     6  1498]
 [  657     1     1   377     0   110  1239  2212     0 55420]]

Results of Validation Set

--------------------
Accuracy: 0.6064619381175488, F1 Score: 0.2900006434009354, Precision: 0.5923655193304296, Recall: 0.26845665224171145

              precision    recall  f1-score   support

           0       0.54      0.18      0.28      2797
           1       0.50      0.00      0.00      1370
           2       0.67      0.01      0.02       371
           3       0.85      0.74      0.79      4733
           4       0.00      0.00      0.00       600
           5       0.54      0.11      0.18      1417
           6       0.70      0.43      0.53      3795
           7       0.54      0.30      0.39      7454
           8       1.00      0.00      0.00       665
           9       0.58      0.91      0.71     19912

   micro avg       0.61      0.61      0.61     43114
   macro avg       0.59      0.27      0.29     43114
weighted avg       0.61      0.61      0.55     43114
 samples avg       0.61      0.61      0.61     43114


[[  517     0     0     5     0    24     8   117     0  2126]
 [    3     1     0    77     0     2    42   188     0  1057]
 [   11     0     4     1     0     1    10    18     0   326]
 [    7     0     0  3501     0     1    30   366     0   828]
 [    6     0     0     4     0     0     5    30     0   555]
 [   53     0     0    12     0   153     5   170     0  1024]
 [    3     0     0    72     0     0  1634    68     0  2018]
 [   97     0     1   251     0    40    60  2230     0  4775]
 [    9     0     0    21     0     9     3   119     1   503]
 [  252     1     1   160     0    53   522   817     0 18106]]

Results of Test Set

--------------------
Accuracy: 0.604977501507631, F1 Score: 0.2876802591688942, Precision: 0.5735437214833737, Recall: 0.2660583900604531

              precision    recall  f1-score   support

           0       0.53      0.18      0.26      2795
           1       0.00      0.00      0.00      1321
           2       1.00      0.02      0.03       355
           3       0.86      0.74      0.80      4700
           4       0.00      0.00      0.00       585
           5       0.55      0.10      0.16      1504
           6       0.69      0.42      0.53      3669
           7       0.53      0.29      0.38      7506
           8       1.00      0.00      0.01       666
           9       0.58      0.91      0.71     20013

   micro avg       0.60      0.60      0.60     43114
   macro avg       0.57      0.27      0.29     43114
weighted avg       0.59      0.60      0.55     43114
 samples avg       0.60      0.60      0.60     43114


[[  494     0     0     1     0    21     7   123     0  2149]
 [    6     0     0    53     0     1    38   184     0  1039]
 [   16     0     6     3     0     4     9    30     0   287]
 [    8     0     0  3474     0     0    30   377     0   811]
 [    4     0     0     5     0     0     5    18     0   553]
 [   62     0     0    16     0   144    11   148     0  1123]
 [    2     0     0    68     0     2  1557    83     0  1957]
 [   91     0     0   255     0    39    59  2205     0  4857]
 [    3     0     0    20     0     6     2   127     3   505]
 [  254     0     0   143     0    47   530   839     0 18200]]

