Title: Fully Connected - Words: 1000, Batch: 64, Epochs: 3, Outputs: 128

Results of Training Set

--------------------
Accuracy: 0.6329885110791544, F1 Score: 0.3155435693757037, Precision: 0.6251974736052734, Recall: 0.2910156721886194

              precision    recall  f1-score   support

           0       0.69      0.14      0.23      8263
           1       0.67      0.00      0.00      3968
           2       0.97      0.03      0.05      1050
           3       0.84      0.81      0.83     14541
           4       0.00      0.00      0.00      1763
           5       0.65      0.20      0.30      4392
           6       0.77      0.46      0.58     11089
           7       0.57      0.36      0.44     22288
           8       0.50      0.00      0.00      1971
           9       0.60      0.92      0.72     60017

   micro avg       0.63      0.63      0.63    129342
   macro avg       0.63      0.29      0.32    129342
weighted avg       0.64      0.63      0.58    129342
 samples avg       0.63      0.63      0.63    129342


[[ 1166     0     0    15     0    94    18   383     0  6587]
 [    7     2     0   229     0     8    97   579     0  3046]
 [   24     0    28     6     0     6    26    81     0   879]
 [   14     0     0 11818     0     4    58   882     0  1765]
 [    5     0     0    21     0     4     8    75     0  1650]
 [   69     0     0    70     0   859    18   517     0  2859]
 [    2     0     0   235     0     3  5108   255     0  5486]
 [   92     1     0   990     0   147   158  7961     0 12939]
 [    9     0     0    72     0    17    13   378     1  1481]
 [  298     0     1   574     0   181  1143  2890     1 54929]]

Results of Validation Set

--------------------
Accuracy: 0.6081087349816765, F1 Score: 0.28838702375857944, Precision: 0.45845199868732517, Recall: 0.27009435107388924

              precision    recall  f1-score   support

           0       0.61      0.12      0.20      2797
           1       0.00      0.00      0.00      1370
           2       0.80      0.01      0.02       371
           3       0.82      0.78      0.80      4733
           4       0.00      0.00      0.00       600
           5       0.52      0.14      0.22      1417
           6       0.73      0.42      0.53      3795
           7       0.53      0.33      0.40      7454
           8       0.00      0.00      0.00       665
           9       0.58      0.90      0.71     19912

   micro avg       0.61      0.61      0.61     43114
   macro avg       0.46      0.27      0.29     43114
weighted avg       0.58      0.61      0.55     43114
 samples avg       0.61      0.61      0.61     43114


[[  334     0     0     6     0    34     6   136     0  2281]
 [    0     0     0    98     0     3    37   205     0  1027]
 [    8     0     4     3     0     1     9    27     0   319]
 [    2     0     0  3704     0     1    23   322     0   681]
 [    1     0     0     6     0     1     2    37     0   553]
 [   27     0     0    17     0   197     4   188     0   984]
 [    4     0     0    88     0     0  1595    87     0  2021]
 [   35     0     1   358     0    51    51  2444     0  4514]
 [    2     0     0    26     0    13     4   136     0   484]
 [  132     0     0   234     0    79   454  1073     0 17940]]

Results of Test Set

--------------------
Accuracy: 0.6060676346430394, F1 Score: 0.2838452013695256, Precision: 0.5998421668432198, Recall: 0.2667574755419389

              precision    recall  f1-score   support

           0       0.54      0.10      0.17      2795
           1       0.50      0.00      0.00      1321
           2       0.80      0.01      0.02       355
           3       0.82      0.79      0.80      4700
           4       0.00      0.00      0.00       585
           5       0.51      0.14      0.21      1504
           6       0.72      0.41      0.52      3669
           7       0.52      0.32      0.39      7506
           8       1.00      0.00      0.00       666
           9       0.58      0.90      0.71     20013

   micro avg       0.61      0.61      0.61     43114
   macro avg       0.60      0.27      0.28     43114
weighted avg       0.60      0.61      0.55     43114
 samples avg       0.61      0.61      0.61     43114


[[  274     0     0     6     0    41     8   139     0  2327]
 [    3     1     0    70     0     1    35   197     0  1014]
 [    9     0     4     4     0     3     9    36     0   290]
 [    3     1     0  3703     0     0    18   328     0   647]
 [    1     0     0     5     0     1     4    25     0   549]
 [   31     0     0    19     0   204     9   173     0  1068]
 [    1     0     0    79     0     3  1514    87     0  1985]
 [   43     0     0   391     0    54    47  2391     0  4580]
 [    3     0     0    21     0     6     2   143     1   490]
 [  136     0     1   213     0    86   453  1086     0 18038]]

