Title: Fully Connected - Words: 1000, Batch: 128, Epochs: 3, Outputs: 128

Results of Training Set

--------------------
Accuracy: 0.6326251333673517, F1 Score: 0.3173782317940056, Precision: 0.5468925574426453, Recall: 0.2938972081938912

              precision    recall  f1-score   support

           0       0.57      0.25      0.35      8263
           1       0.50      0.00      0.00      3968
           2       0.95      0.02      0.04      1050
           3       0.84      0.81      0.82     14541
           4       0.00      0.00      0.00      1763
           5       0.67      0.14      0.23      4392
           6       0.76      0.48      0.59     11089
           7       0.57      0.33      0.42     22288
           8       0.00      0.00      0.00      1971
           9       0.60      0.91      0.72     60017

   micro avg       0.63      0.63      0.63    129342
   macro avg       0.55      0.29      0.32    129342
weighted avg       0.62      0.63      0.58    129342
 samples avg       0.63      0.63      0.63    129342


[[ 2103     0     0    18     0    55    23   359     0  5705]
 [   18     1     0   234     0     5   119   530     0  3061]
 [   61     0    20     9     0     6    20    71     0   863]
 [   27     0     0 11759     0     7    51   892     0  1805]
 [   12     0     0    25     0     3    13    58     0  1652]
 [  211     0     0    71     0   607    19   495     0  2989]
 [    8     0     0   237     0     2  5268   218     0  5356]
 [  282     1     0   953     0    95   172  7412     0 13373]
 [   47     0     0    73     0    18    16   395     0  1422]
 [  897     0     1   623     0   112  1210  2519     0 54655]]

Results of Validation Set

--------------------
Accuracy: 0.6075520712529573, F1 Score: 0.29273203347092375, Precision: 0.4658959835430731, Recall: 0.27464154217768666

              precision    recall  f1-score   support

           0       0.52      0.22      0.31      2797
           1       0.00      0.00      0.00      1370
           2       1.00      0.01      0.02       371
           3       0.81      0.78      0.80      4733
           4       0.00      0.00      0.00       600
           5       0.50      0.10      0.16      1417
           6       0.71      0.43      0.54      3795
           7       0.53      0.31      0.39      7454
           8       0.00      0.00      0.00       665
           9       0.58      0.89      0.71     19912

   micro avg       0.61      0.61      0.61     43114
   macro avg       0.47      0.27      0.29     43114
weighted avg       0.57      0.61      0.55     43114
 samples avg       0.61      0.61      0.61     43114


[[  615     0     0     8     0    21     6   117     0  2030]
 [    3     0     0   100     0     3    49   192     0  1023]
 [   16     0     4     4     0     1     8    17     0   321]
 [    3     0     0  3712     0     2    22   312     0   682]
 [    6     0     0     3     0     2     4    38     0   547]
 [   75     0     0    16     0   140     7   169     0  1010]
 [    5     0     0    93     0     0  1634    65     0  1998]
 [  109     0     0   348     0    46    57  2302     0  4592]
 [   13     0     0    27     0     8     3   134     0   480]
 [  334     0     0   245     0    58   522   966     0 17787]]

Results of Test Set

--------------------
Accuracy: 0.6060676346430394, F1 Score: 0.2905555828922018, Precision: 0.462797581177899, Recall: 0.2727446407688975

              precision    recall  f1-score   support

           0       0.49      0.21      0.30      2795
           1       0.00      0.00      0.00      1321
           2       1.00      0.01      0.02       355
           3       0.82      0.79      0.80      4700
           4       0.00      0.00      0.00       585
           5       0.50      0.10      0.17      1504
           6       0.70      0.42      0.53      3669
           7       0.52      0.30      0.38      7506
           8       0.00      0.00      0.00       666
           9       0.58      0.89      0.71     20013

   micro avg       0.61      0.61      0.61     43114
   macro avg       0.46      0.27      0.29     43114
weighted avg       0.57      0.61      0.55     43114
 samples avg       0.61      0.61      0.61     43114


[[  593     0     0     4     0    26    10   124     0  2038]
 [   10     0     0    69     0     2    32   192     0  1016]
 [   19     0     4     4     0     2     9    26     0   291]
 [    9     0     0  3707     0     0    19   329     0   636]
 [    4     0     0     4     0     0     4    24     0   549]
 [   75     0     0    22     0   151    11   169     0  1076]
 [    1     0     0    81     0     1  1556    77     0  1953]
 [  112     0     0   380     0    51    48  2228     0  4687]
 [    7     0     0    21     0     4     4   146     0   484]
 [  374     0     0   221     0    63   519   945     0 17891]]

