Title: Fully Connected - Words: 1000, Batch: 32, Epochs: 3, Outputs: 256

Results of Training Set

--------------------
Accuracy: 0.6496343028559942, F1 Score: 0.3543438783816278, Precision: 0.6930020570740487, Recall: 0.31882867250961117

              precision    recall  f1-score   support

           0       0.68      0.30      0.41      8263
           1       0.85      0.01      0.02      3968
           2       0.93      0.05      0.10      1050
           3       0.87      0.81      0.84     14541
           4       0.00      0.00      0.00      1763
           5       0.71      0.24      0.36      4392
           6       0.79      0.51      0.62     11089
           7       0.62      0.32      0.43     22288
           8       0.88      0.02      0.04      1971
           9       0.61      0.93      0.73     60017

   micro avg       0.65      0.65      0.65    129342
   macro avg       0.69      0.32      0.35    129342
weighted avg       0.67      0.65      0.60    129342
 samples avg       0.65      0.65      0.65    129342


[[ 2454     0     0     9     0    88     4   258     0  5450]
 [   17    50     0   207     0    13   122   472     1  3086]
 [   38     0    53     6     0     5    18    60     0   870]
 [   23     5     0 11806     0     5    50   814     0  1838]
 [    6     0     0    21     0     3     9    50     0  1674]
 [  164     0     0    53     0  1043     9   368     0  2755]
 [    4     0     1   205     0     1  5626   197     0  5055]
 [  207     4     2   773     0   125   157  7241     2 13777]
 [   21     0     0    66     0    28    17   334    36  1469]
 [  692     0     1   433     0   153  1114  1906     2 55716]]

Results of Validation Set

--------------------
Accuracy: 0.609801920489864, F1 Score: 0.30551378420412717, Precision: 0.6104382646297551, Recall: 0.28071717067825624

              precision    recall  f1-score   support

           0       0.54      0.22      0.32      2797
           1       0.86      0.01      0.02      1370
           2       0.83      0.03      0.05       371
           3       0.83      0.77      0.80      4733
           4       0.00      0.00      0.00       600
           5       0.52      0.15      0.24      1417
           6       0.72      0.43      0.54      3795
           7       0.55      0.28      0.37      7454
           8       0.67      0.01      0.01       665
           9       0.58      0.91      0.71     19912

   micro avg       0.61      0.61      0.61     43114
   macro avg       0.61      0.28      0.31     43114
weighted avg       0.62      0.61      0.56     43114
 samples avg       0.61      0.61      0.61     43114


[[  623     0     0     5     0    42     4    91     0  2032]
 [    3    12     0    97     0     2    47   173     0  1036]
 [   15     0    10     3     0     1     6    19     0   317]
 [    2     1     0  3641     0     1    26   305     1   756]
 [    5     0     0     5     0     1     2    28     0   559]
 [   72     0     0    14     0   218     2   146     0   965]
 [    9     0     0    77     0     0  1636    60     0  2013]
 [   93     0     1   306     0    54    59  2105     0  4836]
 [    4     0     0    26     0    15     5   110     4   501]
 [  324     1     1   191     0    84   498   770     1 18042]]

Results of Test Set

--------------------
Accuracy: 0.6085726214222759, F1 Score: 0.30044766604972367, Precision: 0.6124285278950079, Recall: 0.2779169641327739

              precision    recall  f1-score   support

           0       0.53      0.22      0.31      2795
           1       0.82      0.01      0.01      1321
           2       1.00      0.02      0.03       355
           3       0.84      0.78      0.81      4700
           4       0.00      0.00      0.00       585
           5       0.49      0.14      0.22      1504
           6       0.70      0.42      0.53      3669
           7       0.54      0.27      0.36      7506
           8       0.62      0.01      0.01       666
           9       0.58      0.90      0.71     20013

   micro avg       0.61      0.61      0.61     43114
   macro avg       0.61      0.28      0.30     43114
weighted avg       0.61      0.61      0.55     43114
 samples avg       0.61      0.61      0.61     43114


[[  624     0     0     5     0    47     4   100     0  2015]
 [    7     9     0    69     0     3    46   178     0  1009]
 [   20     0     6     4     0     4     9    19     0   293]
 [    9     2     0  3666     0     0    24   305     0   694]
 [    4     0     0     5     0     2     5    21     0   548]
 [   55     0     0    15     0   213     7   138     0  1076]
 [    2     0     0    69     0     2  1556    78     0  1962]
 [  104     0     0   339     0    68    47  2062     2  4884]
 [    9     0     0    18     0     8     6   124     5   496]
 [  339     0     0   189     0    90   519   778     1 18097]]

