Title: Fully Connected - Words: 1000, Batch: 64, Epochs: 3, Outputs: 256

Results of Training Set

--------------------
Accuracy: 0.6537319664146217, F1 Score: 0.3577150562780702, Precision: 0.6819514617241008, Recall: 0.3282215500331024

              precision    recall  f1-score   support

           0       0.62      0.35      0.45      8263
           1       0.88      0.00      0.01      3968
           2       0.90      0.04      0.08      1050
           3       0.86      0.82      0.84     14541
           4       0.00      0.00      0.00      1763
           5       0.63      0.25      0.36      4392
           6       0.78      0.50      0.61     11089
           7       0.57      0.41      0.48     22288
           8       0.95      0.01      0.02      1971
           9       0.63      0.90      0.74     60017

   micro avg       0.65      0.65      0.65    129342
   macro avg       0.68      0.33      0.36    129342
weighted avg       0.66      0.65      0.61    129342
 samples avg       0.65      0.65      0.65    129342


[[ 2897     0     0    17     0   114    14   438     0  4783]
 [   28    14     0   216     0    14    97   708     0  2891]
 [   61     0    44    10     0     9    24    97     0   805]
 [   29     0     0 11936     0    12    44   994     0  1526]
 [   16     0     0    24     0     2    10    99     0  1612]
 [  227     0     0    62     0  1091    18   526     0  2468]
 [   12     0     1   223     0     5  5568   261     0  5019]
 [  298     2     3   772     0   191   189  9083     0 11750]
 [   53     0     0    77     0    30    17   444    18  1332]
 [ 1036     0     1   542     0   256  1128  3149     1 53904]]

Results of Validation Set

--------------------
Accuracy: 0.6101962239643736, F1 Score: 0.30959079517771804, Precision: 0.635686790339083, Recall: 0.2891128108813895

              precision    recall  f1-score   support

           0       0.50      0.26      0.34      2797
           1       1.00      0.00      0.00      1370
           2       0.75      0.02      0.03       371
           3       0.83      0.78      0.80      4733
           4       0.00      0.00      0.00       600
           5       0.47      0.17      0.25      1417
           6       0.71      0.44      0.54      3795
           7       0.50      0.35      0.42      7454
           8       1.00      0.00      0.00       665
           9       0.60      0.87      0.71     19912

   micro avg       0.61      0.61      0.61     43114
   macro avg       0.64      0.29      0.31     43114
weighted avg       0.62      0.61      0.57     43114
 samples avg       0.61      0.61      0.61     43114


[[  721     0     0     8     0    58     6   165     0  1839]
 [    6     2     0    96     0     4    38   247     0   977]
 [   19     0     6     3     0     1     9    25     0   308]
 [   13     0     0  3707     0     2    28   379     0   604]
 [    8     0     0     5     0     1     4    47     0   535]
 [   94     0     0    14     0   242     7   199     0   861]
 [   11     0     0    88     0     2  1653    92     0  1949]
 [  143     0     1   308     0    81    56  2638     0  4227]
 [    8     0     0    26     0    17     5   155     1   453]
 [  432     0     1   225     0   103   519  1294     0 17338]]

Results of Test Set

--------------------
Accuracy: 0.611216774133692, F1 Score: 0.3096366028381604, Precision: 0.5591111109557219, Recall: 0.2888596018376889

              precision    recall  f1-score   support

           0       0.49      0.26      0.34      2795
           1       0.33      0.00      0.00      1321
           2       0.86      0.02      0.03       355
           3       0.83      0.79      0.81      4700
           4       0.00      0.00      0.00       585
           5       0.46      0.16      0.24      1504
           6       0.71      0.43      0.53      3669
           7       0.51      0.35      0.41      7506
           8       0.80      0.01      0.01       666
           9       0.60      0.87      0.71     20013

   micro avg       0.61      0.61      0.61     43114
   macro avg       0.56      0.29      0.31     43114
weighted avg       0.59      0.61      0.57     43114
 samples avg       0.61      0.61      0.61     43114


[[  736     0     0     6     0    57     5   180     0  1811]
 [    8     1     0    69     0     3    37   227     0   976]
 [   26     0     6     4     0     6    10    33     0   270]
 [   11     0     0  3707     0     0    19   368     0   595]
 [    6     0     0     3     0     0     8    35     0   533]
 [   89     0     0    21     0   242    12   188     0   952]
 [    4     0     0    77     0     2  1578   106     0  1902]
 [  141     2     0   326     0    83    57  2626     0  4271]
 [   11     0     0    20     0     7     3   170     4   451]
 [  455     0     1   223     0   121   508  1252     1 17452]]

