Title: Fully Connected - Words: 1000, Batch: 64, Epochs: 1, Outputs: 16

Results of Training Set

--------------------
Accuracy: 0.5773839897326468, F1 Score: 0.21065913217259774, Precision: 0.2780198304225022, Recall: 0.21234015715212048

              precision    recall  f1-score   support

           0       0.00      0.00      0.00      8263
           1       0.00      0.00      0.00      3968
           2       0.00      0.00      0.00      1050
           3       0.87      0.73      0.79     14541
           4       0.00      0.00      0.00      1763
           5       0.00      0.00      0.00      4392
           6       0.78      0.33      0.46     11089
           7       0.59      0.09      0.16     22288
           8       0.00      0.00      0.00      1971
           9       0.54      0.97      0.69     60017

   micro avg       0.58      0.58      0.58    129342
   macro avg       0.28      0.21      0.21    129342
weighted avg       0.52      0.58      0.48    129342
 samples avg       0.58      0.58      0.58    129342


[[    0     0     0     6     0     0    11    12     0  8234]
 [    0     0     0   141     0     0    42   125     0  3660]
 [    0     0     0     5     0     0    18    17     0  1010]
 [    0     0     0 10599     0     0    50   586     0  3306]
 [    0     0     0    12     0     0     6    17     0  1728]
 [    0     0     0    38     0     0     7    89     0  4258]
 [    0     0     0   199     0     0  3665    42     0  7183]
 [    0     0     0   717     0     0    93  2033     0 19445]
 [    0     0     0    53     0     0    12    68     0  1838]
 [    0     0     0   409     0     0   789   436     0 58383]]

Results of Validation Set

--------------------
Accuracy: 0.5712065686319989, F1 Score: 0.20779960728677996, Precision: 0.274696705525278, Recall: 0.20989917439012779

              precision    recall  f1-score   support

           0       0.00      0.00      0.00      2797
           1       0.00      0.00      0.00      1370
           2       0.00      0.00      0.00       371
           3       0.86      0.72      0.78      4733
           4       0.00      0.00      0.00       600
           5       0.00      0.00      0.00      1417
           6       0.77      0.32      0.45      3795
           7       0.59      0.09      0.16      7454
           8       0.00      0.00      0.00       665
           9       0.53      0.97      0.69     19912

   micro avg       0.57      0.57      0.57     43114
   macro avg       0.27      0.21      0.21     43114
weighted avg       0.51      0.57      0.47     43114
 samples avg       0.57      0.57      0.57     43114


[[    0     0     0     4     0     0     3     5     0  2785]
 [    0     0     0    62     0     0    21    42     0  1245]
 [    0     0     0     0     0     0     6     3     0   362]
 [    0     0     0  3404     0     0    15   204     0  1110]
 [    0     0     0     1     0     0     2     8     0   589]
 [    0     0     0     9     0     0     2    28     0  1378]
 [    0     0     0    72     0     0  1202    22     0  2499]
 [    0     0     0   242     0     0    23   686     0  6503]
 [    0     0     0    16     0     0     1    26     0   622]
 [    0     0     0   142     0     0   288   147     0 19335]]

Results of Test Set

--------------------
Accuracy: 0.5715544834624484, F1 Score: 0.20716182212645462, Precision: 0.27256295507605516, Recall: 0.2097730301239622

              precision    recall  f1-score   support

           0       0.00      0.00      0.00      2795
           1       0.00      0.00      0.00      1321
           2       0.00      0.00      0.00       355
           3       0.86      0.72      0.79      4700
           4       0.00      0.00      0.00       585
           5       0.00      0.00      0.00      1504
           6       0.76      0.32      0.45      3669
           7       0.57      0.09      0.15      7506
           8       0.00      0.00      0.00       666
           9       0.53      0.97      0.69     20013

   micro avg       0.57      0.57      0.57     43114
   macro avg       0.27      0.21      0.21     43114
weighted avg       0.51      0.57      0.47     43114
 samples avg       0.57      0.57      0.57     43114


[[    0     0     0     1     0     0     5     6     0  2783]
 [    0     0     0    42     0     0    18    52     0  1209]
 [    0     0     0     3     0     0     4     7     0   341]
 [    0     0     0  3397     0     0    18   189     0  1096]
 [    0     0     0     3     0     0     3     9     0   570]
 [    0     0     0    13     0     0     8    28     0  1455]
 [    0     0     0    67     0     0  1166     8     0  2428]
 [    0     0     0   259     0     0    26   647     0  6574]
 [    0     0     0    16     0     0     3    27     0   620]
 [    0     0     0   137     0     0   290   154     0 19432]]

