Title: Fully Connected - Words: 1000, Batch: 128, Epochs: 3, Outputs: 256

Results of Training Set

--------------------
Accuracy: 0.6445315520094015, F1 Score: 0.33885269094247267, Precision: 0.6909949582918475, Recall: 0.30869776096530693

              precision    recall  f1-score   support

           0       0.63      0.28      0.39      8263
           1       0.82      0.00      0.01      3968
           2       0.95      0.03      0.07      1050
           3       0.87      0.79      0.83     14541
           4       0.00      0.00      0.00      1763
           5       0.67      0.20      0.31      4392
           6       0.78      0.49      0.60     11089
           7       0.58      0.37      0.45     22288
           8       1.00      0.00      0.01      1971
           9       0.61      0.91      0.73     60017

   micro avg       0.64      0.64      0.64    129342
   macro avg       0.69      0.31      0.34    129342
weighted avg       0.66      0.64      0.60    129342
 samples avg       0.64      0.64      0.64    129342


[[ 2324     0     0     8     0    66    21   353     0  5491]
 [   20    14     0   192     0    10   107   617     0  3008]
 [   48     0    36     6     0     8    25    91     0   836]
 [   23     1     0 11554     0     6    67  1024     0  1866]
 [   13     0     0    21     0     3    12    82     0  1632]
 [  202     0     0    64     0   867    16   495     0  2748]
 [    9     0     1   212     0     5  5395   258     0  5209]
 [  275     2     1   723     0   131   178  8256     0 12722]
 [   37     0     0    61     0    16    18   396     8  1435]
 [  755     0     0   490     0   177  1088  2596     0 54911]]

Results of Validation Set

--------------------
Accuracy: 0.609894697777984, F1 Score: 0.3015231181734102, Precision: 0.5874059520032234, Recall: 0.27907938141434563

              precision    recall  f1-score   support

           0       0.52      0.22      0.31      2797
           1       0.80      0.00      0.01      1370
           2       0.86      0.02      0.03       371
           3       0.84      0.76      0.80      4733
           4       0.00      0.00      0.00       600
           5       0.53      0.14      0.22      1417
           6       0.71      0.43      0.54      3795
           7       0.53      0.33      0.41      7454
           8       0.50      0.00      0.00       665
           9       0.59      0.89      0.71     19912

   micro avg       0.61      0.61      0.61     43114
   macro avg       0.59      0.28      0.30     43114
weighted avg       0.61      0.61      0.56     43114
 samples avg       0.61      0.61      0.61     43114


[[  617     0     0     5     0    27    10   118     0  2020]
 [    4     4     0    86     0     4    45   222     0  1005]
 [   14     0     6     4     0     2     7    25     0   313]
 [    4     1     0  3596     0     2    33   370     0   727]
 [    8     0     0     4     0     1     1    40     0   546]
 [   76     0     0    14     0   195     9   176     0   947]
 [    8     0     0    86     0     1  1629    84     0  1987]
 [  118     0     1   287     0    49    63  2456     0  4480]
 [    7     0     0    22     0     9     4   142     1   480]
 [  327     0     0   198     0    76   482  1037     1 17791]]

Results of Test Set

--------------------
Accuracy: 0.6073665166767176, F1 Score: 0.2991058067545852, Precision: 0.6300547230159437, Recall: 0.27687778611401526

              precision    recall  f1-score   support

           0       0.50      0.22      0.30      2795
           1       0.67      0.00      0.00      1321
           2       1.00      0.03      0.05       355
           3       0.84      0.76      0.80      4700
           4       0.00      0.00      0.00       585
           5       0.49      0.12      0.20      1504
           6       0.70      0.42      0.52      3669
           7       0.52      0.32      0.40      7506
           8       1.00      0.00      0.01       666
           9       0.59      0.89      0.71     20013

   micro avg       0.61      0.61      0.61     43114
   macro avg       0.63      0.28      0.30     43114
weighted avg       0.61      0.61      0.56     43114
 samples avg       0.61      0.61      0.61     43114


[[  608     0     0     3     0    33     9   125     0  2017]
 [   11     2     0    62     0     2    32   205     0  1007]
 [   20     0     9     4     0     4    10    38     0   270]
 [   11     0     0  3591     0     0    26   382     0   690]
 [    4     0     0     4     0     0     5    30     0   542]
 [   92     0     0    17     0   187    12   184     0  1012]
 [    4     0     0    68     0     5  1532    95     0  1965]
 [  123     1     0   326     0    56    52  2425     0  4523]
 [    9     0     0    18     0     5     4   144     3   483]
 [  332     0     0   199     0    89   505  1059     0 17829]]

