Title: Fully Connected - Words: 1000, Batch: 32, Epochs: 3, Outputs: 512

Results of Training Set

--------------------
Accuracy: 0.6804982140372037, F1 Score: 0.41347870216469146, Precision: 0.7933682574773813, Recall: 0.36786949027521737

              precision    recall  f1-score   support

           0       0.72      0.40      0.51      8263
           1       0.87      0.04      0.08      3968
           2       0.83      0.12      0.20      1050
           3       0.89      0.82      0.85     14541
           4       1.00      0.00      0.01      1763
           5       0.76      0.30      0.43      4392
           6       0.80      0.56      0.66     11089
           7       0.60      0.48      0.53     22288
           8       0.81      0.05      0.09      1971
           9       0.65      0.90      0.75     60017

   micro avg       0.68      0.68      0.68    129342
   macro avg       0.79      0.37      0.41    129342
weighted avg       0.70      0.68      0.65    129342
 samples avg       0.68      0.68      0.68    129342


[[ 3283     0     1    14     0    75    13   470     1  4406]
 [   16   174     1   192     0    10   130   709     0  2736]
 [   37     0   122     5     0     7    27   100     0   752]
 [   25     5     0 11971     0     3    62  1024     0  1451]
 [    8     0     1    14     6     3     9    91     0  1631]
 [  169     0     3    53     0  1331    17   626     7  2186]
 [   10     2     3   199     0     6  6249   258     0  4362]
 [  240     7    10   556     0   116   157 10617     4 10581]
 [   36     0     0    67     0    26    19   471    97  1255]
 [  720    11     6   398     0   172  1088  3444    11 54167]]

Results of Validation Set

--------------------
Accuracy: 0.6152061975228464, F1 Score: 0.32990883834512996, Precision: 0.5672854171234769, Recall: 0.30159401695659455

              precision    recall  f1-score   support

           0       0.54      0.26      0.35      2797
           1       0.71      0.02      0.04      1370
           2       0.71      0.06      0.11       371
           3       0.84      0.77      0.80      4733
           4       0.00      0.00      0.00       600
           5       0.54      0.19      0.28      1417
           6       0.69      0.46      0.55      3795
           7       0.50      0.39      0.44      7454
           8       0.53      0.01      0.02       665
           9       0.60      0.86      0.71     19912

   micro avg       0.62      0.62      0.62     43114
   macro avg       0.57      0.30      0.33     43114
weighted avg       0.61      0.62      0.57     43114
 samples avg       0.62      0.62      0.62     43114


[[  724     0     2     6     0    41     9   189     0  1826]
 [    7    25     0    91     0     4    56   277     0   910]
 [   16     0    22     2     0     1     7    36     0   287]
 [    7     4     0  3633     0     2    42   418     0   627]
 [    7     0     0     6     0     1     5    48     0   533]
 [   76     0     1    12     0   265     8   233     1   821]
 [   12     0     0    79     0     1  1737    82     0  1884]
 [  109     0     2   261     0    64    74  2922     3  4019]
 [   11     0     0    25     0    12     5   170     8   434]
 [  361     6     4   196     0   101   584  1469     3 17188]]

Results of Test Set

--------------------
Accuracy: 0.6125620448114302, F1 Score: 0.3255877727166797, Precision: 0.5206070975732896, Recall: 0.29830932504428287

              precision    recall  f1-score   support

           0       0.53      0.26      0.35      2795
           1       0.44      0.01      0.02      1321
           2       0.61      0.06      0.11       355
           3       0.85      0.77      0.81      4700
           4       0.00      0.00      0.00       585
           5       0.53      0.18      0.26      1504
           6       0.68      0.45      0.54      3669
           7       0.49      0.38      0.43      7506
           8       0.48      0.02      0.03       666
           9       0.60      0.86      0.71     20013

   micro avg       0.61      0.61      0.61     43114
   macro avg       0.52      0.30      0.33     43114
weighted avg       0.59      0.61      0.57     43114
 samples avg       0.61      0.61      0.61     43114


[[  727     1     2     7     0    44    11   219     2  1782]
 [    7    12     0    62     0     3    51   248     0   938]
 [   20     0    22     4     0     3    12    38     0   256]
 [    8     2     1  3623     0     1    34   428     0   603]
 [    3     0     0     3     0     0     4    40     0   535]
 [   72     1     1    17     0   265    11   249     0   888]
 [    3     2     0    74     0     2  1639   112     0  1837]
 [  128     3     3   281     0    67    62  2861     8  4093]
 [    8     0     0    21     0    10     7   185    10   425]
 [  400     6     7   195     0   106   581  1466     1 17251]]

