Title: Fully Connected - Words: 1000, Batch: 64, Epochs: 3, Outputs: 512

Results of Training Set

--------------------
Accuracy: 0.6697747058186823, F1 Score: 0.38145557521733087, Precision: 0.7041095507811376, Recall: 0.34219896898072466

              precision    recall  f1-score   support

           0       0.73      0.32      0.45      8263
           1       0.93      0.02      0.05      3968
           2       0.91      0.06      0.11      1050
           3       0.84      0.86      0.85     14541
           4       0.00      0.00      0.00      1763
           5       0.77      0.26      0.39      4392
           6       0.82      0.54      0.65     11089
           7       0.64      0.37      0.47     22288
           8       0.77      0.05      0.10      1971
           9       0.63      0.93      0.75     60017

   micro avg       0.67      0.67      0.67    129342
   macro avg       0.70      0.34      0.38    129342
weighted avg       0.69      0.67      0.63    129342
 samples avg       0.67      0.67      0.67    129342


[[ 2675     0     0    21     0    56    11   331     2  5167]
 [   12    93     0   261     0    11   112   486     1  2992]
 [   34     0    60    10     0     5    21    90     1   829]
 [   21     2     1 12512     0     4    42   591     3  1365]
 [    8     0     0    31     0     3    11    57     0  1653]
 [  156     0     0    78     0  1160    18   446     8  2526]
 [    5     1     1   231     0     1  6005   233     0  4612]
 [  218     2     3  1074     0   104   148  8246     6 12487]
 [   23     0     0   100     0    16    16   295   103  1418]
 [  504     2     1   594     0   143   942  2045    10 55776]]

Results of Validation Set

--------------------
Accuracy: 0.6117502435403813, F1 Score: 0.30849085714106933, Precision: 0.5651472833782372, Recall: 0.28583611525060504

              precision    recall  f1-score   support

           0       0.53      0.21      0.30      2797
           1       0.61      0.01      0.02      1370
           2       0.93      0.04      0.07       371
           3       0.79      0.81      0.80      4733
           4       0.00      0.00      0.00       600
           5       0.55      0.15      0.24      1417
           6       0.71      0.44      0.54      3795
           7       0.54      0.30      0.38      7454
           8       0.40      0.02      0.03       665
           9       0.59      0.90      0.71     19912

   micro avg       0.61      0.61      0.61     43114
   macro avg       0.57      0.29      0.31     43114
weighted avg       0.60      0.61      0.56     43114
 samples avg       0.61      0.61      0.61     43114


[[  576     0     0     8     0    35     8   123     0  2047]
 [    2    11     0   115     0     5    50   189     3   995]
 [   15     0    13     3     0     2     7    28     0   303]
 [    6     0     0  3829     0     2    28   251     1   616]
 [    6     0     0     4     0     0     5    36     0   549]
 [   61     0     0    24     0   217     6   172     2   935]
 [   11     0     0    95     0     1  1670    66     0  1952]
 [  101     3     1   447     0    45    68  2207     7  4575]
 [    8     0     0    28     0    10     4   114    10   491]
 [  293     4     0   290     0    78   514   889     2 17842]]

Results of Test Set

--------------------
Accuracy: 0.6114255230319617, F1 Score: 0.3080733122353881, Precision: 0.5644960038647401, Recall: 0.2856300313052673

              precision    recall  f1-score   support

           0       0.53      0.21      0.30      2795
           1       0.61      0.01      0.02      1321
           2       0.73      0.02      0.04       355
           3       0.80      0.82      0.81      4700
           4       0.00      0.00      0.00       585
           5       0.58      0.16      0.25      1504
           6       0.69      0.43      0.53      3669
           7       0.53      0.29      0.37      7506
           8       0.59      0.03      0.05       666
           9       0.59      0.90      0.71     20013

   micro avg       0.61      0.61      0.61     43114
   macro avg       0.56      0.29      0.31     43114
weighted avg       0.60      0.61      0.56     43114
 samples avg       0.61      0.61      0.61     43114


[[  594     0     0    10     0    31     9   150     1  2000]
 [    9    11     0    84     0     1    36   175     1  1004]
 [   20     0     8     3     0     1    10    34     0   279]
 [   11     1     0  3841     0     0    23   256     1   567]
 [    1     0     0     7     0     2     8    19     0   548]
 [   60     1     0    20     0   234    12   157     1  1019]
 [    1     0     0    80     0     2  1588    85     0  1913]
 [  105     2     2   481     0    59    55  2150     5  4647]
 [    6     0     0    28     0    10     3   121    17   481]
 [  307     3     1   267     0    65   555   894     3 17918]]

