Title: Fully Connected - Words: 1000, Batch: 128, Epochs: 3, Outputs: 512

Results of Training Set

--------------------
Accuracy: 0.6686691098019205, F1 Score: 0.3856964928706696, Precision: 0.6813471418677095, Recall: 0.3485547611039608

              precision    recall  f1-score   support

           0       0.73      0.32      0.45      8263
           1       0.81      0.03      0.05      3968
           2       0.87      0.08      0.15      1050
           3       0.86      0.83      0.85     14541
           4       0.00      0.00      0.00      1763
           5       0.65      0.31      0.42      4392
           6       0.76      0.56      0.65     11089
           7       0.61      0.41      0.49     22288
           8       0.89      0.03      0.05      1971
           9       0.64      0.91      0.75     60017

   micro avg       0.67      0.67      0.67    129342
   macro avg       0.68      0.35      0.39    129342
weighted avg       0.68      0.67      0.63    129342
 samples avg       0.67      0.67      0.67    129342


[[ 2667     0     1    15     0   134    24   447     0  4975]
 [   16   109     1   227     0    11   161   586     0  2857]
 [   27     0    86     8     0    17    31   116     0   765]
 [   23     7     0 12117     0     9    69   799     0  1517]
 [    9     0     0    28     0     4    14    88     0  1620]
 [  111     0     2    65     0  1350    24   521     0  2319]
 [    9     2     1   218     0     7  6237   255     0  4360]
 [  218    12     5   823     0   224   219  9156     3 11628]
 [   38     2     0    80     0    33    29   380    55  1354]
 [  544     3     3   460     0   287  1377  2629     4 54710]]

Results of Validation Set

--------------------
Accuracy: 0.6158788328617154, F1 Score: 0.3218893896154245, Precision: 0.5446137484296165, Recall: 0.29799055119203544

              precision    recall  f1-score   support

           0       0.56      0.21      0.31      2797
           1       0.54      0.01      0.03      1370
           2       0.65      0.04      0.08       371
           3       0.82      0.79      0.81      4733
           4       0.00      0.00      0.00       600
           5       0.46      0.20      0.28      1417
           6       0.68      0.48      0.56      3795
           7       0.53      0.34      0.42      7454
           8       0.60      0.01      0.03       665
           9       0.60      0.88      0.71     19912

   micro avg       0.62      0.62      0.62     43114
   macro avg       0.54      0.30      0.32     43114
weighted avg       0.60      0.62      0.57     43114
 samples avg       0.62      0.62      0.62     43114


[[  600     0     2     9     0    65    10   139     0  1972]
 [    3    19     0    98     0     2    65   233     0   950]
 [    8     0    15     3     0     4    10    30     0   301]
 [    7     3     0  3748     0     6    32   319     0   618]
 [    7     0     0     8     0     1     5    40     0   539]
 [   52     0     1    17     0   288    13   195     0   851]
 [    5     2     0    83     0     1  1820    78     0  1806]
 [   91     6     3   345     0   105    89  2570     2  4243]
 [    6     0     0    33     0    17     4   131     9   465]
 [  283     5     2   230     0   133   638  1133     4 17484]]

Results of Test Set

--------------------
Accuracy: 0.6136289836248087, F1 Score: 0.31837964726196744, Precision: 0.5289554319437682, Recall: 0.295031937033979

              precision    recall  f1-score   support

           0       0.53      0.21      0.30      2795
           1       0.51      0.01      0.03      1321
           2       0.55      0.03      0.06       355
           3       0.82      0.80      0.81      4700
           4       0.00      0.00      0.00       585
           5       0.48      0.19      0.27      1504
           6       0.66      0.47      0.55      3669
           7       0.52      0.33      0.41      7506
           8       0.62      0.02      0.04       666
           9       0.60      0.88      0.71     20013

   micro avg       0.61      0.61      0.61     43114
   macro avg       0.53      0.30      0.32     43114
weighted avg       0.60      0.61      0.57     43114
 samples avg       0.61      0.61      0.61     43114


[[  594     1     1     5     0    65    14   177     0  1938]
 [   11    18     1    68     0     5    52   206     1   959]
 [   18     0    12     3     0     6    11    38     0   267]
 [   10     5     1  3755     0     1    34   300     1   593]
 [    4     0     0     6     0     0     8    27     0   540]
 [   62     3     1    20     0   288    13   192     1   924]
 [    3     0     0    77     0     4  1723   111     0  1751]
 [  104     5     1   374     0    94    74  2508     3  4343]
 [    5     1     0    25     0    10     5   140    13   467]
 [  315     2     5   219     0   130   664  1131     2 17545]]

