Title: Fully Connected - Words: 1000, Batch: 32, Epochs: 4, Outputs: 10

Results of Training Set

--------------------
Accuracy: 0.5874116682902693, F1 Score: 0.22200782005755593, Precision: 0.35829100131385233, Recall: 0.22004763352673645

              precision    recall  f1-score   support

           0       0.81      0.00      0.00      8263
           1       0.00      0.00      0.00      3968
           2       0.00      0.00      0.00      1050
           3       0.87      0.73      0.80     14541
           4       0.00      0.00      0.00      1763
           5       0.00      0.00      0.00      4392
           6       0.79      0.34      0.48     11089
           7       0.56      0.15      0.24     22288
           8       0.00      0.00      0.00      1971
           9       0.55      0.97      0.70     60017

   micro avg       0.59      0.59      0.59    129342
   macro avg       0.36      0.22      0.22    129342
weighted avg       0.57      0.59      0.50    129342
 samples avg       0.59      0.59      0.59    129342


[[   13     0     0     2     0     1     2    45     0  8200]
 [    0     0     0   152     0     0    53   237     0  3526]
 [    0     0     0     3     0     0    14    32     0  1001]
 [    0     0     0 10676     0     0    34  1136     0  2695]
 [    0     0     0     9     0     0     4    31     0  1719]
 [    0     0     0    36     0     0     7   166     0  4183]
 [    0     0     0   213     0     0  3802    92     0  6982]
 [    2     0     0   701     0     0    85  3452     0 18048]
 [    0     0     0    52     0     0     8   167     0  1744]
 [    1     0     0   386     0     0   812   784     0 58034]]

Results of Validation Set

--------------------
Accuracy: 0.5786287516815883, F1 Score: 0.21719317353262543, Precision: 0.27099850688167715, Recall: 0.2161941821150261

              precision    recall  f1-score   support

           0       0.00      0.00      0.00      2797
           1       0.00      0.00      0.00      1370
           2       0.00      0.00      0.00       371
           3       0.86      0.72      0.78      4733
           4       0.00      0.00      0.00       600
           5       0.00      0.00      0.00      1417
           6       0.77      0.33      0.46      3795
           7       0.54      0.15      0.23      7454
           8       0.00      0.00      0.00       665
           9       0.54      0.96      0.69     19912

   micro avg       0.58      0.58      0.58     43114
   macro avg       0.27      0.22      0.22     43114
weighted avg       0.51      0.58      0.49     43114
 samples avg       0.58      0.58      0.58     43114


[[    0     0     0     4     0     0     3    15     0  2775]
 [    0     0     0    69     0     0    20    81     0  1200]
 [    0     0     0     0     0     0     5     5     0   361]
 [    1     0     0  3392     0     0    18   384     0   938]
 [    0     0     0     2     0     0     0    15     0   583]
 [    0     0     0     9     0     0     2    61     0  1345]
 [    0     0     0    73     0     0  1264    35     0  2423]
 [    0     0     0   226     0     0    29  1110     0  6089]
 [    0     0     0    19     0     0     2    65     0   579]
 [    0     0     0   158     0     0   307   266     0 19181]]

Results of Test Set

--------------------
Accuracy: 0.578907083545948, F1 Score: 0.21627193665587985, Precision: 0.33689581395846785, Recall: 0.21550858697007116

              precision    recall  f1-score   support

           0       0.67      0.00      0.00      2795
           1       0.00      0.00      0.00      1321
           2       0.00      0.00      0.00       355
           3       0.86      0.72      0.78      4700
           4       0.00      0.00      0.00       585
           5       0.00      0.00      0.00      1504
           6       0.76      0.33      0.46      3669
           7       0.54      0.14      0.23      7506
           8       0.00      0.00      0.00       666
           9       0.54      0.96      0.69     20013

   micro avg       0.58      0.58      0.58     43114
   macro avg       0.34      0.22      0.22     43114
weighted avg       0.55      0.58      0.49     43114
 samples avg       0.58      0.58      0.58     43114


[[    2     0     0     1     0     1     1    17     0  2773]
 [    0     0     0    47     0     0    14    89     0  1171]
 [    0     0     0     2     0     0     4    10     0   339]
 [    0     0     0  3382     0     0    17   395     0   906]
 [    0     0     0     3     0     0     4    11     0   567]
 [    0     0     0    13     0     0     9    53     0  1429]
 [    0     0     0    66     0     0  1201    29     0  2373]
 [    0     0     0   250     0     0    30  1074     0  6152]
 [    0     0     0    17     0     0     1    52     0   596]
 [    1     0     0   155     0     0   296   261     0 19300]]

