Title: Fully Connected - Words: 1000, Batch: 64, Epochs: 4, Outputs: 10

Results of Training Set

--------------------
Accuracy: 0.5871874565106462, F1 Score: 0.2193553345946882, Precision: 0.3494174202376693, Recall: 0.22015998431663916

              precision    recall  f1-score   support

           0       0.71      0.00      0.00      8263
           1       0.00      0.00      0.00      3968
           2       0.00      0.00      0.00      1050
           3       0.85      0.77      0.81     14541
           4       0.00      0.00      0.00      1763
           5       0.00      0.00      0.00      4392
           6       0.80      0.32      0.46     11089
           7       0.59      0.14      0.23     22288
           8       0.00      0.00      0.00      1971
           9       0.55      0.97      0.70     60017

   micro avg       0.59      0.59      0.59    129342
   macro avg       0.35      0.22      0.22    129342
weighted avg       0.56      0.59      0.49    129342
 samples avg       0.59      0.59      0.59    129342


[[   15     0     0     6     0     0     1    34     0  8207]
 [    0     0     0   190     0     0    41   241     0  3496]
 [    0     0     0     5     0     0    11    25     0  1009]
 [    0     0     0 11195     0     0    35   727     0  2584]
 [    0     0     0    16     0     0     5    19     0  1723]
 [    1     0     0    56     0     0     5   104     0  4226]
 [    0     0     0   217     0     0  3574    80     0  7218]
 [    1     0     0  1001     0     0    74  3137     0 18075]
 [    0     0     0    64     0     0    12   163     0  1732]
 [    4     0     0   492     0     0   735   759     0 58027]]

Results of Validation Set

--------------------
Accuracy: 0.5780025049867792, F1 Score: 0.21376729045048998, Precision: 0.3308480745071244, Recall: 0.21600715162375872

              precision    recall  f1-score   support

           0       0.60      0.00      0.00      2797
           1       0.00      0.00      0.00      1370
           2       0.00      0.00      0.00       371
           3       0.83      0.76      0.79      4733
           4       0.00      0.00      0.00       600
           5       0.00      0.00      0.00      1417
           6       0.77      0.31      0.44      3795
           7       0.57      0.13      0.21      7454
           8       0.00      0.00      0.00       665
           9       0.54      0.96      0.69     19912

   micro avg       0.58      0.58      0.58     43114
   macro avg       0.33      0.22      0.21     43114
weighted avg       0.55      0.58      0.48     43114
 samples avg       0.58      0.58      0.58     43114


[[    3     0     0     3     0     0     0    14     0  2777]
 [    0     0     0    82     0     0    21    74     0  1193]
 [    0     0     0     1     0     0     3     2     0   365]
 [    0     0     0  3578     0     0    20   259     0   876]
 [    0     0     0     4     0     0     1     7     0   588]
 [    0     0     0    16     0     0     1    34     0  1366]
 [    0     0     0    80     0     0  1166    31     0  2518]
 [    0     0     0   351     0     0    22   985     0  6096]
 [    0     0     0    22     0     0     1    63     0   579]
 [    2     0     0   191     0     0   282   249     0 19188]]

Results of Test Set

--------------------
Accuracy: 0.5780720879528691, F1 Score: 0.21304897364940745, Precision: 0.33189768060355684, Recall: 0.21550280111792505

              precision    recall  f1-score   support

           0       0.64      0.00      0.00      2795
           1       0.00      0.00      0.00      1321
           2       0.00      0.00      0.00       355
           3       0.83      0.76      0.79      4700
           4       0.00      0.00      0.00       585
           5       0.00      0.00      0.00      1504
           6       0.76      0.30      0.44      3669
           7       0.54      0.12      0.20      7506
           8       0.00      0.00      0.00       666
           9       0.54      0.96      0.69     20013

   micro avg       0.58      0.58      0.58     43114
   macro avg       0.33      0.22      0.21     43114
weighted avg       0.54      0.58      0.48     43114
 samples avg       0.58      0.58      0.58     43114


[[    7     0     0     2     0     0     2    17     0  2767]
 [    0     0     0    60     0     0    15    86     0  1160]
 [    0     0     0     3     0     0     4     6     0   342]
 [    0     0     0  3569     0     0    19   278     0   834]
 [    0     0     0     4     0     0     3     8     0   570]
 [    2     0     0    16     0     0     5    38     0  1443]
 [    0     0     0    71     0     0  1119    26     0  2453]
 [    1     0     0   367     0     0    25   930     0  6183]
 [    0     0     0    18     0     0     4    52     0   592]
 [    1     0     0   179     0     0   267   268     0 19298]]

