Title: Fully Connected - Words: 1000, Batch: 128, Epochs: 4, Outputs: 10

Results of Training Set

--------------------
Accuracy: 0.5846747382907331, F1 Score: 0.21722371863296405, Precision: 0.35523143931854223, Recall: 0.21581545896510282

              precision    recall  f1-score   support

           0       0.00      0.00      0.00      8263
           1       0.00      0.00      0.00      3968
           2       0.00      0.00      0.00      1050
           3       0.86      0.74      0.79     14541
           4       0.00      0.00      0.00      1763
           5       0.76      0.00      0.01      4392
           6       0.81      0.28      0.42     11089
           7       0.58      0.16      0.25     22288
           8       0.00      0.00      0.00      1971
           9       0.54      0.97      0.70     60017

   micro avg       0.58      0.58      0.58    129342
   macro avg       0.36      0.22      0.22    129342
weighted avg       0.54      0.58      0.49    129342
 samples avg       0.58      0.58      0.58    129342


[[    0     0     0     4     0     2     1    56     0  8200]
 [    0     0     0   155     0     0    27   271     0  3515]
 [    0     0     0     4     0     0     9    26     0  1011]
 [    0     0     0 10793     0     1    22   885     0  2840]
 [    0     0     0    13     0     0     4    31     0  1715]
 [    0     0     0    48     0    19     4   205     0  4116]
 [    0     0     0   203     0     0  3130    77     0  7679]
 [    0     0     0   880     0     1    57  3602     0 17748]
 [    0     0     0    57     0     0     5   194     0  1715]
 [    0     0     0   464     0     2   582   890     0 58079]]

Results of Validation Set

--------------------
Accuracy: 0.5771675093937004, F1 Score: 0.21326976435058387, Precision: 0.318312723045156, Recall: 0.21286801304157912

              precision    recall  f1-score   support

           0       0.00      0.00      0.00      2797
           1       0.00      0.00      0.00      1370
           2       0.00      0.00      0.00       371
           3       0.85      0.73      0.79      4733
           4       0.00      0.00      0.00       600
           5       0.44      0.00      0.01      1417
           6       0.79      0.27      0.41      3795
           7       0.56      0.15      0.24      7454
           8       0.00      0.00      0.00       665
           9       0.54      0.97      0.69     19912

   micro avg       0.58      0.58      0.58     43114
   macro avg       0.32      0.21      0.21     43114
weighted avg       0.52      0.58      0.48     43114
 samples avg       0.58      0.58      0.58     43114


[[    0     0     0     4     0     0     1    19     0  2773]
 [    0     0     0    66     0     0    18    91     0  1195]
 [    0     0     0     0     0     0     3     6     0   362]
 [    0     0     0  3466     0     0    11   301     0   955]
 [    0     0     0     3     0     0     0    12     0   585]
 [    0     0     0    10     0     4     2    75     0  1326]
 [    0     0     0    72     0     0  1037    25     0  2661]
 [    0     0     0   285     0     2    18  1155     0  5994]
 [    0     0     0    18     0     1     1    67     0   578]
 [    0     0     0   158     0     2   223   307     0 19222]]

Results of Test Set

--------------------
Accuracy: 0.5770051491394906, F1 Score: 0.2121642510075213, Precision: 0.33225331184090745, Recall: 0.21186827128018138

              precision    recall  f1-score   support

           0       0.00      0.00      0.00      2795
           1       0.00      0.00      0.00      1321
           2       0.00      0.00      0.00       355
           3       0.85      0.73      0.79      4700
           4       0.00      0.00      0.00       585
           5       0.60      0.00      0.01      1504
           6       0.78      0.27      0.40      3669
           7       0.55      0.15      0.24      7506
           8       0.00      0.00      0.00       666
           9       0.54      0.97      0.69     20013

   micro avg       0.58      0.58      0.58     43114
   macro avg       0.33      0.21      0.21     43114
weighted avg       0.53      0.58      0.48     43114
 samples avg       0.58      0.58      0.58     43114


[[    0     0     0     1     0     0     0    24     0  2770]
 [    0     0     0    50     0     0    14    95     0  1162]
 [    0     0     0     3     0     0     4     9     0   339]
 [    0     0     0  3437     0     0     9   308     0   946]
 [    0     0     0     3     0     0     3    13     0   566]
 [    0     0     0    14     0     6     3    66     0  1415]
 [    0     0     0    67     0     0   982    26     0  2594]
 [    0     0     0   298     0     1    18  1127     0  6062]
 [    0     0     0    18     0     0     2    71     0   575]
 [    0     0     0   156     0     3   220   309     0 19325]]

