Title: Fully Connected - Words: 1000, Batch: 32, Epochs: 4, Outputs: 16

Results of Training Set

--------------------
Accuracy: 0.5947256111703855, F1 Score: 0.2300836610010558, Precision: 0.3580345755932629, Recall: 0.22710844094689123

              precision    recall  f1-score   support

           0       0.78      0.00      0.01      8263
           1       0.00      0.00      0.00      3968
           2       0.00      0.00      0.00      1050
           3       0.86      0.76      0.81     14541
           4       0.00      0.00      0.00      1763
           5       0.00      0.00      0.00      4392
           6       0.79      0.35      0.49     11089
           7       0.59      0.20      0.30     22288
           8       0.00      0.00      0.00      1971
           9       0.55      0.96      0.70     60017

   micro avg       0.59      0.59      0.59    129342
   macro avg       0.36      0.23      0.23    129342
weighted avg       0.57      0.59      0.51    129342
 samples avg       0.59      0.59      0.59    129342


[[   36     0     0     6     0     0     3   106     0  8112]
 [    0     0     0   182     0     0    54   285     0  3447]
 [    3     0     0     5     0     0    10    32     0  1000]
 [    0     0     0 11022     0     0    27   835     0  2657]
 [    0     0     0    10     0     0     6    30     0  1717]
 [    1     0     0    49     0     0     3   231     0  4108]
 [    0     0     0   215     0     0  3893   108     0  6873]
 [    0     0     0   764     0     0    77  4435     0 17012]
 [    0     0     0    58     0     0     8   247     0  1658]
 [    6     0     0   454     0     0   860  1160     0 57537]]

Results of Validation Set

--------------------
Accuracy: 0.5856334369346384, F1 Score: 0.22526427402663982, Precision: 0.3506200004908594, Recall: 0.2232236358113723

              precision    recall  f1-score   support

           0       0.77      0.01      0.01      2797
           1       0.00      0.00      0.00      1370
           2       0.00      0.00      0.00       371
           3       0.85      0.74      0.79      4733
           4       0.00      0.00      0.00       600
           5       0.00      0.00      0.00      1417
           6       0.77      0.34      0.47      3795
           7       0.57      0.19      0.28      7454
           8       0.00      0.00      0.00       665
           9       0.55      0.96      0.70     19912

   micro avg       0.59      0.59      0.59     43114
   macro avg       0.35      0.22      0.23     43114
weighted avg       0.56      0.59      0.50     43114
 samples avg       0.59      0.59      0.59     43114


[[   17     0     0     4     0     0     2    37     0  2737]
 [    0     0     0    82     0     0    23    98     0  1167]
 [    2     0     0     0     0     0     4     7     0   358]
 [    0     0     0  3516     0     0    18   274     0   925]
 [    0     0     0     2     0     0     0    13     0   585]
 [    0     0     0    11     0     0     1    92     0  1313]
 [    0     0     0    75     0     0  1291    36     0  2393]
 [    2     0     0   276     0     0    25  1398     0  5753]
 [    0     0     0    17     0     0     1    91     0   556]
 [    1     0     0   173     0     0   315   396     0 19027]]

Results of Test Set

--------------------
Accuracy: 0.5846592754093798, F1 Score: 0.2230132485953619, Precision: 0.3608967017643117, Recall: 0.22157756659961586

              precision    recall  f1-score   support

           0       0.89      0.00      0.01      2795
           1       0.00      0.00      0.00      1321
           2       0.00      0.00      0.00       355
           3       0.85      0.75      0.80      4700
           4       0.00      0.00      0.00       585
           5       0.00      0.00      0.00      1504
           6       0.76      0.33      0.46      3669
           7       0.56      0.18      0.27      7506
           8       0.00      0.00      0.00       666
           9       0.55      0.96      0.70     20013

   micro avg       0.58      0.58      0.58     43114
   macro avg       0.36      0.22      0.22     43114
weighted avg       0.57      0.58      0.50     43114
 samples avg       0.58      0.58      0.58     43114


[[    8     0     0     2     0     0     2    37     0  2746]
 [    0     0     0    54     0     0    20   107     0  1140]
 [    0     0     0     4     0     0     5     8     0   338]
 [    0     0     0  3506     0     0     9   275     0   910]
 [    0     0     0     4     0     0     4    12     0   565]
 [    0     0     0    15     0     0     5    73     0  1411]
 [    0     0     0    69     0     0  1218    37     0  2345]
 [    1     0     0   284     0     0    26  1344     0  5851]
 [    0     0     0    16     0     0     2    86     0   562]
 [    0     0     0   161     0     0   317   404     0 19131]]

