Title: Fully Connected - Words: 1000, Batch: 64, Epochs: 4, Outputs: 16

Results of Training Set

--------------------
Accuracy: 0.5944936679500858, F1 Score: 0.2344531103393614, Precision: 0.39874952323485635, Recall: 0.22820385521719233

              precision    recall  f1-score   support

           0       0.57      0.03      0.05      8263
           1       0.00      0.00      0.00      3968
           2       0.00      0.00      0.00      1050
           3       0.86      0.75      0.80     14541
           4       0.00      0.00      0.00      1763
           5       0.63      0.01      0.01      4392
           6       0.79      0.34      0.48     11089
           7       0.58      0.20      0.30     22288
           8       0.00      0.00      0.00      1971
           9       0.55      0.96      0.70     60017

   micro avg       0.59      0.59      0.59    129342
   macro avg       0.40      0.23      0.23    129342
weighted avg       0.58      0.59      0.51    129342
 samples avg       0.59      0.59      0.59    129342


[[  238     0     0     6     0     1     1    90     0  7927]
 [    1     0     0   162     0     0    41   324     0  3440]
 [    8     0     0     7     0     0    11    38     0   986]
 [    4     0     0 10878     0     2    33  1004     0  2620]
 [    0     0     0    13     0     0     4    30     0  1716]
 [   68     0     0    46     0    27     3   230     0  4018]
 [    1     0     0   212     0     0  3759   122     0  6995]
 [   28     0     0   805     0     4    79  4507     0 16865]
 [    2     0     0    57     0     2     7   241     0  1662]
 [   66     0     0   451     0     7   791  1218     0 57484]]

Results of Validation Set

--------------------
Accuracy: 0.5849144129517094, F1 Score: 0.23020362985253345, Precision: 0.3883418107959845, Recall: 0.22468580534311194

              precision    recall  f1-score   support

           0       0.62      0.03      0.06      2797
           1       0.00      0.00      0.00      1370
           2       0.00      0.00      0.00       371
           3       0.85      0.73      0.79      4733
           4       0.00      0.00      0.00       600
           5       0.56      0.01      0.01      1417
           6       0.76      0.33      0.46      3795
           7       0.55      0.19      0.28      7454
           8       0.00      0.00      0.00       665
           9       0.55      0.95      0.70     19912

   micro avg       0.58      0.58      0.58     43114
   macro avg       0.39      0.22      0.23     43114
weighted avg       0.57      0.58      0.50     43114
 samples avg       0.58      0.58      0.58     43114


[[   90     0     0     4     0     2     1    35     0  2665]
 [    1     0     0    71     0     0    20   115     0  1163]
 [    2     0     0     0     0     0     5     7     0   357]
 [    1     0     0  3472     0     0    16   347     0   897]
 [    0     0     0     3     0     0     1    20     0   576]
 [   14     0     0    12     0    10     2    91     0  1288]
 [    0     0     0    73     0     0  1250    37     0  2435]
 [   10     0     0   278     0     3    23  1434     0  5706]
 [    2     0     0    20     0     0     2    88     0   553]
 [   25     0     0   167     0     3   318   437     0 18962]]

Results of Test Set

--------------------
Accuracy: 0.5843809435450201, F1 Score: 0.22727045946256452, Precision: 0.3986600773171095, Recall: 0.22277999215104377

              precision    recall  f1-score   support

           0       0.51      0.03      0.05      2795
           1       0.00      0.00      0.00      1321
           2       0.00      0.00      0.00       355
           3       0.85      0.74      0.79      4700
           4       0.00      0.00      0.00       585
           5       0.78      0.00      0.01      1504
           6       0.76      0.32      0.45      3669
           7       0.54      0.18      0.27      7506
           8       0.00      0.00      0.00       666
           9       0.55      0.95      0.70     20013

   micro avg       0.58      0.58      0.58     43114
   macro avg       0.40      0.22      0.23     43114
weighted avg       0.57      0.58      0.50     43114
 samples avg       0.58      0.58      0.58     43114


[[   74     0     0     3     0     0     2    35     0  2681]
 [    0     0     0    51     0     0    18   117     0  1135]
 [    3     0     0     4     0     0     4     9     0   335]
 [    0     0     0  3465     0     0    14   352     0   869]
 [    0     0     0     3     0     0     3    12     0   567]
 [   25     0     0    14     0     7     6    77     0  1375]
 [    0     0     0    68     0     0  1181    37     0  2383]
 [   16     0     0   292     0     0    24  1379     0  5795]
 [    2     0     0    17     0     0     2    78     0   567]
 [   26     0     0   156     0     2   304   436     0 19089]]

