Title: Fully Connected - Words: 1000, Batch: 128, Epochs: 4, Outputs: 16

Results of Training Set

--------------------
Accuracy: 0.5980810564240541, F1 Score: 0.2379043162079748, Precision: 0.3389905252509761, Recall: 0.23279007313916394

              precision    recall  f1-score   support

           0       0.64      0.01      0.02      8263
           1       0.00      0.00      0.00      3968
           2       0.00      0.00      0.00      1050
           3       0.87      0.74      0.80     14541
           4       0.00      0.00      0.00      1763
           5       0.00      0.00      0.00      4392
           6       0.76      0.38      0.51     11089
           7       0.55      0.25      0.34     22288
           8       0.00      0.00      0.00      1971
           9       0.56      0.94      0.70     60017

   micro avg       0.60      0.60      0.60    129342
   macro avg       0.34      0.23      0.24    129342
weighted avg       0.56      0.60      0.52    129342
 samples avg       0.60      0.60      0.60    129342


[[   81     0     0     4     0     0     4   147     0  8027]
 [    0     0     0   162     0     0    63   370     0  3373]
 [    0     0     0     5     0     0    15    47     0   983]
 [    3     0     0 10765     0     0    53  1301     0  2419]
 [    0     0     0    11     0     0     7    49     0  1696]
 [    1     0     0    42     0     0     9   270     0  4070]
 [    0     0     0   207     0     0  4248   153     0  6481]
 [    5     0     0   638     0     0   110  5576     0 15959]
 [    1     0     0    50     0     0    13   316     0  1591]
 [   36     0     0   421     0     0  1044  1829     0 56687]]

Results of Validation Set

--------------------
Accuracy: 0.5891125852391335, F1 Score: 0.2333122585777115, Precision: 0.34835784212958204, Recall: 0.22884947911836365

              precision    recall  f1-score   support

           0       0.79      0.01      0.02      2797
           1       0.00      0.00      0.00      1370
           2       0.00      0.00      0.00       371
           3       0.86      0.72      0.79      4733
           4       0.00      0.00      0.00       600
           5       0.00      0.00      0.00      1417
           6       0.74      0.37      0.49      3795
           7       0.53      0.24      0.33      7454
           8       0.00      0.00      0.00       665
           9       0.55      0.94      0.70     19912

   micro avg       0.59      0.59      0.59     43114
   macro avg       0.35      0.23      0.23     43114
weighted avg       0.56      0.59      0.51     43114
 samples avg       0.59      0.59      0.59     43114


[[   31     0     0     4     0     0     1    49     0  2712]
 [    0     0     0    60     0     0    25   150     0  1135]
 [    1     0     0     0     0     0     5    13     0   352]
 [    1     0     0  3419     0     0    26   454     0   833]
 [    0     0     0     2     0     0     2    29     0   567]
 [    0     0     0    13     0     0     2   111     0  1291]
 [    0     0     0    77     0     0  1410    49     0  2259]
 [    2     0     0   225     0     0    31  1811     0  5385]
 [    0     0     0    17     0     0     2   104     0   542]
 [    4     0     0   160     0     0   399   621     0 18728]]

Results of Test Set

--------------------
Accuracy: 0.5889502249849237, F1 Score: 0.2311886897980627, Precision: 0.3313803795090081, Recall: 0.22717359343821814

              precision    recall  f1-score   support

           0       0.62      0.01      0.01      2795
           1       0.00      0.00      0.00      1321
           2       0.00      0.00      0.00       355
           3       0.87      0.73      0.79      4700
           4       0.00      0.00      0.00       585
           5       0.00      0.00      0.00      1504
           6       0.73      0.36      0.48      3669
           7       0.53      0.23      0.33      7506
           8       0.00      0.00      0.00       666
           9       0.55      0.94      0.70     20013

   micro avg       0.59      0.59      0.59     43114
   macro avg       0.33      0.23      0.23     43114
weighted avg       0.55      0.59      0.51     43114
 samples avg       0.59      0.59      0.59     43114


[[   20     0     0     1     0     0     3    48     0  2723]
 [    0     0     0    45     0     0    26   144     0  1106]
 [    0     0     0     2     0     0     4    14     0   335]
 [    0     0     0  3416     0     0    23   453     0   808]
 [    0     0     0     3     0     0     6    17     0   559]
 [    1     0     0    13     0     0     7    88     0  1395]
 [    0     0     0    66     0     0  1323    51     0  2229]
 [    3     0     0   226     0     0    32  1756     0  5489]
 [    0     0     0    15     0     0     4   117     0   530]
 [    8     0     0   156     0     0   376   596     0 18877]]

