Title: Fully Connected - Words: 1000, Batch: 128, Epochs: 1, Outputs: 16

Results of Training Set

--------------------
Accuracy: 0.5788297691391814, F1 Score: 0.21201261940432517, Precision: 0.27262161618362313, Recall: 0.21489518553307474

              precision    recall  f1-score   support

           0       0.00      0.00      0.00      8263
           1       0.00      0.00      0.00      3968
           2       0.00      0.00      0.00      1050
           3       0.85      0.75      0.80     14541
           4       0.00      0.00      0.00      1763
           5       0.00      0.00      0.00      4392
           6       0.76      0.34      0.47     11089
           7       0.57      0.10      0.16     22288
           8       0.00      0.00      0.00      1971
           9       0.54      0.97      0.69     60017

   micro avg       0.58      0.58      0.58    129342
   macro avg       0.27      0.21      0.21    129342
weighted avg       0.51      0.58      0.48    129342
 samples avg       0.58      0.58      0.58    129342


[[    0     0     0     7     0     0    14    14     0  8228]
 [    0     0     0   183     0     0    52   129     0  3604]
 [    0     0     0     8     0     0    15    31     0   996]
 [    0     0     0 10871     0     0    34   610     0  3026]
 [    0     0     0    17     0     0    10    27     0  1709]
 [    0     0     0    51     0     0    12   129     0  4200]
 [    0     0     0   212     0     0  3739    67     0  7071]
 [    0     0     0   866     0     0   104  2133     0 19185]
 [    0     0     0    57     0     0    11    92     0  1811]
 [    0     0     0   495     0     0   902   496     0 58124]]

Results of Validation Set

--------------------
Accuracy: 0.5730621143943962, F1 Score: 0.21014788576132207, Precision: 0.27015674370618775, Recall: 0.2133444201009313

              precision    recall  f1-score   support

           0       0.00      0.00      0.00      2797
           1       0.00      0.00      0.00      1370
           2       0.00      0.00      0.00       371
           3       0.84      0.74      0.79      4733
           4       0.00      0.00      0.00       600
           5       0.00      0.00      0.00      1417
           6       0.75      0.33      0.46      3795
           7       0.57      0.10      0.17      7454
           8       0.00      0.00      0.00       665
           9       0.53      0.97      0.69     19912

   micro avg       0.57      0.57      0.57     43114
   macro avg       0.27      0.21      0.21     43114
weighted avg       0.50      0.57      0.47     43114
 samples avg       0.57      0.57      0.57     43114


[[    0     0     0     3     0     0     3     7     0  2784]
 [    0     0     0    78     0     0    15    47     0  1230]
 [    0     0     0     1     0     0     6     6     0   358]
 [    0     0     0  3486     0     0    15   194     0  1038]
 [    0     0     0     2     0     0     2    15     0   581]
 [    0     0     0    13     0     0     4    51     0  1349]
 [    0     0     0    79     0     0  1269    23     0  2424]
 [    0     0     0   285     0     0    21   721     0  6427]
 [    0     0     0    22     0     0     4    35     0   604]
 [    0     0     0   178     0     0   345   158     0 19231]]

Results of Test Set

--------------------
Accuracy: 0.5728301711740966, F1 Score: 0.20869501638252164, Precision: 0.267886351596723, Recall: 0.21246298361404606

              precision    recall  f1-score   support

           0       0.00      0.00      0.00      2795
           1       0.00      0.00      0.00      1321
           2       0.00      0.00      0.00       355
           3       0.84      0.74      0.79      4700
           4       0.00      0.00      0.00       585
           5       0.00      0.00      0.00      1504
           6       0.74      0.33      0.46      3669
           7       0.56      0.09      0.15      7506
           8       0.00      0.00      0.00       666
           9       0.53      0.97      0.69     20013

   micro avg       0.57      0.57      0.57     43114
   macro avg       0.27      0.21      0.21     43114
weighted avg       0.50      0.57      0.47     43114
 samples avg       0.57      0.57      0.57     43114


[[    0     0     0     3     0     0     5     9     0  2778]
 [    0     0     0    53     0     0    25    42     0  1201]
 [    0     0     0     3     0     0     6     7     0   339]
 [    0     0     0  3483     0     0    12   188     0  1017]
 [    0     0     0     4     0     0     4    10     0   567]
 [    0     0     0    17     0     0     6    47     0  1434]
 [    0     0     0    68     0     0  1203    15     0  2383]
 [    0     0     0   311     0     0    30   670     0  6495]
 [    0     0     0    17     0     0     2    35     0   612]
 [    0     0     0   165     0     0   324   183     0 19341]]

