Title: Fully Connected - Words: 1000, Batch: 32, Epochs: 4, Outputs: 32

Results of Training Set

--------------------
Accuracy: 0.6113327457438419, F1 Score: 0.2678001936897099, Precision: 0.40866593555474207, Recall: 0.25480682330469273

              precision    recall  f1-score   support

           0       0.64      0.06      0.11      8263
           1       0.00      0.00      0.00      3968
           2       0.00      0.00      0.00      1050
           3       0.85      0.78      0.81     14541
           4       0.00      0.00      0.00      1763
           5       0.69      0.07      0.13      4392
           6       0.75      0.44      0.55     11089
           7       0.59      0.26      0.36     22288
           8       0.00      0.00      0.00      1971
           9       0.57      0.94      0.71     60017

   micro avg       0.61      0.61      0.61    129342
   macro avg       0.41      0.25      0.27    129342
weighted avg       0.59      0.61      0.54    129342
 samples avg       0.61      0.61      0.61    129342


[[  522     0     0     6     0    32    11   152     0  7540]
 [    3     0     0   197     0     3    98   449     0  3218]
 [   11     0     0     7     0     3    21    48     0   960]
 [    8     0     0 11342     0     2    40   897     0  2252]
 [    0     0     0    19     0     1    10    39     0  1694]
 [   28     0     0    55     0   306     9   281     0  3713]
 [    1     0     0   218     0     1  4870   170     0  5829]
 [   42     0     0   913     0    37   163  5761     0 15372]
 [    5     0     0    66     0     7    14   282     0  1597]
 [  201     0     0   547     0    51  1248  1700     0 56270]]

Results of Validation Set

--------------------
Accuracy: 0.5965811569327829, F1 Score: 0.25661325459861883, Precision: 0.38917391237842874, Recall: 0.24574159847210994

              precision    recall  f1-score   support

           0       0.65      0.06      0.11      2797
           1       0.00      0.00      0.00      1370
           2       0.00      0.00      0.00       371
           3       0.83      0.76      0.79      4733
           4       0.00      0.00      0.00       600
           5       0.58      0.06      0.11      1417
           6       0.73      0.41      0.52      3795
           7       0.55      0.24      0.33      7454
           8       0.00      0.00      0.00       665
           9       0.56      0.93      0.70     19912

   micro avg       0.60      0.60      0.60     43114
   macro avg       0.39      0.25      0.26     43114
weighted avg       0.57      0.60      0.53     43114
 samples avg       0.60      0.60      0.60     43114


[[  169     0     0     4     0    15     5    45     0  2559]
 [    1     0     0    89     0     0    32   159     0  1089]
 [    1     0     0     2     0     0     4    16     0   348]
 [    2     0     0  3598     0     0    22   330     0   781]
 [    0     0     0     5     0     0     1    24     0   570]
 [    6     0     0    14     0    82     4   116     0  1195]
 [    1     0     0    81     0     1  1550    48     0  2114]
 [   16     0     0   324     0    17    48  1786     0  5263]
 [    2     0     0    19     0     4     2   105     0   533]
 [   64     0     0   220     0    23   452   617     0 18536]]

Results of Test Set

--------------------
Accuracy: 0.5962100477803034, F1 Score: 0.25358101176707903, Precision: 0.3805191137079079, Recall: 0.24392858107952495

              precision    recall  f1-score   support

           0       0.57      0.05      0.09      2795
           1       0.00      0.00      0.00      1321
           2       0.00      0.00      0.00       355
           3       0.83      0.76      0.80      4700
           4       0.00      0.00      0.00       585
           5       0.57      0.05      0.10      1504
           6       0.72      0.41      0.52      3669
           7       0.55      0.23      0.33      7506
           8       0.00      0.00      0.00       666
           9       0.56      0.93      0.70     20013

   micro avg       0.60      0.60      0.60     43114
   macro avg       0.38      0.24      0.25     43114
weighted avg       0.57      0.60      0.52     43114
 samples avg       0.60      0.60      0.60     43114


[[  142     0     0     4     0    11     3    51     0  2584]
 [    1     0     0    62     0     0    30   146     0  1082]
 [    4     0     0     3     0     0     6    17     0   325]
 [    2     0     0  3584     0     1    21   319     0   773]
 [    1     0     0     3     0     0     5    18     0   558]
 [   15     0     0    17     0    80     8    94     0  1290]
 [    0     0     0    71     0     0  1494    62     0  2042]
 [   18     0     0   343     0    25    42  1753     0  5325]
 [    0     0     0    19     0     3     3   102     0   539]
 [   65     0     0   200     0    21   473   602     0 18652]]

