Title: Fully Connected - Words: 1000, Batch: 64, Epochs: 4, Outputs: 32

Results of Training Set

--------------------
Accuracy: 0.6096859488797143, F1 Score: 0.2658609228821611, Precision: 0.5077566303264736, Recall: 0.2508575385178894

              precision    recall  f1-score   support

           0       0.62      0.07      0.13      8263
           1       0.00      0.00      0.00      3968
           2       1.00      0.00      0.01      1050
           3       0.86      0.78      0.82     14541
           4       0.00      0.00      0.00      1763
           5       0.66      0.06      0.11      4392
           6       0.80      0.39      0.52     11089
           7       0.58      0.27      0.36     22288
           8       0.00      0.00      0.00      1971
           9       0.57      0.94      0.71     60017

   micro avg       0.61      0.61      0.61    129342
   macro avg       0.51      0.25      0.27    129342
weighted avg       0.60      0.61      0.54    129342
 samples avg       0.61      0.61      0.61    129342


[[  594     0     0     6     0    25     9   184     0  7445]
 [   11     0     0   193     0     2    58   415     0  3289]
 [    3     0     4     5     0     5    18    48     0   967]
 [    5     0     0 11315     0     2    32   978     0  2209]
 [    1     0     0    13     0     0     6    45     0  1698]
 [   49     0     0    49     0   272     7   352     0  3663]
 [    1     0     0   225     0     0  4286   162     0  6415]
 [   63     0     0   820     0    48   107  5914     0 15336]
 [    5     0     0    64     0     6     8   288     0  1600]
 [  226     0     0   529     0    53   841  1895     0 56473]]

Results of Validation Set

--------------------
Accuracy: 0.5963260193904533, F1 Score: 0.2539831029729692, Precision: 0.3822743118518551, Recall: 0.2421677946100182

              precision    recall  f1-score   support

           0       0.61      0.07      0.12      2797
           1       0.00      0.00      0.00      1370
           2       0.00      0.00      0.00       371
           3       0.84      0.76      0.80      4733
           4       0.00      0.00      0.00       600
           5       0.50      0.05      0.08      1417
           6       0.77      0.36      0.49      3795
           7       0.54      0.25      0.34      7454
           8       0.00      0.00      0.00       665
           9       0.56      0.93      0.70     19912

   micro avg       0.60      0.60      0.60     43114
   macro avg       0.38      0.24      0.25     43114
weighted avg       0.57      0.60      0.52     43114
 samples avg       0.60      0.60      0.60     43114


[[  193     0     0     5     0    16     3    62     0  2518]
 [    1     0     0    85     0     1    24   159     0  1100]
 [    1     0     0     4     0     1     4    14     0   347]
 [    1     0     0  3606     0     0    18   349     0   759]
 [    0     0     0     3     0     0     1    28     0   568]
 [   15     0     0    14     0    64     1   127     0  1196]
 [    0     0     0    81     0     0  1371    48     0  2295]
 [   26     0     0   292     0    27    31  1859     0  5219]
 [    4     0     0    20     0     3     1   104     0   533]
 [   73     0     0   200     0    17   321   684     0 18617]]

Results of Test Set

--------------------
Accuracy: 0.5955606067634643, F1 Score: 0.25123502210257076, Precision: 0.3792917403336666, Recall: 0.24039761870322868

              precision    recall  f1-score   support

           0       0.56      0.06      0.11      2795
           1       0.00      0.00      0.00      1321
           2       0.00      0.00      0.00       355
           3       0.84      0.76      0.80      4700
           4       0.00      0.00      0.00       585
           5       0.54      0.04      0.08      1504
           6       0.74      0.36      0.48      3669
           7       0.55      0.25      0.34      7506
           8       0.00      0.00      0.00       666
           9       0.56      0.93      0.70     20013

   micro avg       0.60      0.60      0.60     43114
   macro avg       0.38      0.24      0.25     43114
weighted avg       0.57      0.60      0.52     43114
 samples avg       0.60      0.60      0.60     43114


[[  169     0     0     2     0    11     3    63     0  2547]
 [    1     0     0    64     0     0    24   137     0  1095]
 [    3     0     0     4     0     0     9    15     0   324]
 [    0     0     0  3586     0     0    14   341     0   759]
 [    0     0     0     4     0     0     5    17     0   559]
 [   24     0     0    18     0    65     8   113     0  1276]
 [    0     0     0    71     0     0  1311    53     0  2234]
 [   27     0     0   313     0    20    31  1842     0  5273]
 [    1     0     0    18     0     2     3   106     0   536]
 [   79     0     0   191     0    22   353   664     0 18704]]

