Title: Fully Connected - Words: 1000, Batch: 128, Epochs: 4, Outputs: 32

Results of Training Set

--------------------
Accuracy: 0.6046682438805647, F1 Score: 0.24869974055479002, Precision: 0.40738663516447204, Recall: 0.24165156191257972

              precision    recall  f1-score   support

           0       0.65      0.04      0.07      8263
           1       0.00      0.00      0.00      3968
           2       0.00      0.00      0.00      1050
           3       0.85      0.78      0.81     14541
           4       0.00      0.00      0.00      1763
           5       0.64      0.02      0.04      4392
           6       0.77      0.40      0.53     11089
           7       0.60      0.23      0.33     22288
           8       0.00      0.00      0.00      1971
           9       0.56      0.95      0.71     60017

   micro avg       0.60      0.60      0.60    129342
   macro avg       0.41      0.24      0.25    129342
weighted avg       0.59      0.60      0.53    129342
 samples avg       0.60      0.60      0.60    129342


[[  321     0     0    10     0    14    11   114     0  7793]
 [    3     0     0   208     0     0    66   322     0  3369]
 [    5     0     0     7     0     1    14    44     0   979]
 [    5     0     0 11398     0     1    41   820     0  2276]
 [    0     0     0    20     0     0     5    39     0  1699]
 [   31     0     0    61     0    83     8   264     0  3945]
 [    1     0     0   227     0     0  4436   148     0  6277]
 [   26     0     0   903     0    13   119  5046     0 16181]
 [    0     0     0    70     0     2    11   221     0  1667]
 [  104     0     0   547     0    15  1022  1404     0 56925]]

Results of Validation Set

--------------------
Accuracy: 0.5921974300691191, F1 Score: 0.2405365339810522, Precision: 0.38319081633974494, Recall: 0.2348784986557094

              precision    recall  f1-score   support

           0       0.67      0.04      0.08      2797
           1       0.00      0.00      0.00      1370
           2       0.00      0.00      0.00       371
           3       0.82      0.76      0.79      4733
           4       0.00      0.00      0.00       600
           5       0.46      0.01      0.03      1417
           6       0.74      0.38      0.50      3795
           7       0.57      0.21      0.31      7454
           8       0.00      0.00      0.00       665
           9       0.55      0.94      0.70     19912

   micro avg       0.59      0.59      0.59     43114
   macro avg       0.38      0.23      0.24     43114
weighted avg       0.57      0.59      0.51     43114
 samples avg       0.59      0.59      0.59     43114


[[  113     0     0     4     0     4     3    39     0  2634]
 [    0     0     0    91     0     1    30   119     0  1129]
 [    1     0     0     3     0     0     5    16     0   346]
 [    1     0     0  3592     0     0    23   279     0   838]
 [    0     0     0     4     0     0     1    24     0   571]
 [   11     0     0    15     0    19     3    98     0  1271]
 [    0     0     0    78     0     0  1438    41     0  2238]
 [   11     0     0   329     0     7    34  1598     0  5475]
 [    0     0     0    28     0     2     2    81     0   552]
 [   31     0     0   211     0     8   396   494     0 18772]]

Results of Test Set

--------------------
Accuracy: 0.5925221505775387, F1 Score: 0.23916345775980785, Precision: 0.3922850252679018, Recall: 0.23423040173057932

              precision    recall  f1-score   support

           0       0.62      0.03      0.06      2795
           1       0.00      0.00      0.00      1321
           2       0.00      0.00      0.00       355
           3       0.83      0.77      0.80      4700
           4       0.00      0.00      0.00       585
           5       0.61      0.02      0.03      1504
           6       0.74      0.37      0.49      3669
           7       0.57      0.20      0.30      7506
           8       0.00      0.00      0.00       666
           9       0.56      0.94      0.70     20013

   micro avg       0.59      0.59      0.59     43114
   macro avg       0.39      0.23      0.24     43114
weighted avg       0.57      0.59      0.51     43114
 samples avg       0.59      0.59      0.59     43114


[[   95     0     0     4     0     4     4    40     0  2648]
 [    0     0     0    62     0     0    26   112     0  1121]
 [    0     0     0     4     0     0     6    14     0   331]
 [    0     0     0  3626     0     0    17   286     0   771]
 [    0     0     0     4     0     0     3    15     0   563]
 [   15     0     0    17     0    25    10    84     0  1353]
 [    0     0     0    74     0     0  1364    48     0  2183]
 [   12     0     0   347     0     5    38  1529     0  5575]
 [    0     0     0    19     0     0     1    79     0   567]
 [   31     0     0   194     0     7   384   490     0 18907]]

