Title: Fully Connected - Words: 1000, Batch: 32, Epochs: 4, Outputs: 64

Results of Training Set

--------------------
Accuracy: 0.6240664285382939, F1 Score: 0.29525168431058363, Precision: 0.5951435982589371, Recall: 0.275665686233532

              precision    recall  f1-score   support

           0       0.61      0.15      0.24      8263
           1       0.00      0.00      0.00      3968
           2       0.90      0.01      0.02      1050
           3       0.85      0.80      0.82     14541
           4       0.00      0.00      0.00      1763
           5       0.67      0.11      0.19      4392
           6       0.75      0.47      0.58     11089
           7       0.59      0.29      0.39     22288
           8       1.00      0.00      0.00      1971
           9       0.59      0.93      0.72     60017

   micro avg       0.62      0.62      0.62    129342
   macro avg       0.60      0.28      0.30    129342
weighted avg       0.62      0.62      0.56    129342
 samples avg       0.62      0.62      0.62    129342


[[ 1218     0     0     9     0    65    19   295     0  6657]
 [    7     0     0   228     0     7   101   409     0  3216]
 [   22     0     9     8     0     7    20    62     0   922]
 [   13     0     0 11676     0     4    59   756     0  2033]
 [    2     0     0    19     0     1    12    41     0  1688]
 [  142     0     0    61     0   481    18   446     0  3244]
 [    7     0     0   218     0     1  5221   176     0  5466]
 [  147     0     0   967     0    67   190  6451     0 14466]
 [   15     0     0    69     0     3    13   335     1  1535]
 [  413     0     1   558     0    84  1313  1987     0 55661]]

Results of Validation Set

--------------------
Accuracy: 0.6040265343044022, F1 Score: 0.275078616192758, Precision: 0.37574620828783295, Recall: 0.26022863566889093

              precision    recall  f1-score   support

           0       0.60      0.14      0.22      2797
           1       0.00      0.00      0.00      1370
           2       0.00      0.00      0.00       371
           3       0.82      0.77      0.79      4733
           4       0.00      0.00      0.00       600
           5       0.51      0.08      0.13      1417
           6       0.71      0.43      0.54      3795
           7       0.55      0.26      0.36      7454
           8       0.00      0.00      0.00       665
           9       0.57      0.92      0.71     19912

   micro avg       0.60      0.60      0.60     43114
   macro avg       0.38      0.26      0.28     43114
weighted avg       0.57      0.60      0.54     43114
 samples avg       0.60      0.60      0.60     43114


[[  385     0     0     5     0    28     6   100     0  2273]
 [    2     0     0   105     0     2    38   155     0  1068]
 [    5     0     0     4     0     1     7    22     0   332]
 [    2     0     0  3662     0     0    31   275     0   763]
 [    0     0     0     8     0     0     2    26     0   564]
 [   38     0     0    18     0   108     6   160     0  1087]
 [    5     0     0    81     0     0  1641    48     0  2020]
 [   60     0     0   360     0    26    62  1972     0  4974]
 [    2     0     0    23     0     5     4   121     0   510]
 [  145     0     0   226     0    41   515   711     0 18274]]

Results of Test Set

--------------------
Accuracy: 0.6034466762536531, F1 Score: 0.27256379510811335, Precision: 0.3702888701502153, Recall: 0.25855765481921444

              precision    recall  f1-score   support

           0       0.53      0.12      0.20      2795
           1       0.00      0.00      0.00      1321
           2       0.00      0.00      0.00       355
           3       0.82      0.78      0.80      4700
           4       0.00      0.00      0.00       585
           5       0.52      0.08      0.14      1504
           6       0.70      0.42      0.53      3669
           7       0.55      0.26      0.35      7506
           8       0.00      0.00      0.00       666
           9       0.57      0.92      0.71     20013

   micro avg       0.60      0.60      0.60     43114
   macro avg       0.37      0.26      0.27     43114
weighted avg       0.56      0.60      0.54     43114
 samples avg       0.60      0.60      0.60     43114


[[  344     0     0     6     0    23     9    98     0  2315]
 [    7     0     0    70     0     1    35   143     0  1065]
 [    9     0     0     4     0     3     7    26     0   306]
 [    2     0     0  3674     0     1    23   280     0   720]
 [    3     0     0     4     0     0     6    19     0   553]
 [   57     0     0    20     0   117     8   144     0  1158]
 [    1     0     0    75     0     0  1556    65     0  1972]
 [   52     0     1   387     0    32    59  1961     0  5014]
 [    3     0     0    18     0     3     4   134     0   504]
 [  168     0     0   216     0    43   506   715     0 18365]]

