Title: Fully Connected - Words: 1000, Batch: 64, Epochs: 4, Outputs: 64

Results of Training Set

--------------------
Accuracy: 0.61970589599666, F1 Score: 0.28628983032380223, Precision: 0.5096125995687822, Recall: 0.2680071265367191

              precision    recall  f1-score   support

           0       0.63      0.14      0.22      8263
           1       0.00      0.00      0.00      3968
           2       1.00      0.00      0.01      1050
           3       0.85      0.79      0.82     14541
           4       0.00      0.00      0.00      1763
           5       0.67      0.10      0.17      4392
           6       0.75      0.46      0.57     11089
           7       0.62      0.25      0.36     22288
           8       0.00      0.00      0.00      1971
           9       0.58      0.94      0.72     60017

   micro avg       0.62      0.62      0.62    129342
   macro avg       0.51      0.27      0.29    129342
weighted avg       0.61      0.62      0.55    129342
 samples avg       0.62      0.62      0.62    129342


[[ 1116     0     0     6     0    41    21   161     0  6918]
 [    5     0     0   213     0     3    99   378     0  3270]
 [   27     0     3     8     0     4    24    46     0   938]
 [    7     0     0 11502     0     4    61   756     0  2211]
 [    1     0     0    23     0     0     9    36     0  1694]
 [  107     0     0    61     0   426    13   285     0  3500]
 [    6     0     0   208     0     0  5143   157     0  5575]
 [  142     1     0   914     0    61   192  5599     0 15379]
 [   11     0     0    63     0     6    14   252     0  1625]
 [  358     0     0   519     0    87  1304  1384     0 56365]]

Results of Validation Set

--------------------
Accuracy: 0.6012664099828362, F1 Score: 0.27080575565748477, Precision: 0.38215251453361027, Recall: 0.25619371291086857

              precision    recall  f1-score   support

           0       0.60      0.12      0.20      2797
           1       0.00      0.00      0.00      1370
           2       0.00      0.00      0.00       371
           3       0.83      0.77      0.80      4733
           4       0.00      0.00      0.00       600
           5       0.55      0.08      0.14      1417
           6       0.71      0.43      0.54      3795
           7       0.57      0.23      0.33      7454
           8       0.00      0.00      0.00       665
           9       0.57      0.93      0.70     19912

   micro avg       0.60      0.60      0.60     43114
   macro avg       0.38      0.26      0.27     43114
weighted avg       0.57      0.60      0.53     43114
 samples avg       0.60      0.60      0.60     43114


[[  338     0     0     4     0    19    10    57     0  2369]
 [    1     0     0    91     0     3    48   141     0  1086]
 [    7     0     0     2     0     1     7    14     0   340]
 [    3     0     0  3644     0     0    27   252     0   807]
 [    1     0     0     2     0     0     3    21     0   573]
 [   30     0     0    14     0   116     5    99     0  1153]
 [    2     0     0    82     0     0  1644    45     0  2022]
 [   51     0     0   341     0    27    55  1699     0  5281]
 [    3     0     0    23     0     6     3    98     0   532]
 [  129     0     0   196     0    39   526   540     0 18482]]

Results of Test Set

--------------------
Accuracy: 0.5997819733729183, F1 Score: 0.26524079333832373, Precision: 0.372467978660706, Recall: 0.2522984430383976

              precision    recall  f1-score   support

           0       0.54      0.11      0.18      2795
           1       0.00      0.00      0.00      1321
           2       0.00      0.00      0.00       355
           3       0.83      0.77      0.80      4700
           4       0.00      0.00      0.00       585
           5       0.52      0.07      0.13      1504
           6       0.70      0.42      0.53      3669
           7       0.57      0.22      0.32      7506
           8       0.00      0.00      0.00       666
           9       0.57      0.93      0.70     20013

   micro avg       0.60      0.60      0.60     43114
   macro avg       0.37      0.25      0.27     43114
weighted avg       0.56      0.60      0.53     43114
 samples avg       0.60      0.60      0.60     43114


[[  301     0     0     4     0    21     9    58     0  2402]
 [    5     0     0    65     0     1    36   139     0  1075]
 [   10     0     0     4     0     1     9    15     0   316]
 [    2     0     0  3631     0     0    24   282     0   761]
 [    1     0     0     4     0     0     6    17     0   557]
 [   40     0     0    17     0   108     9    92     0  1238]
 [    0     0     0    71     0     1  1542    54     0  2001]
 [   65     0     0   370     0    31    56  1651     0  5333]
 [    4     0     0    18     0     2     4    93     0   545]
 [  132     0     0   194     0    41   509   511     0 18626]]

