Title: Fully Connected - Words: 1000, Batch: 128, Epochs: 4, Outputs: 64

Results of Training Set

--------------------
Accuracy: 0.6228139351486756, F1 Score: 0.2982390003202635, Precision: 0.5016749093219564, Recall: 0.27467596689157636

              precision    recall  f1-score   support

           0       0.61      0.16      0.25      8263
           1       0.00      0.00      0.00      3968
           2       0.96      0.02      0.05      1050
           3       0.86      0.78      0.82     14541
           4       0.00      0.00      0.00      1763
           5       0.66      0.11      0.18      4392
           6       0.79      0.42      0.55     11089
           7       0.55      0.33      0.41     22288
           8       0.00      0.00      0.00      1971
           9       0.59      0.92      0.72     60017

   micro avg       0.62      0.62      0.62    129342
   macro avg       0.50      0.27      0.30    129342
weighted avg       0.60      0.62      0.57    129342
 samples avg       0.62      0.62      0.62    129342


[[ 1322     0     0     6     0    58    10   370     0  6497]
 [   11     0     0   214     0     4    67   516     0  3156]
 [   24     0    25     7     0     7    25    68     0   894]
 [   11     0     0 11406     0     6    42  1113     0  1963]
 [    2     0     0    16     0     0    10    58     0  1677]
 [  147     0     0    55     0   466    17   465     0  3242]
 [    8     0     0   226     0     0  4706   215     0  5934]
 [  165     0     1   819     0    66   144  7251     0 13842]
 [   21     0     0    63     0    11    14   394     0  1468]
 [  455     0     0   511     0    93   908  2670     0 55380]]

Results of Validation Set

--------------------
Accuracy: 0.603493064897713, F1 Score: 0.2793300268636908, Precision: 0.441344559808996, Recall: 0.26088030890617875

              precision    recall  f1-score   support

           0       0.57      0.15      0.23      2797
           1       0.00      0.00      0.00      1370
           2       0.67      0.01      0.02       371
           3       0.83      0.77      0.80      4733
           4       0.00      0.00      0.00       600
           5       0.51      0.08      0.14      1417
           6       0.74      0.39      0.51      3795
           7       0.52      0.31      0.39      7454
           8       0.00      0.00      0.00       665
           9       0.58      0.91      0.71     19912

   micro avg       0.60      0.60      0.60     43114
   macro avg       0.44      0.26      0.28     43114
weighted avg       0.57      0.60      0.54     43114
 samples avg       0.60      0.60      0.60     43114


[[  413     0     0     4     0    28     8   120     0  2224]
 [    1     0     0    85     0     2    35   196     0  1051]
 [    8     0     4     3     0     1     7    19     0   329]
 [    4     0     0  3622     0     0    23   372     0   712]
 [    2     0     0     2     0     0     1    36     0   559]
 [   50     0     0    14     0   114     4   169     0  1066]
 [    4     0     0    85     0     1  1476    62     0  2167]
 [   66     0     2   308     0    28    44  2284     0  4722]
 [    3     0     0    21     0     6     1   134     0   500]
 [  179     0     0   200     0    43   401   983     0 18106]]

Results of Test Set

--------------------
Accuracy: 0.6040729229484623, F1 Score: 0.27788042724321327, Precision: 0.4729016953744226, Recall: 0.25962859115261505

              precision    recall  f1-score   support

           0       0.54      0.14      0.22      2795
           1       0.00      0.00      0.00      1321
           2       1.00      0.01      0.03       355
           3       0.84      0.77      0.80      4700
           4       0.00      0.00      0.00       585
           5       0.52      0.08      0.14      1504
           6       0.74      0.39      0.51      3669
           7       0.52      0.30      0.38      7506
           8       0.00      0.00      0.00       666
           9       0.58      0.91      0.71     20013

   micro avg       0.60      0.60      0.60     43114
   macro avg       0.47      0.26      0.28     43114
weighted avg       0.57      0.60      0.54     43114
 samples avg       0.60      0.60      0.60     43114


[[  381     0     0     3     0    24     5   126     0  2256]
 [    3     0     0    63     0     1    23   172     0  1059]
 [   10     0     5     4     0     3     8    26     0   299]
 [    4     0     0  3613     0     0    20   385     0   678]
 [    1     0     0     4     0     0     6    26     0   548]
 [   59     0     0    15     0   117    10   154     0  1149]
 [    3     0     0    72     0     0  1419    86     0  2089]
 [   61     0     0   329     0    32    41  2256     0  4787]
 [    7     0     0    16     0     4     3   146     0   490]
 [  182     0     0   193     0    46   376   963     0 18253]]

