Title: Fully Connected - Words: 1000, Batch: 32, Epochs: 4, Outputs: 128

Results of Training Set

--------------------
Accuracy: 0.6398231046373181, F1 Score: 0.3308291388261714, Precision: 0.6927451636151516, Recall: 0.3023135934298726

              precision    recall  f1-score   support

           0       0.67      0.22      0.33      8263
           1       0.87      0.01      0.01      3968
           2       0.90      0.04      0.07      1050
           3       0.86      0.81      0.83     14541
           4       0.00      0.00      0.00      1763
           5       0.68      0.19      0.29      4392
           6       0.75      0.51      0.61     11089
           7       0.60      0.33      0.43     22288
           8       1.00      0.00      0.01      1971
           9       0.60      0.92      0.73     60017

   micro avg       0.64      0.64      0.64    129342
   macro avg       0.69      0.30      0.33    129342
weighted avg       0.66      0.64      0.59    129342
 samples avg       0.64      0.64      0.64    129342


[[ 1847     0     0    13     0    92    13   276     0  6022]
 [    7    20     0   208     0     4   110   552     0  3067]
 [   25     0    37     8     0     6    28    65     0   881]
 [   23     1     0 11769     0     5    73   871     0  1799]
 [    4     0     0    18     0     2     9    59     0  1671]
 [  117     0     0    65     0   817    14   414     0  2965]
 [    5     0     1   210     0     1  5614   198     0  5060]
 [  189     1     2   809     0   112   182  7440     0 13553]
 [   21     0     0    67     0    11    22   371     8  1471]
 [  539     1     1   495     0   156  1389  2232     0 55204]]

Results of Validation Set

--------------------
Accuracy: 0.6066242983717586, F1 Score: 0.294540744091778, Precision: 0.6376756282664164, Recall: 0.2739281932273595

              precision    recall  f1-score   support

           0       0.57      0.17      0.27      2797
           1       0.80      0.00      0.01      1370
           2       0.86      0.02      0.03       371
           3       0.83      0.77      0.80      4733
           4       0.00      0.00      0.00       600
           5       0.52      0.14      0.22      1417
           6       0.69      0.44      0.54      3795
           7       0.53      0.29      0.38      7454
           8       1.00      0.00      0.00       665
           9       0.58      0.90      0.71     19912

   micro avg       0.61      0.61      0.61     43114
   macro avg       0.64      0.27      0.29     43114
weighted avg       0.61      0.61      0.55     43114
 samples avg       0.61      0.61      0.61     43114


[[  487     0     0     6     0    46     4    90     0  2164]
 [    2     4     0    94     0     3    46   199     0  1022]
 [    7     0     6     3     0     1     7    21     0   326]
 [    7     0     0  3658     0     2    32   336     0   698]
 [    4     0     0     4     0     0     4    31     0   557]
 [   47     0     0    15     0   195     7   163     0   990]
 [    7     1     0    81     0     1  1669    69     0  1967]
 [   79     0     1   310     0    42    63  2182     0  4777]
 [    7     0     0    20     0     6     5   135     1   491]
 [  213     0     0   217     0    77   595   858     0 17952]]

Results of Test Set

--------------------
Accuracy: 0.6045831980331214, F1 Score: 0.2900865893471864, Precision: 0.6071338316703211, Recall: 0.270703291924708

              precision    recall  f1-score   support

           0       0.52      0.16      0.25      2795
           1       0.43      0.00      0.00      1321
           2       1.00      0.02      0.03       355
           3       0.83      0.78      0.80      4700
           4       0.00      0.00      0.00       585
           5       0.50      0.12      0.20      1504
           6       0.69      0.44      0.53      3669
           7       0.53      0.28      0.37      7506
           8       1.00      0.00      0.00       666
           9       0.58      0.90      0.71     20013

   micro avg       0.60      0.60      0.60     43114
   macro avg       0.61      0.27      0.29     43114
weighted avg       0.60      0.60      0.55     43114
 samples avg       0.60      0.60      0.60     43114


[[  459     0     0     5     0    45     7   104     0  2175]
 [    6     3     0    64     0     1    37   186     0  1024]
 [   14     0     6     3     0     3     8    28     0   293]
 [    4     0     0  3652     0     0    28   335     0   681]
 [    4     0     0     4     0     0     9    22     0   546]
 [   63     0     0    16     0   186     8   151     0  1080]
 [    2     0     0    74     0     2  1601    75     0  1915]
 [   76     3     0   338     0    52    53  2136     0  4848]
 [    6     0     0    20     0     8     6   135     1   490]
 [  248     1     0   214     0    78   574   876     0 18022]]

