Title: Fully Connected - Words: 1000, Batch: 64, Epochs: 4, Outputs: 128

Results of Training Set

--------------------
Accuracy: 0.64317081845031, F1 Score: 0.33632145445861733, Precision: 0.6752927947562224, Recall: 0.3081096522548848

              precision    recall  f1-score   support

           0       0.73      0.19      0.30      8263
           1       0.83      0.01      0.02      3968
           2       0.90      0.03      0.07      1050
           3       0.86      0.81      0.83     14541
           4       0.00      0.00      0.00      1763
           5       0.68      0.22      0.33      4392
           6       0.73      0.53      0.62     11089
           7       0.58      0.38      0.46     22288
           8       0.83      0.01      0.01      1971
           9       0.61      0.91      0.73     60017

   micro avg       0.64      0.64      0.64    129342
   macro avg       0.68      0.31      0.34    129342
weighted avg       0.66      0.64      0.60    129342
 samples avg       0.64      0.64      0.64    129342


[[ 1582     0     0     9     0    99    20   419     0  6134]
 [   11    39     0   213     0    15   137   599     0  2954]
 [   13     0    36     8     0     5    33    87     0   868]
 [   15     3     0 11706     0     4    73   981     0  1759]
 [    3     0     0    22     0     2    13    60     0  1663]
 [   69     0     0    61     0   950    19   520     0  2773]
 [    4     0     1   214     0     1  5894   237     0  4738]
 [  113     2     2   784     0   116   225  8451     0 12595]
 [   12     0     0    67     0    19    27   416    10  1420]
 [  354     3     1   501     0   186  1594  2855     2 54521]]

Results of Validation Set

--------------------
Accuracy: 0.6110312195574523, F1 Score: 0.29925867601258344, Precision: 0.5860907686260226, Recall: 0.2797333592982492

              precision    recall  f1-score   support

           0       0.60      0.14      0.23      2797
           1       0.25      0.00      0.00      1370
           2       0.88      0.02      0.04       371
           3       0.83      0.77      0.80      4733
           4       0.00      0.00      0.00       600
           5       0.51      0.15      0.23      1417
           6       0.68      0.48      0.56      3795
           7       0.53      0.34      0.41      7454
           8       1.00      0.00      0.01       665
           9       0.59      0.89      0.71     19912

   micro avg       0.61      0.61      0.61     43114
   macro avg       0.59      0.28      0.30     43114
weighted avg       0.60      0.61      0.56     43114
 samples avg       0.61      0.61      0.61     43114


[[  400     0     1     4     0    52     9   150     0  2181]
 [    1     2     0    92     0     5    55   235     0   980]
 [    3     0     7     3     0     2     9    28     0   319]
 [    2     2     0  3656     0     2    39   371     0   661]
 [    1     0     0     4     0     1     5    37     0   552]
 [   32     1     0    18     0   214     9   174     0   969]
 [    3     1     0    79     0     2  1810    75     0  1825]
 [   51     0     0   306     0    54    79  2543     0  4421]
 [    2     0     0    26     0    11     5   132     2   487]
 [  170     2     0   210     0    75   653  1092     0 17710]]

Results of Test Set

--------------------
Accuracy: 0.6087581759985156, F1 Score: 0.29499170952379095, Precision: 0.5607786078558961, Recall: 0.276679360727295

              precision    recall  f1-score   support

           0       0.57      0.14      0.22      2795
           1       0.60      0.00      0.00      1321
           2       0.83      0.01      0.03       355
           3       0.83      0.78      0.80      4700
           4       0.00      0.00      0.00       585
           5       0.50      0.14      0.22      1504
           6       0.67      0.47      0.55      3669
           7       0.52      0.34      0.41      7506
           8       0.50      0.00      0.01       666
           9       0.59      0.89      0.71     20013

   micro avg       0.61      0.61      0.61     43114
   macro avg       0.56      0.28      0.29     43114
weighted avg       0.60      0.61      0.56     43114
 samples avg       0.61      0.61      0.61     43114


[[  387     0     0     3     0    49    10   161     0  2185]
 [    5     3     0    67     0     2    48   220     0   976]
 [    8     0     5     4     0     2    10    28     0   298]
 [    3     0     0  3654     0     0    27   357     0   659]
 [    3     0     0     5     0     0     7    27     0   543]
 [   35     0     0    18     0   212    12   174     0  1053]
 [    1     0     0    73     0     3  1718   101     0  1773]
 [   60     2     1   323     0    56    78  2519     1  4466]
 [    3     0     0    20     0    10     4   163     2   464]
 [  178     0     0   213     0    88   667  1120     1 17746]]

