Title: Fully Connected - Words: 1000, Batch: 128, Epochs: 4, Outputs: 128

Results of Training Set

--------------------
Accuracy: 0.6347203537907253, F1 Score: 0.31936377717273606, Precision: 0.688315928824792, Recall: 0.29137060825422284

              precision    recall  f1-score   support

           0       0.66      0.20      0.31      8263
           1       0.71      0.00      0.01      3968
           2       1.00      0.02      0.04      1050
           3       0.87      0.79      0.83     14541
           4       0.00      0.00      0.00      1763
           5       0.67      0.17      0.27      4392
           6       0.78      0.48      0.60     11089
           7       0.59      0.32      0.41     22288
           8       1.00      0.00      0.00      1971
           9       0.60      0.93      0.73     60017

   micro avg       0.63      0.63      0.63    129342
   macro avg       0.69      0.29      0.32    129342
weighted avg       0.65      0.63      0.58    129342
 samples avg       0.63      0.63      0.63    129342


[[ 1655     0     0     7     0    75    12   242     0  6272]
 [   11    15     0   214     0    11   125   493     0  3099]
 [   24     0    24     5     0     8    19    73     0   897]
 [   18     2     0 11466     0    10    51  1030     0  1964]
 [    3     1     0    16     0     2    10    53     0  1678]
 [  122     0     0    51     0   737    17   385     0  3080]
 [    8     1     0   212     0     3  5343   223     0  5299]
 [  162     1     0   672     0   109   172  7120     0 14052]
 [   22     0     0    61     0    12    12   327     1  1536]
 [  470     1     0   427     0   138  1063  2183     0 55735]]

Results of Validation Set

--------------------
Accuracy: 0.6062995778633391, F1 Score: 0.28740045571267053, Precision: 0.5261412638691954, Recall: 0.26694623512101645

              precision    recall  f1-score   support

           0       0.58      0.16      0.25      2797
           1       0.50      0.00      0.00      1370
           2       1.00      0.01      0.02       371
           3       0.84      0.76      0.80      4733
           4       0.00      0.00      0.00       600
           5       0.50      0.11      0.19      1417
           6       0.71      0.42      0.53      3795
           7       0.55      0.29      0.38      7454
           8       0.00      0.00      0.00       665
           9       0.58      0.91      0.71     19912

   micro avg       0.61      0.61      0.61     43114
   macro avg       0.53      0.27      0.29     43114
weighted avg       0.59      0.61      0.55     43114
 samples avg       0.61      0.61      0.61     43114


[[  452     0     0     3     0    26     8    85     0  2223]
 [    5     1     0    89     0     3    44   180     0  1048]
 [    4     0     4     1     0     1    10    24     0   327]
 [    6     0     0  3592     0     1    28   371     0   735]
 [    1     0     0     2     0     0     3    33     0   561]
 [   39     0     0    14     0   161    10   142     0  1051]
 [    4     0     0    78     0     0  1596    65     0  2052]
 [   61     0     0   265     0    55    59  2169     0  4845]
 [    6     0     0    20     0     7     1   111     0   520]
 [  196     1     0   187     0    65   501   797     0 18165]]

Results of Test Set

--------------------
Accuracy: 0.6051166674398107, F1 Score: 0.28549795490610574, Precision: 0.6690207680391044, Recall: 0.26554229615904795

              precision    recall  f1-score   support

           0       0.53      0.15      0.24      2795
           1       1.00      0.00      0.00      1321
           2       1.00      0.01      0.02       355
           3       0.85      0.76      0.80      4700
           4       0.00      0.00      0.00       585
           5       0.49      0.11      0.18      1504
           6       0.71      0.42      0.53      3669
           7       0.54      0.28      0.37      7506
           8       1.00      0.00      0.00       666
           9       0.58      0.91      0.71     20013

   micro avg       0.61      0.61      0.61     43114
   macro avg       0.67      0.27      0.29     43114
weighted avg       0.62      0.61      0.55     43114
 samples avg       0.61      0.61      0.61     43114


[[  426     0     0     4     0    31    12    89     0  2233]
 [    6     3     0    61     0     3    36   173     0  1039]
 [    6     0     4     4     0     4     9    21     0   307]
 [    8     0     0  3574     0     1    23   371     0   723]
 [    2     0     0     5     0     0     6    20     0   552]
 [   52     0     0    15     0   166    11   137     0  1123]
 [    4     0     0    71     0     2  1555    76     0  1961]
 [   77     0     0   281     0    51    57  2114     0  4926]
 [    8     0     0    17     0     5     4   126     1   505]
 [  214     0     0   177     0    75   492   809     0 18246]]

