Title: Fully Connected - Words: 1000, Batch: 32, Epochs: 4, Outputs: 256

Results of Training Set

--------------------
Accuracy: 0.6662569003108039, F1 Score: 0.3769507213030134, Precision: 0.8076807223891066, Recall: 0.3387090639329209

              precision    recall  f1-score   support

           0       0.78      0.28      0.41      8263
           1       0.78      0.04      0.07      3968
           2       0.98      0.06      0.11      1050
           3       0.88      0.83      0.85     14541
           4       1.00      0.00      0.00      1763
           5       0.70      0.29      0.41      4392
           6       0.78      0.57      0.65     11089
           7       0.63      0.39      0.48     22288
           8       0.93      0.02      0.04      1971
           9       0.62      0.92      0.74     60017

   micro avg       0.67      0.67      0.67    129342
   macro avg       0.81      0.34      0.38    129342
weighted avg       0.70      0.67      0.62    129342
 samples avg       0.67      0.67      0.67    129342


[[ 2292     0     0     6     0    97    21   389     0  5458]
 [    8   145     0   193     0    18   126   513     0  2965]
 [   17     0    59     6     0    12    33    88     0   835]
 [   12     9     0 12024     0     7    62   779     0  1648]
 [    4     0     0    17     1     5     8    54     0  1674]
 [   78     2     0    49     0  1282    22   475     0  2484]
 [    3     3     1   203     0     4  6272   221     0  4382]
 [  103    16     0   672     0   166   179  8698     1 12453]
 [   16     0     0    69     0    20    24   342    38  1462]
 [  388    12     0   430     0   228  1330  2263     2 55364]]

Results of Validation Set

--------------------
Accuracy: 0.6118894094725611, F1 Score: 0.31139041831807657, Precision: 0.5700718953604638, Recall: 0.2870751399684065

              precision    recall  f1-score   support

           0       0.58      0.18      0.27      2797
           1       0.51      0.01      0.03      1370
           2       0.87      0.04      0.07       371
           3       0.83      0.77      0.80      4733
           4       0.00      0.00      0.00       600
           5       0.50      0.18      0.27      1417
           6       0.69      0.47      0.56      3795
           7       0.53      0.32      0.40      7454
           8       0.60      0.00      0.01       665
           9       0.59      0.89      0.71     19912

   micro avg       0.61      0.61      0.61     43114
   macro avg       0.57      0.29      0.31     43114
weighted avg       0.60      0.61      0.56     43114
 samples avg       0.61      0.61      0.61     43114


[[  503     0     0     6     0    52     5   152     0  2079]
 [    2    19     0    90     0     3    54   201     0  1001]
 [    9     0    13     1     0     4     7    29     0   308]
 [    5     6     0  3657     0     2    35   328     0   700]
 [    2     0     0     3     0     0     5    38     0   552]
 [   41     0     0    16     0   262     8   194     0   896]
 [    6     1     1    80     0     3  1776    72     0  1856]
 [   60     4     1   298     0    72    76  2384     0  4559]
 [    3     0     0    24     0    16     8   131     3   480]
 [  232     7     0   223     0   109   616   959     2 17764]]

Results of Test Set

--------------------
Accuracy: 0.6110776082015122, F1 Score: 0.3074145237879416, Precision: 0.5896399473463639, Recall: 0.2844542731152347

              precision    recall  f1-score   support

           0       0.56      0.18      0.27      2795
           1       0.47      0.01      0.02      1321
           2       1.00      0.03      0.05       355
           3       0.84      0.78      0.81      4700
           4       0.00      0.00      0.00       585
           5       0.50      0.17      0.26      1504
           6       0.67      0.46      0.54      3669
           7       0.53      0.32      0.40      7506
           8       0.75      0.01      0.02       666
           9       0.59      0.89      0.71     20013

   micro avg       0.61      0.61      0.61     43114
   macro avg       0.59      0.28      0.31     43114
weighted avg       0.60      0.61      0.56     43114
 samples avg       0.61      0.61      0.61     43114


[[  502     0     0     4     0    53    15   169     0  2052]
 [    5    15     0    66     0     2    49   177     0  1007]
 [   13     0     9     3     0     6    12    36     0   276]
 [    5     2     0  3679     0     2    32   324     0   656]
 [    3     1     0     4     0     0     9    26     0   542]
 [   47     0     0    15     0   259    10   190     1   982]
 [    3     1     0    72     0     3  1678    88     0  1824]
 [   73     4     0   325     0    74    64  2374     0  4592]
 [    5     0     0    18     0     9     8   137     6   483]
 [  242     9     0   202     0   114   636   985     1 17824]]

