Title: Fully Connected - Words: 1000, Batch: 32, Epochs: 1, Outputs: 32

Results of Training Set

--------------------
Accuracy: 0.5894759629509363, F1 Score: 0.22556954446548022, Precision: 0.4142627557862012, Recall: 0.22249930221987393

              precision    recall  f1-score   support

           0       0.57      0.02      0.04      8263
           1       0.00      0.00      0.00      3968
           2       0.00      0.00      0.00      1050
           3       0.85      0.76      0.80     14541
           4       0.00      0.00      0.00      1763
           5       0.75      0.00      0.00      4392
           6       0.81      0.32      0.46     11089
           7       0.61      0.16      0.25     22288
           8       0.00      0.00      0.00      1971
           9       0.55      0.97      0.70     60017

   micro avg       0.59      0.59      0.59    129342
   macro avg       0.41      0.22      0.23    129342
weighted avg       0.59      0.59      0.50    129342
 samples avg       0.59      0.59      0.59    129342


[[  188     0     0     7     0     1     8    36     0  8023]
 [    1     0     0   174     0     0    26   220     0  3547]
 [    1     0     0     7     0     0    10    28     0  1004]
 [    3     0     0 11030     0     0    19   712     0  2777]
 [    0     0     0    16     0     0     4    24     0  1719]
 [   54     0     0    55     0     6     4   117     0  4156]
 [    1     0     0   219     0     0  3540   102     0  7227]
 [   27     0     0   875     0     0    74  3500     0 17812]
 [    3     0     0    65     0     0    10   149     0  1744]
 [   54     0     0   522     0     1   651   809     0 57980]]

Results of Validation Set

--------------------
Accuracy: 0.5798580507491766, F1 Score: 0.22017685516241858, Precision: 0.4332086885353557, Recall: 0.21844285706676608

              precision    recall  f1-score   support

           0       0.58      0.02      0.04      2797
           1       0.00      0.00      0.00      1370
           2       0.00      0.00      0.00       371
           3       0.84      0.75      0.79      4733
           4       0.00      0.00      0.00       600
           5       1.00      0.00      0.00      1417
           6       0.79      0.31      0.44      3795
           7       0.59      0.15      0.23      7454
           8       0.00      0.00      0.00       665
           9       0.54      0.96      0.69     19912

   micro avg       0.58      0.58      0.58     43114
   macro avg       0.43      0.22      0.22     43114
weighted avg       0.58      0.58      0.49     43114
 samples avg       0.58      0.58      0.58     43114


[[   61     0     0     4     0     0     3    12     0  2717]
 [    0     0     0    71     0     0    13    75     0  1211]
 [    0     0     0     0     0     0     4     5     0   362]
 [    0     0     0  3530     0     0    11   233     0   959]
 [    0     0     0     2     0     0     1    15     0   582]
 [   17     0     0    11     0     2     1    46     0  1340]
 [    0     0     0    79     0     0  1165    31     0  2520]
 [   10     0     0   303     0     0    25  1094     0  6022]
 [    1     0     0    19     0     0     1    58     0   586]
 [   16     0     0   199     0     0   259   290     0 19148]]

Results of Test Set

--------------------
Accuracy: 0.5802755485457161, F1 Score: 0.21809026177549784, Precision: 0.42191325388035994, Recall: 0.2172495061029868

              precision    recall  f1-score   support

           0       0.48      0.02      0.03      2795
           1       0.00      0.00      0.00      1321
           2       0.00      0.00      0.00       355
           3       0.84      0.75      0.79      4700
           4       0.00      0.00      0.00       585
           5       1.00      0.00      0.00      1504
           6       0.78      0.30      0.43      3669
           7       0.58      0.14      0.23      7506
           8       0.00      0.00      0.00       666
           9       0.54      0.96      0.69     20013

   micro avg       0.58      0.58      0.58     43114
   macro avg       0.42      0.22      0.22     43114
weighted avg       0.58      0.58      0.49     43114
 samples avg       0.58      0.58      0.58     43114


[[   45     0     0     4     0     0     2    18     0  2726]
 [    1     0     0    52     0     0    14    81     0  1173]
 [    1     0     0     3     0     0     4    10     0   337]
 [    0     0     0  3525     0     0    10   242     0   923]
 [    0     0     0     4     0     0     2    14     0   565]
 [   19     0     0    15     0     2     7    47     0  1414]
 [    0     0     0    72     0     0  1102    23     0  2472]
 [   11     0     0   319     0     0    24  1059     0  6093]
 [    1     0     0    19     0     0     1    59     0   586]
 [   16     0     0   183     0     0   242   287     0 19285]]

