Title: Fully Connected - Words: 1000, Batch: 64, Epochs: 4, Outputs: 256

Results of Training Set

--------------------
Accuracy: 0.6654760248024617, F1 Score: 0.3752855946514859, Precision: 0.6870919842843473, Recall: 0.33779946696728774

              precision    recall  f1-score   support

           0       0.67      0.35      0.46      8263
           1       0.77      0.04      0.08      3968
           2       0.93      0.06      0.11      1050
           3       0.86      0.83      0.84     14541
           4       0.00      0.00      0.00      1763
           5       0.76      0.20      0.31      4392
           6       0.80      0.54      0.64     11089
           7       0.60      0.41      0.49     22288
           8       0.85      0.03      0.06      1971
           9       0.63      0.91      0.75     60017

   micro avg       0.67      0.67      0.67    129342
   macro avg       0.69      0.34      0.38    129342
weighted avg       0.67      0.67      0.63    129342
 samples avg       0.67      0.67      0.67    129342


[[ 2924     0     0     9     0    36    17   422     0  4855]
 [   15   167     0   219     0     9   124   623     0  2811]
 [   47     0    64     8     0     8    23    90     0   810]
 [   19     6     0 12126     0     4    52   855     0  1479]
 [   12     1     0    22     0     2    12    76     0  1638]
 [  241     1     0    69     0   867    19   599     0  2596]
 [    7     6     1   237     0     0  5933   245     0  4660]
 [  301    21     3   842     0    84   179  9132     5 11721]
 [   37     1     0    78     0    15    17   390    63  1370]
 [  735    14     1   572     0   114  1064  2713     6 54798]]

Results of Validation Set

--------------------
Accuracy: 0.613373846082479, F1 Score: 0.31167567407713304, Precision: 0.5502803867466531, Recall: 0.28855541417149044

              precision    recall  f1-score   support

           0       0.51      0.24      0.32      2797
           1       0.48      0.01      0.03      1370
           2       0.77      0.03      0.05       371
           3       0.82      0.79      0.80      4733
           4       0.00      0.00      0.00       600
           5       0.58      0.13      0.21      1417
           6       0.71      0.45      0.55      3795
           7       0.52      0.35      0.42      7454
           8       0.53      0.01      0.03       665
           9       0.60      0.88      0.71     19912

   micro avg       0.61      0.61      0.61     43114
   macro avg       0.55      0.29      0.31     43114
weighted avg       0.60      0.61      0.57     43114
 samples avg       0.61      0.61      0.61     43114


[[  669     0     0     5     0    17     9   159     0  1938]
 [    3    20     0   105     0     3    44   226     0   969]
 [   20     0    10     3     0     1    10    36     0   291]
 [    8     2     0  3735     0     2    27   335     2   622]
 [    5     1     0     3     0     0     5    40     0   546]
 [   90     0     0    17     0   178     9   211     0   912]
 [   11     3     0    89     0     1  1695    78     0  1918]
 [  131     7     1   344     0    37    68  2609     3  4254]
 [   11     0     0    23     0     8     4   153     9   457]
 [  374     9     2   253     0    58   529  1164     3 17520]]

Results of Test Set

--------------------
Accuracy: 0.6129795426079696, F1 Score: 0.31049955981624844, Precision: 0.5403945285416094, Recall: 0.28798458984255343

              precision    recall  f1-score   support

           0       0.48      0.24      0.32      2795
           1       0.45      0.01      0.03      1321
           2       0.69      0.03      0.05       355
           3       0.82      0.80      0.81      4700
           4       0.00      0.00      0.00       585
           5       0.57      0.13      0.21      1504
           6       0.70      0.44      0.54      3669
           7       0.52      0.34      0.41      7506
           8       0.58      0.02      0.03       666
           9       0.60      0.88      0.71     20013

   micro avg       0.61      0.61      0.61     43114
   macro avg       0.54      0.29      0.31     43114
weighted avg       0.60      0.61      0.57     43114
 samples avg       0.61      0.61      0.61     43114


[[  668     0     0     8     0    22    11   182     0  1904]
 [   11    18     0    76     0     0    40   200     1   975]
 [   24     0     9     4     0     3    11    32     0   272]
 [    8     4     1  3744     0     0    22   327     1   593]
 [    3     0     0     5     0     0     6    27     0   544]
 [   96     1     0    17     0   190    11   213     1   975]
 [   10     3     0    76     0     3  1623   106     0  1848]
 [  148     6     1   375     0    47    60  2552     3  4314]
 [   10     0     0    24     0     8     4   153    11   456]
 [  404     8     2   248     0    62   531  1143     2 17613]]

