Title: Fully Connected - Words: 1000, Batch: 128, Epochs: 4, Outputs: 256

Results of Training Set

--------------------
Accuracy: 0.6618963677691702, F1 Score: 0.36633378911605596, Precision: 0.6927622326887926, Recall: 0.3330799367693234

              precision    recall  f1-score   support

           0       0.68      0.33      0.44      8263
           1       0.94      0.01      0.02      3968
           2       0.84      0.07      0.12      1050
           3       0.86      0.84      0.85     14541
           4       0.00      0.00      0.00      1763
           5       0.70      0.22      0.33      4392
           6       0.78      0.53      0.63     11089
           7       0.59      0.42      0.49     22288
           8       0.90      0.02      0.03      1971
           9       0.63      0.91      0.74     60017

   micro avg       0.66      0.66      0.66    129342
   macro avg       0.69      0.33      0.37    129342
weighted avg       0.67      0.66      0.62    129342
 samples avg       0.66      0.66      0.66    129342


[[ 2723     0     0    20     0    73    20   474     0  4953]
 [   17    31     0   238     0     9   121   675     0  2877]
 [   51     0    70     7     0     6    27   109     0   780]
 [   20     1     1 12164     0     7    57   838     0  1453]
 [   11     0     0    24     0     2     9    95     0  1622]
 [  169     0     0    60     0   958    15   596     0  2594]
 [    5     1     2   233     0     3  5870   292     0  4683]
 [  237     0     8   815     0   114   178  9312     3 11621]
 [   32     0     0    83     0    19    14   401    35  1387]
 [  742     0     2   527     0   169  1183  2945     1 54448]]

Results of Validation Set

--------------------
Accuracy: 0.6126084334554901, F1 Score: 0.3125604487562047, Precision: 0.5996174396048619, Recall: 0.2897283802466267

              precision    recall  f1-score   support

           0       0.53      0.23      0.32      2797
           1       1.00      0.01      0.01      1370
           2       0.68      0.04      0.07       371
           3       0.82      0.79      0.80      4733
           4       0.00      0.00      0.00       600
           5       0.53      0.15      0.23      1417
           6       0.70      0.45      0.55      3795
           7       0.52      0.36      0.42      7454
           8       0.62      0.01      0.01       665
           9       0.60      0.88      0.71     19912

   micro avg       0.61      0.61      0.61     43114
   macro avg       0.60      0.29      0.31     43114
weighted avg       0.61      0.61      0.57     43114
 samples avg       0.61      0.61      0.61     43114


[[  643     0     0     6     0    35    10   169     0  1934]
 [    4     8     0   101     0     4    47   225     0   981]
 [   21     0    13     3     0     1     6    27     0   300]
 [    6     0     0  3735     0     2    27   354     1   608]
 [    6     0     0     6     0     0     4    40     0   544]
 [   77     0     0    16     0   211     7   213     0   893]
 [   11     0     2    88     0     2  1704    94     0  1894]
 [   95     0     2   335     0    54    70  2655     2  4241]
 [    6     0     0    29     0     8     4   141     5   472]
 [  337     0     2   250     0    81   570  1234     0 17438]]

Results of Test Set

--------------------
Accuracy: 0.6110544138794823, F1 Score: 0.30919799051517316, Precision: 0.547008941211103, Recall: 0.287645708417946

              precision    recall  f1-score   support

           0       0.52      0.24      0.33      2795
           1       0.62      0.00      0.01      1321
           2       0.71      0.03      0.06       355
           3       0.82      0.79      0.81      4700
           4       0.00      0.00      0.00       585
           5       0.51      0.14      0.22      1504
           6       0.68      0.44      0.54      3669
           7       0.51      0.35      0.41      7506
           8       0.50      0.01      0.01       666
           9       0.60      0.87      0.71     20013

   micro avg       0.61      0.61      0.61     43114
   macro avg       0.55      0.29      0.31     43114
weighted avg       0.60      0.61      0.56     43114
 samples avg       0.61      0.61      0.61     43114


[[  663     1     0     7     0    39     9   165     0  1911]
 [   11     5     0    77     0     1    43   222     0   962]
 [   17     0    12     4     0     3     9    38     0   272]
 [    9     1     1  3734     0     1    22   343     0   589]
 [    5     0     0     7     0     0     8    31     0   534]
 [   79     0     0    20     0   207    12   204     1   981]
 [    4     0     0    79     0     3  1622   120     0  1841]
 [  113     1     1   359     0    58    58  2609     2  4305]
 [    9     0     0    20     0    10     3   165     4   455]
 [  374     0     3   248     0    81   582  1235     1 17489]]

