Title: Fully Connected - Words: 1000, Batch: 32, Epochs: 4, Outputs: 512

Results of Training Set

--------------------
Accuracy: 0.7013421781014674, F1 Score: 0.4540131060299289, Precision: 0.8355286169736242, Recall: 0.3943048910044413

              precision    recall  f1-score   support

           0       0.78      0.46      0.58      8263
           1       0.86      0.09      0.16      3968
           2       0.89      0.19      0.31      1050
           3       0.89      0.85      0.87     14541
           4       0.96      0.01      0.03      1763
           5       0.80      0.35      0.48      4392
           6       0.88      0.58      0.70     11089
           7       0.72      0.39      0.51     22288
           8       0.93      0.07      0.13      1971
           9       0.65      0.95      0.77     60017

   micro avg       0.70      0.70      0.70    129342
   macro avg       0.84      0.39      0.45    129342
weighted avg       0.74      0.70      0.67    129342
 samples avg       0.70      0.70      0.70    129342


[[ 3814     1     1     8     0    53     5   210     0  4171]
 [   19   345     1   192     0     9    75   423     0  2904]
 [   38     0   197     7     0     7    14    82     0   705]
 [   20     8     0 12409     0     5    27   573     0  1499]
 [    8     1     0    22    24     2     8    37     0  1661]
 [  182     0     3    45     0  1526    11   378     3  2244]
 [   11    11     1   174     0     3  6398   195     0  4296]
 [  246    20    12   620     0   119   129  8709     3 12430]
 [   42     0     0    65     0    27    12   257   143  1425]
 [  505    17     6   340     1   159   583  1253     5 57148]]

Results of Validation Set

--------------------
Accuracy: 0.6128635709978197, F1 Score: 0.32580517917915014, Precision: 0.5529222303459098, Recall: 0.29469730701167074

              precision    recall  f1-score   support

           0       0.52      0.25      0.34      2797
           1       0.48      0.02      0.04      1370
           2       0.76      0.08      0.14       371
           3       0.83      0.78      0.80      4733
           4       0.00      0.00      0.00       600
           5       0.54      0.19      0.28      1417
           6       0.72      0.43      0.54      3795
           7       0.56      0.28      0.37      7454
           8       0.55      0.02      0.03       665
           9       0.59      0.90      0.71     19912

   micro avg       0.61      0.61      0.61     43114
   macro avg       0.55      0.29      0.33     43114
weighted avg       0.60      0.61      0.56     43114
 samples avg       0.61      0.61      0.61     43114


[[  704     1     1     8     0    34     6   112     0  1931]
 [    4    31     0    96     0     5    43   167     0  1024]
 [   20     0    28     2     0     2    10    28     0   281]
 [    2     4     0  3675     0     2    27   264     0   759]
 [    7     0     0     4     0     3     4    25     1   556]
 [   91     0     0    18     0   272     4   154     1   877]
 [   18     4     1    79     0     3  1622    57     0  2011]
 [  140     8     2   309     0    67    58  2084     3  4783]
 [    9     1     0    27     0    15     4   105    12   492]
 [  370    16     5   225     0    98   487   711     5 17995]]

Results of Test Set

--------------------
Accuracy: 0.6101962239643736, F1 Score: 0.3232882431905187, Precision: 0.6360702828573783, Recall: 0.29283676922365115

              precision    recall  f1-score   support

           0       0.50      0.26      0.34      2795
           1       0.45      0.02      0.04      1321
           2       0.57      0.07      0.13       355
           3       0.84      0.79      0.81      4700
           4       1.00      0.00      0.00       585
           5       0.54      0.18      0.27      1504
           6       0.70      0.41      0.52      3669
           7       0.54      0.27      0.36      7506
           8       0.64      0.02      0.05       666
           9       0.59      0.90      0.71     20013

   micro avg       0.61      0.61      0.61     43114
   macro avg       0.64      0.29      0.32     43114
weighted avg       0.61      0.61      0.56     43114
 samples avg       0.61      0.61      0.61     43114


[[  723     2     2     5     0    41     7   105     1  1909]
 [    6    31     0    68     0     3    36   163     0  1014]
 [   24     0    25     3     0     3    11    33     0   256]
 [    8     7     1  3698     0     1    15   276     0   694]
 [    6     0     0     4     1     2     7    25     0   540]
 [   97     1     0    18     0   272     9   159     2   946]
 [    6     4     1    75     0     1  1508    77     0  1997]
 [  149    13     2   337     0    70    48  2046     3  4838]
 [   15     1     0    21     0    11     2    95    16   505]
 [  416    10    13   189     0   103   508   783     3 17988]]

