Title: Fully Connected - Words: 1000, Batch: 64, Epochs: 4, Outputs: 512

Results of Training Set

--------------------
Accuracy: 0.7012339379319943, F1 Score: 0.4373840666926031, Precision: 0.819027563934133, Recall: 0.3902306759414135

              precision    recall  f1-score   support

           0       0.74      0.51      0.60      8263
           1       0.93      0.06      0.11      3968
           2       0.91      0.12      0.21      1050
           3       0.89      0.84      0.87     14541
           4       0.95      0.01      0.02      1763
           5       0.75      0.34      0.47      4392
           6       0.82      0.60      0.70     11089
           7       0.68      0.45      0.54     22288
           8       0.86      0.05      0.09      1971
           9       0.66      0.93      0.77     60017

   micro avg       0.70      0.70      0.70    129342
   macro avg       0.82      0.39      0.44    129342
weighted avg       0.73      0.70      0.67    129342
 samples avg       0.70      0.70      0.70    129342


[[ 4183     0     1     5     0    75    11   292     0  3696]
 [   20   236     0   174     0    10   134   560     0  2834]
 [   63     0   125     4     0    10    27   100     0   721]
 [   27     3     0 12248     0     8    53   795     2  1405]
 [   11     1     0    19    20     5    12    76     0  1619]
 [  184     0     0    51     0  1484    22   459     2  2190]
 [    8     1     1   193     0     4  6685   247     0  3950]
 [  309     7     7   546     1   149   172  9965     6 11126]
 [   49     0     0    68     0    25    18   331    96  1384]
 [  823     5     3   396     0   213   989  1925     6 55657]]

Results of Validation Set

--------------------
Accuracy: 0.6177807672681728, F1 Score: 0.3340073311982404, Precision: 0.5660874621863706, Recall: 0.3061108788821897

              precision    recall  f1-score   support

           0       0.50      0.30      0.38      2797
           1       0.68      0.02      0.05      1370
           2       0.84      0.06      0.11       371
           3       0.84      0.78      0.81      4733
           4       0.00      0.00      0.00       600
           5       0.54      0.21      0.30      1417
           6       0.68      0.47      0.56      3795
           7       0.54      0.34      0.42      7454
           8       0.44      0.01      0.02       665
           9       0.60      0.88      0.71     19912

   micro avg       0.62      0.62      0.62     43114
   macro avg       0.57      0.31      0.33     43114
weighted avg       0.61      0.62      0.58     43114
 samples avg       0.62      0.62      0.62     43114


[[  844     0     0     8     0    42     7   134     0  1762]
 [    4    32     1    89     0     2    51   217     0   974]
 [   22     0    21     3     0     1    11    32     0   281]
 [   12     2     0  3672     0     2    43   345     1   656]
 [   12     0     0     4     0     2     6    37     0   539]
 [   94     0     0    15     0   293     9   170     0   836]
 [   11     1     0    79     0     2  1774    86     0  1842]
 [  169     7     2   268     0    82    83  2559     4  4280]
 [   14     0     0    24     0    11     5   131     7   473]
 [  491     5     1   223     0   107   603  1045     4 17433]]

Results of Test Set

--------------------
Accuracy: 0.614069675743378, F1 Score: 0.3251821558867731, Precision: 0.5686140920938436, Recall: 0.30001365175777694

              precision    recall  f1-score   support

           0       0.49      0.30      0.37      2795
           1       0.51      0.02      0.03      1321
           2       0.57      0.04      0.07       355
           3       0.84      0.78      0.81      4700
           4       0.50      0.00      0.00       585
           5       0.52      0.19      0.27      1504
           6       0.67      0.46      0.55      3669
           7       0.52      0.33      0.40      7506
           8       0.45      0.02      0.03       666
           9       0.60      0.87      0.71     20013

   micro avg       0.61      0.61      0.61     43114
   macro avg       0.57      0.30      0.33     43114
weighted avg       0.60      0.61      0.57     43114
 samples avg       0.61      0.61      0.61     43114


[[  839     0     0     5     0    42     8   140     1  1760]
 [   14    21     0    62     0     2    51   206     1   964]
 [   25     0    13     4     0     6    13    36     0   258]
 [   12     4     1  3670     0     1    38   354     0   620]
 [    9     0     0     6     1     1    10    27     0   531]
 [   96     1     0    20     0   279    13   179     1   915]
 [    4     1     0    66     0     2  1697   108     0  1791]
 [  169     5     2   287     0    86    71  2465     4  4417]
 [   14     0     0    24     0     9     2   131    10   476]
 [  524     9     7   207     1   104   625  1051     5 17480]]

