Title: Fully Connected - Words: 1000, Batch: 128, Epochs: 4, Outputs: 512

Results of Training Set

--------------------
Accuracy: 0.6949173508991665, F1 Score: 0.4183278587700479, Precision: 0.8221338927953564, Recall: 0.37463120471583444

              precision    recall  f1-score   support

           0       0.74      0.44      0.55      8263
           1       0.84      0.05      0.10      3968
           2       0.97      0.08      0.15      1050
           3       0.88      0.85      0.86     14541
           4       1.00      0.00      0.01      1763
           5       0.72      0.34      0.46      4392
           6       0.85      0.53      0.66     11089
           7       0.65      0.49      0.55     22288
           8       0.92      0.04      0.07      1971
           9       0.66      0.92      0.77     60017

   micro avg       0.69      0.69      0.69    129342
   macro avg       0.82      0.37      0.42    129342
weighted avg       0.72      0.69      0.66    129342
 samples avg       0.69      0.69      0.69    129342


[[ 3597     0     0    12     0   101    14   444     0  4095]
 [   16   206     0   199     0    12   105   674     0  2756]
 [   46     0    88     8     0    12    18   111     0   767]
 [   30     6     0 12386     0     9    29   702     0  1379]
 [   12     4     0    23     7     6    10   112     0  1589]
 [  141     0     0    54     0  1510    14   557     0  2116]
 [   12     3     1   214     0     4  5912   300     0  4643]
 [  263    15     2   704     0   171   143 10817     5 10168]
 [   37     1     0    78     0    38    13   394    71  1339]
 [  708     9     0   458     0   248   667  2638     1 55288]]

Results of Validation Set

--------------------
Accuracy: 0.6168761887090041, F1 Score: 0.3293032371361657, Precision: 0.5525762564052503, Recall: 0.3022378233214097

              precision    recall  f1-score   support

           0       0.52      0.27      0.36      2797
           1       0.47      0.02      0.03      1370
           2       0.82      0.05      0.09       371
           3       0.82      0.79      0.81      4733
           4       0.00      0.00      0.00       600
           5       0.52      0.21      0.30      1417
           6       0.73      0.43      0.54      3795
           7       0.51      0.37      0.43      7454
           8       0.53      0.01      0.02       665
           9       0.60      0.87      0.71     19912

   micro avg       0.62      0.62      0.62     43114
   macro avg       0.55      0.30      0.33     43114
weighted avg       0.60      0.62      0.57     43114
 samples avg       0.62      0.62      0.62     43114


[[  760     0     0     7     0    50     9   172     0  1799]
 [    6    24     1    98     0     2    44   249     1   945]
 [   16     0    18     1     0     1     7    40     0   288]
 [   11     7     0  3753     0     4    27   320     1   610]
 [    6     0     0     6     0     1     3    49     0   535]
 [   73     0     0    17     0   296     7   212     0   812]
 [   10     7     1    92     0     2  1618   109     0  1956]
 [  148     5     2   319     0    81    60  2788     2  4049]
 [    9     1     0    25     0    14     3   146     8   459]
 [  412     7     0   254     0   122   452  1331     3 17331]]

Results of Test Set

--------------------
Accuracy: 0.6137913438790185, F1 Score: 0.3234031186637044, Precision: 0.5780412826053599, Recall: 0.2977006646984523

              precision    recall  f1-score   support

           0       0.50      0.27      0.36      2795
           1       0.56      0.02      0.03      1321
           2       0.92      0.03      0.06       355
           3       0.82      0.80      0.81      4700
           4       0.00      0.00      0.00       585
           5       0.52      0.20      0.29      1504
           6       0.72      0.41      0.52      3669
           7       0.50      0.36      0.42      7506
           8       0.63      0.02      0.04       666
           9       0.60      0.87      0.71     20013

   micro avg       0.61      0.61      0.61     43114
   macro avg       0.58      0.30      0.32     43114
weighted avg       0.60      0.61      0.57     43114
 samples avg       0.61      0.61      0.61     43114


[[  767     0     0     7     0    55     8   200     0  1758]
 [   10    22     0    68     0     2    32   231     0   956]
 [   25     0    11     5     0     3     7    48     0   256]
 [   12     4     0  3749     0     0    19   319     0   597]
 [    3     1     0     5     0     3     6    40     0   527]
 [   75     0     0    21     0   300    11   206     1   890]
 [    8     4     0    76     0     4  1507   122     0  1948]
 [  147     6     0   360     0    84    52  2702     4  4151]
 [   11     1     0    26     0    12     3   147    12   454]
 [  464     1     1   238     0   115   459  1340     2 17393]]

