Title: Fully Connected - Words: 1000, Batch: 32, Epochs: 5, Outputs: 10

Results of Training Set

--------------------
Accuracy: 0.5812033214269147, F1 Score: 0.21394271448693628, Precision: 0.39033769713893385, Recall: 0.2140962436973739

              precision    recall  f1-score   support

           0       0.36      0.00      0.01      8263
           1       0.00      0.00      0.00      3968
           2       0.00      0.00      0.00      1050
           3       0.86      0.74      0.80     14541
           4       0.00      0.00      0.00      1763
           5       0.72      0.00      0.01      4392
           6       0.80      0.30      0.44     11089
           7       0.62      0.11      0.19     22288
           8       0.00      0.00      0.00      1971
           9       0.54      0.97      0.69     60017

   micro avg       0.58      0.58      0.58    129342
   macro avg       0.39      0.21      0.21    129342
weighted avg       0.57      0.58      0.48    129342
 samples avg       0.58      0.58      0.58    129342


[[   40     0     0     3     0     5     2    22     0  8191]
 [    0     0     0   176     0     0    40   157     0  3595]
 [    0     0     0     5     0     0    13    21     0  1011]
 [    2     0     0 10780     0     0    21   542     0  3196]
 [    0     0     0    15     0     0     5    15     0  1728]
 [   42     0     0    47     0    18     4    86     0  4195]
 [    0     0     0   203     0     0  3376    55     0  7455]
 [    6     0     0   838     0     2    86  2500     0 18856]
 [    2     0     0    58     0     0     6   139     0  1766]
 [   20     0     0   422     0     0   647   468     0 58460]]

Results of Validation Set

--------------------
Accuracy: 0.5737347497332653, F1 Score: 0.2102147564189419, Precision: 0.40574745774696697, Recall: 0.2112286717007888

              precision    recall  f1-score   support

           0       0.43      0.01      0.01      2797
           1       0.00      0.00      0.00      1370
           2       0.00      0.00      0.00       371
           3       0.85      0.73      0.78      4733
           4       0.00      0.00      0.00       600
           5       0.86      0.00      0.01      1417
           6       0.79      0.30      0.43      3795
           7       0.60      0.11      0.18      7454
           8       0.00      0.00      0.00       665
           9       0.53      0.97      0.69     19912

   micro avg       0.57      0.57      0.57     43114
   macro avg       0.41      0.21      0.21     43114
weighted avg       0.57      0.57      0.47     43114
 samples avg       0.57      0.57      0.57     43114


[[   16     0     0     3     0     0     0     6     0  2772]
 [    0     0     0    72     0     0    18    56     0  1224]
 [    0     0     0     0     0     0     4     3     0   364]
 [    0     0     0  3453     0     0    12   180     0  1088]
 [    0     0     0     1     0     0     1     8     0   590]
 [   10     0     0    12     0     6     0    38     0  1351]
 [    0     0     0    75     0     0  1122    24     0  2574]
 [    5     0     0   284     0     0    26   783     0  6356]
 [    1     0     0    18     0     1     1    50     0   594]
 [    5     0     0   148     0     0   242   161     0 19356]]

Results of Test Set

--------------------
Accuracy: 0.5733636405807858, F1 Score: 0.2083307143964422, Precision: 0.3464897269081221, Recall: 0.2102124766546271

              precision    recall  f1-score   support

           0       0.38      0.01      0.01      2795
           1       0.00      0.00      0.00      1321
           2       0.00      0.00      0.00       355
           3       0.85      0.73      0.79      4700
           4       0.00      0.00      0.00       585
           5       0.33      0.00      0.00      1504
           6       0.77      0.29      0.42      3669
           7       0.60      0.10      0.17      7506
           8       0.00      0.00      0.00       666
           9       0.53      0.97      0.69     20013

   micro avg       0.57      0.57      0.57     43114
   macro avg       0.35      0.21      0.21     43114
weighted avg       0.55      0.57      0.47     43114
 samples avg       0.57      0.57      0.57     43114


[[   14     0     0     2     0     2     2     4     0  2771]
 [    0     0     0    56     0     0    15    60     0  1190]
 [    0     0     0     3     0     0     4     7     0   341]
 [    0     0     0  3448     0     0     8   180     0  1064]
 [    0     0     0     3     0     0     4     7     0   571]
 [   18     0     0    15     0     3     2    32     0  1434]
 [    0     0     0    67     0     0  1067    18     0  2517]
 [    3     0     0   294     0     2    23   744     0  6440]
 [    0     0     0    16     0     1     2    38     0   609]
 [    2     0     0   155     0     1   254   157     0 19444]]

