Title: Fully Connected - Words: 1000, Batch: 64, Epochs: 5, Outputs: 10

Results of Training Set

--------------------
Accuracy: 0.5855870482905785, F1 Score: 0.2168071317168084, Precision: 0.3647872020087895, Recall: 0.2146802262462002

              precision    recall  f1-score   support

           0       0.85      0.00      0.00      8263
           1       0.00      0.00      0.00      3968
           2       0.00      0.00      0.00      1050
           3       0.87      0.74      0.80     14541
           4       0.00      0.00      0.00      1763
           5       0.00      0.00      0.00      4392
           6       0.82      0.25      0.38     11089
           7       0.57      0.19      0.28     22288
           8       0.00      0.00      0.00      1971
           9       0.55      0.97      0.70     60017

   micro avg       0.59      0.59      0.59    129342
   macro avg       0.36      0.21      0.22    129342
weighted avg       0.57      0.59      0.50    129342
 samples avg       0.59      0.59      0.59    129342


[[   11     0     0     4     0     0     1    70     0  8177]
 [    0     0     0   163     0     0    21   296     0  3488]
 [    0     0     0     3     0     0     5    35     0  1007]
 [    0     0     0 10744     0     0    33  1099     0  2665]
 [    0     0     0    10     0     0     3    35     0  1715]
 [    0     0     0    42     0     0     3   216     0  4131]
 [    0     0     0   209     0     0  2790   107     0  7983]
 [    1     0     0   687     0     0    46  4208     0 17346]
 [    0     0     0    50     0     0     7   241     0  1673]
 [    1     0     0   425     0     0   510  1093     0 57988]]

Results of Validation Set

--------------------
Accuracy: 0.5765412626988913, F1 Score: 0.2123560916859856, Precision: 0.37275426397791034, Recall: 0.21128718155159634

              precision    recall  f1-score   support

           0       1.00      0.00      0.00      2797
           1       0.00      0.00      0.00      1370
           2       0.00      0.00      0.00       371
           3       0.86      0.72      0.78      4733
           4       0.00      0.00      0.00       600
           5       0.00      0.00      0.00      1417
           6       0.78      0.25      0.37      3795
           7       0.55      0.18      0.27      7454
           8       0.00      0.00      0.00       665
           9       0.54      0.96      0.69     19912

   micro avg       0.58      0.58      0.58     43114
   macro avg       0.37      0.21      0.21     43114
weighted avg       0.57      0.58      0.49     43114
 samples avg       0.58      0.58      0.58     43114


[[    2     0     0     4     0     0     0    19     0  2772]
 [    0     0     0    70     0     0    16   104     0  1180]
 [    0     0     0     1     0     0     2     7     0   361]
 [    0     0     0  3428     0     0    15   381     0   909]
 [    0     0     0     2     0     0     0    16     0   582]
 [    0     0     0    11     0     0     0    84     0  1322]
 [    0     0     0    81     0     0   931    33     0  2750]
 [    0     0     0   224     0     0    14  1349     0  5867]
 [    0     0     0    14     0     0     1    85     0   565]
 [    0     0     0   168     0     0   208   389     0 19147]]

Results of Test Set

--------------------
Accuracy: 0.5785823630375284, F1 Score: 0.212649646866698, Precision: 0.3537948887968186, Recall: 0.21164318067015175

              precision    recall  f1-score   support

           0       0.80      0.00      0.00      2795
           1       0.00      0.00      0.00      1321
           2       0.00      0.00      0.00       355
           3       0.86      0.73      0.79      4700
           4       0.00      0.00      0.00       585
           5       0.00      0.00      0.00      1504
           6       0.78      0.24      0.37      3669
           7       0.55      0.18      0.27      7506
           8       0.00      0.00      0.00       666
           9       0.54      0.96      0.69     20013

   micro avg       0.58      0.58      0.58     43114
   macro avg       0.35      0.21      0.21     43114
weighted avg       0.56      0.58      0.49     43114
 samples avg       0.58      0.58      0.58     43114


[[    4     0     0     1     0     0     0    29     0  2761]
 [    0     0     0    50     0     0    12    98     0  1161]
 [    0     0     0     3     0     0     4     8     0   340]
 [    0     0     0  3431     0     0    15   360     0   894]
 [    0     0     0     4     0     0     4    14     0   563]
 [    0     0     0    15     0     0     2    71     0  1416]
 [    0     0     0    67     0     0   895    34     0  2673]
 [    1     0     0   251     0     0    19  1333     0  5902]
 [    0     0     0    16     0     0     2    78     0   570]
 [    0     0     0   163     0     0   189   379     0 19282]]

