Title: Fully Connected - Words: 1000, Batch: 128, Epochs: 5, Outputs: 10

Results of Training Set

--------------------
Accuracy: 0.5768582517666342, F1 Score: 0.2068871361169216, Precision: 0.2826604993550793, Recall: 0.20892800493081037

              precision    recall  f1-score   support

           0       0.00      0.00      0.00      8263
           1       0.00      0.00      0.00      3968
           2       0.00      0.00      0.00      1050
           3       0.87      0.74      0.80     14541
           4       0.00      0.00      0.00      1763
           5       0.00      0.00      0.00      4392
           6       0.80      0.27      0.40     11089
           7       0.62      0.10      0.18     22288
           8       0.00      0.00      0.00      1971
           9       0.53      0.98      0.69     60017

   micro avg       0.58      0.58      0.58    129342
   macro avg       0.28      0.21      0.21    129342
weighted avg       0.52      0.58      0.48    129342
 samples avg       0.58      0.58      0.58    129342


[[    0     0     0     3     0     0     1    12     0  8247]
 [    0     0     0   167     0     0    30   157     0  3614]
 [    0     0     0     3     0     0     7    19     0  1021]
 [    0     0     0 10812     0     0    42   555     0  3132]
 [    0     0     0    10     0     0     4    11     0  1738]
 [    0     0     0    42     0     0     5    51     0  4294]
 [    0     0     0   206     0     0  2974    60     0  7849]
 [    0     0     0   723     0     0    52  2271     0 19242]
 [    0     0     0    54     0     0     7    72     0  1838]
 [    0     0     0   431     0     0   588   443     0 58555]]

Results of Validation Set

--------------------
Accuracy: 0.5699772695644106, F1 Score: 0.20388171562379465, Precision: 0.2782428787837027, Recall: 0.20661974354853055

              precision    recall  f1-score   support

           0       0.00      0.00      0.00      2797
           1       0.00      0.00      0.00      1370
           2       0.00      0.00      0.00       371
           3       0.86      0.73      0.79      4733
           4       0.00      0.00      0.00       600
           5       0.00      0.00      0.00      1417
           6       0.79      0.26      0.39      3795
           7       0.61      0.10      0.17      7454
           8       0.00      0.00      0.00       665
           9       0.53      0.97      0.69     19912

   micro avg       0.57      0.57      0.57     43114
   macro avg       0.28      0.21      0.20     43114
weighted avg       0.51      0.57      0.47     43114
 samples avg       0.57      0.57      0.57     43114


[[    0     0     0     4     0     0     1     2     0  2790]
 [    0     0     0    71     0     0    16    53     0  1230]
 [    0     0     0     0     0     0     2     4     0   365]
 [    0     0     0  3461     0     0    18   185     0  1069]
 [    0     0     0     3     0     0     0     6     0   591]
 [    0     0     0    10     0     0     0    17     0  1390]
 [    0     0     0    74     0     0   998    22     0  2701]
 [    0     0     0   238     0     0    16   736     0  6464]
 [    0     0     0    17     0     0     1    30     0   617]
 [    0     0     0   165     0     0   216   152     0 19379]]

Results of Test Set

--------------------
Accuracy: 0.5699540752423806, F1 Score: 0.20214431872243419, Precision: 0.27586620501509795, Recall: 0.20562854413352652

              precision    recall  f1-score   support

           0       0.00      0.00      0.00      2795
           1       0.00      0.00      0.00      1321
           2       0.00      0.00      0.00       355
           3       0.86      0.73      0.79      4700
           4       0.00      0.00      0.00       585
           5       0.00      0.00      0.00      1504
           6       0.78      0.26      0.39      3669
           7       0.59      0.09      0.16      7506
           8       0.00      0.00      0.00       666
           9       0.53      0.97      0.69     20013

   micro avg       0.57      0.57      0.57     43114
   macro avg       0.28      0.21      0.20     43114
weighted avg       0.51      0.57      0.47     43114
 samples avg       0.57      0.57      0.57     43114


[[    0     0     0     1     0     0     0     3     0  2791]
 [    0     0     0    49     0     0    12    54     0  1206]
 [    0     0     0     3     0     0     4     5     0   343]
 [    0     0     0  3454     0     0    20   191     0  1035]
 [    0     0     0     3     0     0     3     6     0   573]
 [    0     0     0    13     0     0     3    22     0  1466]
 [    0     0     0    67     0     0   945    16     0  2641]
 [    0     0     0   257     0     0    18   670     0  6561]
 [    0     0     0    15     0     0     3    28     0   620]
 [    0     0     0   164     0     0   201   144     0 19504]]

