Title: Fully Connected - Words: 1000, Batch: 32, Epochs: 5, Outputs: 16

Results of Training Set

--------------------
Accuracy: 0.600191739728781, F1 Score: 0.23831685030029642, Precision: 0.39481136006445233, Recall: 0.23369507853897784

              precision    recall  f1-score   support

           0       0.50      0.02      0.04      8263
           1       0.00      0.00      0.00      3968
           2       0.00      0.00      0.00      1050
           3       0.85      0.78      0.81     14541
           4       0.00      0.00      0.00      1763
           5       0.64      0.01      0.01      4392
           6       0.80      0.37      0.50     11089
           7       0.60      0.21      0.31     22288
           8       0.00      0.00      0.00      1971
           9       0.56      0.96      0.70     60017

   micro avg       0.60      0.60      0.60    129342
   macro avg       0.39      0.23      0.24    129342
weighted avg       0.58      0.60      0.52    129342
 samples avg       0.60      0.60      0.60    129342


[[  157     0     0     8     0     7     4    91     0  7996]
 [    3     0     0   195     0     0    53   328     0  3389]
 [    5     0     0     7     0     1    16    43     0   978]
 [    3     0     0 11294     0     0    24   771     0  2449]
 [    0     0     0    16     0     0     4    28     0  1715]
 [   56     0     0    59     0    30     7   259     0  3981]
 [    1     0     0   225     0     0  4066   113     0  6684]
 [   16     0     0   893     0     6    98  4727     0 16548]
 [    1     0     0    62     0     0     7   264     0  1637]
 [   70     0     0   498     0     3   818  1272     0 57356]]

Results of Validation Set

--------------------
Accuracy: 0.5890661965950735, F1 Score: 0.2320831194414077, Precision: 0.38232060805563944, Recall: 0.22862367135122436

              precision    recall  f1-score   support

           0       0.57      0.02      0.04      2797
           1       0.00      0.00      0.00      1370
           2       0.00      0.00      0.00       371
           3       0.83      0.76      0.80      4733
           4       0.00      0.00      0.00       600
           5       0.53      0.01      0.01      1417
           6       0.77      0.35      0.48      3795
           7       0.57      0.20      0.30      7454
           8       0.00      0.00      0.00       665
           9       0.55      0.95      0.70     19912

   micro avg       0.59      0.59      0.59     43114
   macro avg       0.38      0.23      0.23     43114
weighted avg       0.57      0.59      0.51     43114
 samples avg       0.59      0.59      0.59     43114


[[   57     0     0     4     0     4     3    26     0  2703]
 [    0     0     0    88     0     1    23   112     0  1146]
 [    1     0     0     0     0     0     6     9     0   355]
 [    0     0     0  3596     0     0    17   277     0   843]
 [    0     0     0     4     0     0     0    13     0   583]
 [   14     0     0    12     0     9     2   106     0  1274]
 [    0     0     0    77     0     0  1329    33     0  2356]
 [    5     0     0   310     0     1    27  1486     0  5625]
 [    1     0     0    23     0     1     1    90     0   549]
 [   22     0     0   199     0     1   324   446     0 18920]]

Results of Test Set

--------------------
Accuracy: 0.589483694391613, F1 Score: 0.23081969274700093, Precision: 0.3832153050884929, Recall: 0.22794497900253563

              precision    recall  f1-score   support

           0       0.54      0.02      0.03      2795
           1       0.00      0.00      0.00      1321
           2       0.00      0.00      0.00       355
           3       0.84      0.77      0.80      4700
           4       0.00      0.00      0.00       585
           5       0.57      0.01      0.01      1504
           6       0.77      0.35      0.48      3669
           7       0.57      0.19      0.29      7506
           8       0.00      0.00      0.00       666
           9       0.55      0.95      0.70     20013

   micro avg       0.59      0.59      0.59     43114
   macro avg       0.38      0.23      0.23     43114
weighted avg       0.57      0.59      0.50     43114
 samples avg       0.59      0.59      0.59     43114


[[   48     0     0     3     0     1     1    33     0  2709]
 [    0     0     0    62     0     0    17   120     0  1122]
 [    1     0     0     4     0     0     4    11     0   335]
 [    0     0     0  3597     0     0    13   266     0   824]
 [    0     0     0     4     0     0     3    14     0   564]
 [   16     0     0    18     0     8     8    80     0  1374]
 [    0     0     0    67     0     0  1273    40     0  2289]
 [    8     0     0   331     0     2    26  1452     0  5687]
 [    1     0     0    17     0     0     2    97     0   549]
 [   15     0     0   190     0     3   316   452     0 19037]]

