Title: Fully Connected - Words: 1000, Batch: 64, Epochs: 5, Outputs: 16

Results of Training Set

--------------------
Accuracy: 0.5948029255771521, F1 Score: 0.22980263588851155, Precision: 0.34716785652627263, Recall: 0.2259790298404294

              precision    recall  f1-score   support

           0       0.67      0.00      0.01      8263
           1       0.00      0.00      0.00      3968
           2       0.00      0.00      0.00      1050
           3       0.87      0.75      0.80     14541
           4       0.00      0.00      0.00      1763
           5       0.00      0.00      0.00      4392
           6       0.80      0.34      0.48     11089
           7       0.58      0.21      0.31     22288
           8       0.00      0.00      0.00      1971
           9       0.55      0.96      0.70     60017

   micro avg       0.59      0.59      0.59    129342
   macro avg       0.35      0.23      0.23    129342
weighted avg       0.57      0.59      0.51    129342
 samples avg       0.59      0.59      0.59    129342


[[   35     0     0     5     0     0     3    74     0  8146]
 [    0     0     0   168     0     0    47   327     0  3426]
 [    0     0     0     4     0     0    14    41     0   991]
 [    0     0     0 10860     0     0    38  1116     0  2527]
 [    0     0     0    11     0     0     4    43     0  1705]
 [    0     0     0    40     0     0     3   223     0  4126]
 [    1     0     0   211     0     0  3749   129     0  6999]
 [    7     0     0   736     0     0    86  4707     0 16752]
 [    0     0     0    54     0     0     6   253     0  1658]
 [    9     0     0   437     0     0   726  1263     0 57582]]

Results of Validation Set

--------------------
Accuracy: 0.5845201094772, F1 Score: 0.22394386356141918, Precision: 0.3526888062646069, Recall: 0.22128026205098145

              precision    recall  f1-score   support

           0       0.80      0.00      0.01      2797
           1       0.00      0.00      0.00      1370
           2       0.00      0.00      0.00       371
           3       0.85      0.73      0.79      4733
           4       0.00      0.00      0.00       600
           5       0.00      0.00      0.00      1417
           6       0.78      0.33      0.46      3795
           7       0.55      0.20      0.29      7454
           8       0.00      0.00      0.00       665
           9       0.55      0.96      0.70     19912

   micro avg       0.58      0.58      0.58     43114
   macro avg       0.35      0.22      0.22     43114
weighted avg       0.56      0.58      0.50     43114
 samples avg       0.58      0.58      0.58     43114


[[    8     0     0     4     0     0     1    22     0  2762]
 [    0     0     0    71     0     0    22   124     0  1153]
 [    0     0     0     0     0     0     5    12     0   354]
 [    0     0     0  3451     0     0    17   385     0   880]
 [    0     0     0     3     0     0     1    21     0   575]
 [    0     0     0    12     0     0     2    91     0  1312]
 [    0     0     0    74     0     0  1239    40     0  2442]
 [    0     0     0   251     0     0    22  1485     0  5696]
 [    0     0     0    14     0     0     2    91     0   558]
 [    2     0     0   177     0     0   275   440     0 19018]]

Results of Test Set

--------------------
Accuracy: 0.5843809435450201, F1 Score: 0.22284920203853598, Precision: 0.3563792191013359, Recall: 0.2206059842294959

              precision    recall  f1-score   support

           0       0.86      0.00      0.01      2795
           1       0.00      0.00      0.00      1321
           2       0.00      0.00      0.00       355
           3       0.85      0.73      0.79      4700
           4       0.00      0.00      0.00       585
           5       0.00      0.00      0.00      1504
           6       0.76      0.32      0.45      3669
           7       0.55      0.19      0.28      7506
           8       0.00      0.00      0.00       666
           9       0.55      0.96      0.70     20013

   micro avg       0.58      0.58      0.58     43114
   macro avg       0.36      0.22      0.22     43114
weighted avg       0.56      0.58      0.50     43114
 samples avg       0.58      0.58      0.58     43114


[[   12     0     0     2     0     0     0    31     0  2750]
 [    0     0     0    49     0     0    18   129     0  1125]
 [    0     0     0     2     0     0     4    12     0   337]
 [    0     0     0  3447     0     0    18   378     0   857]
 [    0     0     0     5     0     0     3    12     0   565]
 [    0     0     0    16     0     0     5    74     0  1409]
 [    0     0     0    68     0     0  1181    45     0  2375]
 [    1     0     0   282     0     0    27  1434     0  5762]
 [    0     0     0    16     0     0     2    76     0   572]
 [    1     0     0   166     0     0   294   431     0 19121]]

