Title: Fully Connected - Words: 1000, Batch: 64, Epochs: 1, Outputs: 32

Results of Training Set

--------------------
Accuracy: 0.5959162530345905, F1 Score: 0.23429518690492487, Precision: 0.3704230835789815, Recall: 0.23383491233851159

              precision    recall  f1-score   support

           0       1.00      0.00      0.00      8263
           1       0.00      0.00      0.00      3968
           2       0.00      0.00      0.00      1050
           3       0.85      0.76      0.80     14541
           4       0.00      0.00      0.00      1763
           5       0.00      0.00      0.00      4392
           6       0.72      0.42      0.53     11089
           7       0.58      0.21      0.31     22288
           8       0.00      0.00      0.00      1971
           9       0.56      0.94      0.70     60017

   micro avg       0.60      0.60      0.60    129342
   macro avg       0.37      0.23      0.23    129342
weighted avg       0.58      0.60      0.51    129342
 samples avg       0.60      0.60      0.60    129342


[[    1     0     0     8     0     0    18   101     0  8135]
 [    0     0     0   191     0     0    88   324     0  3365]
 [    0     0     0     8     0     0    27    41     0   974]
 [    0     0     0 11096     0     0    74   841     0  2530]
 [    0     0     0    19     0     0     8    42     0  1694]
 [    0     0     0    55     0     0    14   251     0  4072]
 [    0     0     0   221     0     0  4697   130     0  6041]
 [    0     0     0   902     0     0   147  4626     0 16613]
 [    0     0     0    68     0     0    28   224     0  1651]
 [    0     0     0   541     0     0  1399  1420     0 56657]]

Results of Validation Set

--------------------
Accuracy: 0.5874657883750058, F1 Score: 0.2301889324386726, Precision: 0.2656755326996099, Recall: 0.23011790442762448

              precision    recall  f1-score   support

           0       0.00      0.00      0.00      2797
           1       0.00      0.00      0.00      1370
           2       0.00      0.00      0.00       371
           3       0.84      0.75      0.79      4733
           4       0.00      0.00      0.00       600
           5       0.00      0.00      0.00      1417
           6       0.72      0.41      0.52      3795
           7       0.55      0.20      0.30      7454
           8       0.00      0.00      0.00       665
           9       0.55      0.94      0.69     19912

   micro avg       0.59      0.59      0.59     43114
   macro avg       0.27      0.23      0.23     43114
weighted avg       0.51      0.59      0.50     43114
 samples avg       0.59      0.59      0.59     43114


[[    0     0     0     4     0     0     4    49     0  2740]
 [    0     0     0    78     0     0    35   123     0  1134]
 [    0     0     0     2     0     0     8    10     0   351]
 [    0     0     0  3543     0     0    24   287     0   879]
 [    0     0     0     3     0     0     3    19     0   575]
 [    0     0     0    11     0     0     3   100     0  1303]
 [    0     0     0    77     0     0  1560    40     0  2118]
 [    0     0     0   305     0     0    38  1499     0  5612]
 [    0     0     0    19     0     0     6    88     0   552]
 [    0     0     0   199     0     0   497   490     0 18726]]

Results of Test Set

--------------------
Accuracy: 0.5873034281207961, F1 Score: 0.22880264830312477, Precision: 0.2641027440297109, Recall: 0.22938454390359664

              precision    recall  f1-score   support

           0       0.00      0.00      0.00      2795
           1       0.00      0.00      0.00      1321
           2       0.00      0.00      0.00       355
           3       0.84      0.76      0.80      4700
           4       0.00      0.00      0.00       585
           5       0.00      0.00      0.00      1504
           6       0.70      0.41      0.51      3669
           7       0.55      0.19      0.28      7506
           8       0.00      0.00      0.00       666
           9       0.55      0.94      0.70     20013

   micro avg       0.59      0.59      0.59     43114
   macro avg       0.26      0.23      0.23     43114
weighted avg       0.50      0.59      0.50     43114
 samples avg       0.59      0.59      0.59     43114


[[    0     0     0     4     0     0     9    44     0  2738]
 [    0     0     0    59     0     0    34   113     0  1115]
 [    0     0     0     4     0     0     6     8     0   337]
 [    0     0     0  3551     0     0    28   299     0   822]
 [    0     0     0     4     0     0     5    15     0   561]
 [    0     0     0    15     0     0    13    84     0  1392]
 [    0     0     0    69     0     0  1491    39     0  2070]
 [    0     0     0   329     0     0    37  1425     0  5715]
 [    0     0     0    18     0     0     9    86     0   553]
 [    0     0     0   179     0     0   491   489     0 18854]]

