Title: Fully Connected - Words: 1000, Batch: 128, Epochs: 5, Outputs: 16

Results of Training Set

--------------------
Accuracy: 0.597632632864808, F1 Score: 0.23362838790951407, Precision: 0.37610878910906953, Recall: 0.23093806276522183

              precision    recall  f1-score   support

           0       0.45      0.00      0.01      8263
           1       0.00      0.00      0.00      3968
           2       0.00      0.00      0.00      1050
           3       0.85      0.77      0.81     14541
           4       0.00      0.00      0.00      1763
           5       0.53      0.00      0.00      4392
           6       0.78      0.36      0.50     11089
           7       0.59      0.22      0.32     22288
           8       0.00      0.00      0.00      1971
           9       0.56      0.95      0.70     60017

   micro avg       0.60      0.60      0.60    129342
   macro avg       0.38      0.23      0.23    129342
weighted avg       0.57      0.60      0.51    129342
 samples avg       0.60      0.60      0.60    129342


[[   29     0     0     5     0     4     4    81     0  8140]
 [    0     0     0   192     0     0    58   351     0  3367]
 [    0     0     0     7     0     0    13    48     0   982]
 [    1     0     0 11181     0     0    32   911     0  2416]
 [    0     0     0    14     0     0     5    36     0  1708]
 [   19     0     0    50     0     8     5   231     0  4079]
 [    0     0     0   221     0     0  4038   139     0  6691]
 [    5     0     0   861     0     2    98  4865     0 16457]
 [    0     0     0    64     0     0    11   226     0  1670]
 [   10     0     0   519     0     1   939  1370     0 57178]]

Results of Validation Set

--------------------
Accuracy: 0.5869555132903466, F1 Score: 0.22805267058835738, Precision: 0.3740773656930469, Recall: 0.2263981320808893

              precision    recall  f1-score   support

           0       0.48      0.00      0.01      2797
           1       0.00      0.00      0.00      1370
           2       0.00      0.00      0.00       371
           3       0.84      0.75      0.79      4733
           4       0.00      0.00      0.00       600
           5       0.57      0.00      0.01      1417
           6       0.75      0.35      0.48      3795
           7       0.55      0.20      0.30      7454
           8       0.00      0.00      0.00       665
           9       0.55      0.95      0.70     19912

   micro avg       0.59      0.59      0.59     43114
   macro avg       0.37      0.23      0.23     43114
weighted avg       0.56      0.59      0.50     43114
 samples avg       0.59      0.59      0.59     43114


[[   11     0     0     4     0     0     2    26     0  2754]
 [    0     0     0    78     0     0    26   135     0  1131]
 [    0     0     0     0     0     0     5    11     0   355]
 [    0     0     0  3566     0     0    14   327     0   826]
 [    0     0     0     3     0     0     1    19     0   577]
 [    6     0     0    14     0     4     3   100     0  1290]
 [    0     0     0    78     0     0  1337    43     0  2337]
 [    2     0     0   306     0     2    30  1520     0  5594]
 [    0     0     0    21     0     1     1    85     0   557]
 [    4     0     0   187     0     0   357   496     0 18868]]

Results of Test Set

--------------------
Accuracy: 0.5883239782901146, F1 Score: 0.22763531901710543, Precision: 0.3626693947465768, Recall: 0.2262481486632389

              precision    recall  f1-score   support

           0       0.59      0.00      0.01      2795
           1       0.00      0.00      0.00      1321
           2       0.00      0.00      0.00       355
           3       0.84      0.76      0.80      4700
           4       0.00      0.00      0.00       585
           5       0.33      0.00      0.00      1504
           6       0.75      0.35      0.47      3669
           7       0.56      0.20      0.29      7506
           8       0.00      0.00      0.00       666
           9       0.55      0.95      0.70     20013

   micro avg       0.59      0.59      0.59     43114
   macro avg       0.36      0.23      0.23     43114
weighted avg       0.56      0.59      0.50     43114
 samples avg       0.59      0.59      0.59     43114


[[   13     0     0     3     0     0     2    32     0  2745]
 [    0     0     0    55     0     0    25   132     0  1109]
 [    0     0     0     4     0     0     5    13     0   333]
 [    0     0     0  3582     0     0    14   306     0   798]
 [    0     0     0     3     0     0     3    18     0   561]
 [    5     0     0    15     0     1     4    77     0  1402]
 [    0     0     0    70     0     0  1268    41     0  2290]
 [    4     0     0   322     0     0    26  1502     0  5652]
 [    0     0     0    17     0     0     2    74     0   573]
 [    0     0     0   177     0     2   345   490     0 18999]]

