Title: Fully Connected - Words: 1000, Batch: 32, Epochs: 5, Outputs: 32

Results of Training Set

--------------------
Accuracy: 0.6082479009138563, F1 Score: 0.2540839366856527, Precision: 0.42078019127717126, Recall: 0.2451249761309943

              precision    recall  f1-score   support

           0       0.69      0.03      0.06      8263
           1       0.00      0.00      0.00      3968
           2       0.00      0.00      0.00      1050
           3       0.86      0.78      0.82     14541
           4       0.00      0.00      0.00      1763
           5       0.74      0.04      0.07      4392
           6       0.78      0.40      0.53     11089
           7       0.57      0.26      0.36     22288
           8       0.00      0.00      0.00      1971
           9       0.57      0.94      0.71     60017

   micro avg       0.61      0.61      0.61    129342
   macro avg       0.42      0.25      0.25    129342
weighted avg       0.59      0.61      0.53    129342
 samples avg       0.61      0.61      0.61    129342


[[  241     0     0     8     0    15     8   243     0  7748]
 [    2     0     0   194     0     1    63   447     0  3261]
 [    6     0     0     5     0     4    16    43     0   976]
 [    3     0     0 11335     0     2    42   963     0  2196]
 [    0     0     0    10     0     0     6    40     0  1707]
 [   11     0     0    59     0   160     4   298     0  3860]
 [    1     0     0   225     0     0  4415   166     0  6282]
 [   19     0     0   851     0    17   117  5895     0 15389]
 [    0     0     0    65     0     0    12   344     0  1550]
 [   68     0     0   482     0    17   950  1874     0 56626]]

Results of Validation Set

--------------------
Accuracy: 0.5956997726956441, F1 Score: 0.24581010854582766, Precision: 0.3997954779686124, Recall: 0.23883491421982508

              precision    recall  f1-score   support

           0       0.73      0.03      0.05      2797
           1       0.00      0.00      0.00      1370
           2       0.00      0.00      0.00       371
           3       0.83      0.76      0.80      4733
           4       0.00      0.00      0.00       600
           5       0.58      0.03      0.06      1417
           6       0.75      0.38      0.50      3795
           7       0.55      0.25      0.35      7454
           8       0.00      0.00      0.00       665
           9       0.56      0.94      0.70     19912

   micro avg       0.60      0.60      0.60     43114
   macro avg       0.40      0.24      0.25     43114
weighted avg       0.58      0.60      0.52     43114
 samples avg       0.60      0.60      0.60     43114


[[   78     0     0     4     0     7     2    75     0  2631]
 [    0     0     0    89     0     1    26   158     0  1096]
 [    1     0     0     2     0     1     6    12     0   349]
 [    1     0     0  3611     0     0    23   334     0   764]
 [    0     0     0     4     0     0     0    26     0   570]
 [    3     0     0    18     0    42     4   109     0  1241]
 [    0     0     0    87     0     0  1440    46     0  2222]
 [    6     0     0   299     0    10    31  1886     0  5222]
 [    0     0     0    21     0     2     2   118     0   522]
 [   18     0     0   198     0    10   380   680     0 18626]]

Results of Test Set

--------------------
Accuracy: 0.5945400565941458, F1 Score: 0.24331770295711785, Precision: 0.3964415095575803, Recall: 0.2368558455635446

              precision    recall  f1-score   support

           0       0.65      0.02      0.04      2795
           1       0.00      0.00      0.00      1321
           2       0.00      0.00      0.00       355
           3       0.84      0.76      0.80      4700
           4       0.00      0.00      0.00       585
           5       0.64      0.03      0.06      1504
           6       0.74      0.37      0.49      3669
           7       0.54      0.24      0.33      7506
           8       0.00      0.00      0.00       666
           9       0.56      0.94      0.70     20013

   micro avg       0.59      0.59      0.59     43114
   macro avg       0.40      0.24      0.24     43114
weighted avg       0.57      0.59      0.52     43114
 samples avg       0.59      0.59      0.59     43114


[[   63     0     0     4     0     2     5    77     0  2644]
 [    0     0     0    60     0     0    20   155     0  1086]
 [    2     0     0     4     0     0     6    10     0   333]
 [    0     0     0  3592     0     0    18   343     0   747]
 [    0     0     0     4     0     0     6    20     0   555]
 [    3     0     0    17     0    50     7   104     0  1323]
 [    0     0     0    70     0     0  1354    53     0  2192]
 [    7     0     0   339     0    14    36  1819     0  5291]
 [    0     0     0    17     0     0     4   132     0   513]
 [   22     0     0   194     0    12   382   648     0 18755]]

