Title: Fully Connected - Words: 1000, Batch: 64, Epochs: 5, Outputs: 32

Results of Training Set

--------------------
Accuracy: 0.6102039554050501, F1 Score: 0.2624740692383091, Precision: 0.40583726125852, Recall: 0.2501397112099355

              precision    recall  f1-score   support

           0       0.64      0.08      0.14      8263
           1       0.00      0.00      0.00      3968
           2       0.00      0.00      0.00      1050
           3       0.86      0.77      0.81     14541
           4       0.00      0.00      0.00      1763
           5       0.64      0.03      0.05      4392
           6       0.77      0.41      0.54     11089
           7       0.57      0.27      0.37     22288
           8       0.00      0.00      0.00      1971
           9       0.57      0.94      0.71     60017

   micro avg       0.61      0.61      0.61    129342
   macro avg       0.41      0.25      0.26    129342
weighted avg       0.59      0.61      0.54    129342
 samples avg       0.61      0.61      0.61    129342


[[  653     0     0     5     0    20    10   242     0  7333]
 [    3     0     0   178     0     1    76   435     0  3275]
 [   10     0     0     5     0     2    21    49     0   963]
 [    8     0     0 11222     0     2    45  1049     0  2215]
 [    1     0     0    14     0     0     7    37     0  1704]
 [   60     0     0    51     0   125    10   348     0  3798]
 [    2     0     0   218     0     0  4586   183     0  6100]
 [   62     0     0   754     0    13   145  6024     0 15290]
 [    1     0     0    55     0     1    10   324     0  1580]
 [  219     0     0   508     0    30  1039  1906     0 56315]]

Results of Validation Set

--------------------
Accuracy: 0.595746161339704, F1 Score: 0.25282612244867425, Precision: 0.38352940617534337, Recall: 0.24194725221182142

              precision    recall  f1-score   support

           0       0.61      0.08      0.14      2797
           1       0.00      0.00      0.00      1370
           2       0.00      0.00      0.00       371
           3       0.84      0.75      0.79      4733
           4       0.00      0.00      0.00       600
           5       0.55      0.02      0.05      1417
           6       0.74      0.38      0.51      3795
           7       0.54      0.25      0.35      7454
           8       0.00      0.00      0.00       665
           9       0.56      0.93      0.70     19912

   micro avg       0.60      0.60      0.60     43114
   macro avg       0.38      0.24      0.25     43114
weighted avg       0.57      0.60      0.53     43114
 samples avg       0.60      0.60      0.60     43114


[[  217     0     0     4     0    10     5    84     0  2477]
 [    1     0     0    80     0     0    28   166     0  1095]
 [    6     0     0     1     0     0     5    14     0   345]
 [    3     0     0  3543     0     0    24   375     0   788]
 [    0     0     0     3     0     0     1    27     0   569]
 [   29     0     0    12     0    34     4   120     0  1218]
 [    1     0     0    80     0     0  1456    54     0  2204]
 [   26     0     0   261     0     7    41  1899     0  5220]
 [    1     0     0    18     0     3     2   115     0   526]
 [   74     0     0   197     0     8   402   695     0 18536]]

Results of Test Set

--------------------
Accuracy: 0.5974161525258617, F1 Score: 0.2517276531733437, Precision: 0.3827858343164495, Recall: 0.2416639285382332

              precision    recall  f1-score   support

           0       0.57      0.07      0.12      2795
           1       0.00      0.00      0.00      1321
           2       0.00      0.00      0.00       355
           3       0.85      0.75      0.80      4700
           4       0.00      0.00      0.00       585
           5       0.57      0.02      0.04      1504
           6       0.74      0.39      0.51      3669
           7       0.54      0.25      0.35      7506
           8       0.00      0.00      0.00       666
           9       0.56      0.93      0.70     20013

   micro avg       0.60      0.60      0.60     43114
   macro avg       0.38      0.24      0.25     43114
weighted avg       0.57      0.60      0.53     43114
 samples avg       0.60      0.60      0.60     43114


[[  190     0     0     2     0     5     3    92     0  2503]
 [    1     0     0    55     0     0    31   142     0  1092]
 [    2     0     0     4     0     2     7    17     0   323]
 [    2     0     0  3534     0     1    16   385     0   762]
 [    0     0     0     4     0     0     6    17     0   558]
 [   32     0     0    16     0    34     9   115     0  1298]
 [    0     0     0    71     0     0  1421    57     0  2120]
 [   24     0     0   297     0     5    37  1905     0  5238]
 [    1     0     0    16     0     1     1   119     0   528]
 [   79     0     0   182     0    12   400   667     0 18673]]

