Title: Fully Connected - Words: 1000, Batch: 128, Epochs: 5, Outputs: 32

Results of Training Set

--------------------
Accuracy: 0.610520944472793, F1 Score: 0.2663732746734797, Precision: 0.4169885336853506, Recall: 0.2523174261139865

              precision    recall  f1-score   support

           0       0.68      0.08      0.14      8263
           1       0.00      0.00      0.00      3968
           2       0.00      0.00      0.00      1050
           3       0.85      0.79      0.81     14541
           4       0.00      0.00      0.00      1763
           5       0.71      0.06      0.11      4392
           6       0.78      0.40      0.53     11089
           7       0.58      0.26      0.36     22288
           8       0.00      0.00      0.00      1971
           9       0.57      0.94      0.71     60017

   micro avg       0.61      0.61      0.61    129342
   macro avg       0.42      0.25      0.27    129342
weighted avg       0.59      0.61      0.54    129342
 samples avg       0.61      0.61      0.61    129342


[[  647     0     0     7     0    20     2   194     0  7393]
 [    2     0     0   208     0     1    68   374     0  3315]
 [   11     0     0     7     0     2    17    53     0   960]
 [   11     0     0 11439     0     2    49   853     0  2187]
 [    0     0     0    17     0     1     6    38     0  1701]
 [   25     0     0    56     0   272     6   352     0  3681]
 [    3     0     0   230     0     1  4425   168     0  6262]
 [   53     0     0   961     0    35   109  5713     0 15417]
 [    2     0     0    65     0     2    10   290     0  1602]
 [  191     0     0   545     0    49   967  1795     0 56470]]

Results of Validation Set

--------------------
Accuracy: 0.5960012988820337, F1 Score: 0.2544023479313269, Precision: 0.389720268423448, Recall: 0.2431783699918321

              precision    recall  f1-score   support

           0       0.61      0.07      0.12      2797
           1       0.00      0.00      0.00      1370
           2       0.00      0.00      0.00       371
           3       0.82      0.77      0.79      4733
           4       0.00      0.00      0.00       600
           5       0.59      0.05      0.09      1417
           6       0.75      0.37      0.50      3795
           7       0.55      0.24      0.34      7454
           8       0.00      0.00      0.00       665
           9       0.56      0.93      0.70     19912

   micro avg       0.60      0.60      0.60     43114
   macro avg       0.39      0.24      0.25     43114
weighted avg       0.57      0.60      0.52     43114
 samples avg       0.60      0.60      0.60     43114


[[  187     0     0     5     0     8     1    64     0  2532]
 [    2     0     0    86     0     1    30   144     0  1107]
 [    3     0     0     2     0     0     5    14     0   347]
 [    3     0     0  3623     0     0    19   290     0   798]
 [    0     0     0     3     0     0     1    29     0   567]
 [    9     0     0    13     0    70     2   126     0  1197]
 [    1     0     0    82     0     0  1414    51     0  2247]
 [   21     0     0   339     0    17    32  1821     0  5224]
 [    3     0     0    23     0     3     2   101     0   533]
 [   77     0     0   216     0    19   371   648     0 18581]]

Results of Test Set

--------------------
Accuracy: 0.5959317159159437, F1 Score: 0.25228289050029434, Precision: 0.3854241076289602, Recall: 0.24194164431309256

              precision    recall  f1-score   support

           0       0.57      0.06      0.11      2795
           1       0.00      0.00      0.00      1321
           2       0.00      0.00      0.00       355
           3       0.83      0.77      0.80      4700
           4       0.00      0.00      0.00       585
           5       0.60      0.05      0.09      1504
           6       0.74      0.37      0.49      3669
           7       0.55      0.24      0.33      7506
           8       0.00      0.00      0.00       666
           9       0.56      0.93      0.70     20013

   micro avg       0.60      0.60      0.60     43114
   macro avg       0.39      0.24      0.25     43114
weighted avg       0.57      0.60      0.52     43114
 samples avg       0.60      0.60      0.60     43114


[[  168     0     0     4     0     5     2    59     0  2557]
 [    1     0     0    65     0     0    24   131     0  1100]
 [    8     0     0     4     0     0     5    14     0   324]
 [    1     0     0  3626     0     0    21   294     0   758]
 [    0     0     0     4     0     0     6    17     0   558]
 [   12     0     0    15     0    72     7   108     0  1290]
 [    0     0     0    73     0     0  1355    60     0  2181]
 [   24     0     0   355     0    20    34  1774     0  5299]
 [    2     0     0    18     0     1     3   107     0   535]
 [   80     0     0   204     0    22   372   637     0 18698]]

