Title: Fully Connected - Words: 1000, Batch: 32, Epochs: 5, Outputs: 64

Results of Training Set

--------------------
Accuracy: 0.6275069196394056, F1 Score: 0.30432017830295593, Precision: 0.5818896878206714, Recall: 0.28073318893439975

              precision    recall  f1-score   support

           0       0.64      0.16      0.26      8263
           1       0.80      0.00      0.00      3968
           2       0.90      0.02      0.03      1050
           3       0.86      0.79      0.83     14541
           4       0.00      0.00      0.00      1763
           5       0.68      0.13      0.21      4392
           6       0.76      0.47      0.58     11089
           7       0.58      0.31      0.40     22288
           8       0.00      0.00      0.00      1971
           9       0.59      0.93      0.72     60017

   micro avg       0.63      0.63      0.63    129342
   macro avg       0.58      0.28      0.30    129342
weighted avg       0.63      0.63      0.57    129342
 samples avg       0.63      0.63      0.63    129342


[[ 1349     0     0     7     0    53    12   295     0  6547]
 [    6     4     0   197     0     5   115   488     0  3153]
 [   23     0    18     6     0     6    24    57     0   916]
 [   18     0     0 11498     0     5    50   880     0  2090]
 [    2     0     0    22     0     0     8    47     0  1684]
 [   93     0     0    47     0   560    13   429     0  3250]
 [    5     0     0   210     0     0  5238   197     0  5439]
 [  141     1     2   797     0    83   192  6879     0 14193]
 [   16     0     0    65     0    11    14   339     0  1526]
 [  459     0     0   450     0    97  1233  2161     0 55617]]

Results of Validation Set

--------------------
Accuracy: 0.6036786194739527, F1 Score: 0.280638118349407, Precision: 0.45414253317911235, Recall: 0.2623863084300167

              precision    recall  f1-score   support

           0       0.59      0.14      0.23      2797
           1       0.00      0.00      0.00      1370
           2       0.75      0.01      0.02       371
           3       0.83      0.76      0.80      4733
           4       0.00      0.00      0.00       600
           5       0.54      0.09      0.16      1417
           6       0.71      0.42      0.53      3795
           7       0.54      0.28      0.37      7454
           8       0.00      0.00      0.00       665
           9       0.57      0.91      0.70     19912

   micro avg       0.60      0.60      0.60     43114
   macro avg       0.45      0.26      0.28     43114
weighted avg       0.57      0.60      0.54     43114
 samples avg       0.60      0.60      0.60     43114


[[  402     0     0     7     0    26     6    97     0  2259]
 [    1     0     0    89     0     2    47   164     0  1067]
 [    7     0     3     2     0     1     7    19     0   332]
 [    3     0     0  3601     0     0    28   321     0   780]
 [    0     0     0     5     0     0     2    31     0   562]
 [   28     0     0    12     0   131     4   156     0  1086]
 [    3     0     0    78     0     0  1609    64     0  2041]
 [   63     0     1   306     0    28    58  2100     0  4898]
 [    4     0     0    24     0     4     3   117     0   513]
 [  167     0     0   196     0    50   503   815     0 18181]]

Results of Test Set

--------------------
Accuracy: 0.6030291784571137, F1 Score: 0.2786405897078061, Precision: 0.5706355108586146, Recall: 0.26071919015186457

              precision    recall  f1-score   support

           0       0.55      0.13      0.21      2795
           1       1.00      0.00      0.00      1321
           2       1.00      0.01      0.03       355
           3       0.84      0.77      0.80      4700
           4       0.00      0.00      0.00       585
           5       0.50      0.09      0.15      1504
           6       0.70      0.42      0.52      3669
           7       0.54      0.28      0.36      7506
           8       0.00      0.00      0.00       666
           9       0.57      0.91      0.71     20013

   micro avg       0.60      0.60      0.60     43114
   macro avg       0.57      0.26      0.28     43114
weighted avg       0.60      0.60      0.54     43114
 samples avg       0.60      0.60      0.60     43114


[[  362     0     0     5     0    24     7   105     0  2292]
 [    3     1     0    59     0     3    43   164     0  1048]
 [   14     0     5     2     0     2     9    23     0   300]
 [    4     0     0  3598     0     0    24   331     0   743]
 [    2     0     0     4     0     0     6    19     0   554]
 [   39     0     0    16     0   136    10   136     0  1167]
 [    1     0     0    69     0     2  1530    75     0  1992]
 [   52     0     0   326     0    45    50  2068     0  4965]
 [    1     0     0    21     0     5     3   115     0   521]
 [  181     0     0   181     0    54   499   799     0 18299]]

