Title: Fully Connected - Words: 1000, Batch: 64, Epochs: 5, Outputs: 64

Results of Training Set

--------------------
Accuracy: 0.6293547339611263, F1 Score: 0.3125901816821245, Precision: 0.7027537120068265, Recall: 0.288224967008109

              precision    recall  f1-score   support

           0       0.62      0.19      0.29      8263
           1       1.00      0.00      0.00      3968
           2       1.00      0.02      0.04      1050
           3       0.85      0.80      0.82     14541
           4       0.00      0.00      0.00      1763
           5       0.63      0.15      0.24      4392
           6       0.77      0.48      0.59     11089
           7       0.57      0.33      0.42     22288
           8       1.00      0.00      0.00      1971
           9       0.60      0.91      0.72     60017

   micro avg       0.63      0.63      0.63    129342
   macro avg       0.70      0.29      0.31    129342
weighted avg       0.65      0.63      0.58    129342
 samples avg       0.63      0.63      0.63    129342


[[ 1577     0     0    16     0    83    20   347     0  6220]
 [    7     1     0   230     0     6   118   528     0  3078]
 [   29     0    20     5     0     6    25    64     0   901]
 [   11     0     0 11595     0     7    44   998     0  1886]
 [    6     0     0    17     0     1    14    61     0  1664]
 [  129     0     0    63     0   667    11   450     0  3072]
 [    4     0     0   228     0     0  5286   201     0  5370]
 [  164     0     0   866     0   132   149  7352     0 13625]
 [   24     0     0    66     0    15    16   394     3  1453]
 [  574     0     0   580     0   147  1216  2599     0 54901]]

Results of Validation Set

--------------------
Accuracy: 0.6058356914227397, F1 Score: 0.2870038696991234, Precision: 0.4349272768383585, Recall: 0.2688570097632241

              precision    recall  f1-score   support

           0       0.56      0.16      0.25      2797
           1       0.00      0.00      0.00      1370
           2       0.67      0.01      0.01       371
           3       0.83      0.77      0.80      4733
           4       0.00      0.00      0.00       600
           5       0.48      0.11      0.18      1417
           6       0.71      0.43      0.54      3795
           7       0.53      0.30      0.39      7454
           8       0.00      0.00      0.00       665
           9       0.58      0.90      0.71     19912

   micro avg       0.61      0.61      0.61     43114
   macro avg       0.43      0.27      0.29     43114
weighted avg       0.57      0.61      0.55     43114
 samples avg       0.61      0.61      0.61     43114


[[  455     0     0     5     0    39    10   116     0  2172]
 [    1     0     0    90     0     2    40   198     0  1039]
 [   11     0     2     1     0     3     7    18     0   329]
 [    2     0     0  3658     0     2    23   351     0   697]
 [    2     0     0     2     0     0     4    40     0   552]
 [   57     0     0    15     0   155     6   150     0  1034]
 [    5     0     0    88     0     1  1644    64     0  1993]
 [   61     0     1   314     0    52    58  2267     0  4701]
 [    4     0     0    21     0     9     3   144     0   484]
 [  219     0     0   225     0    61   510   958     0 17939]]

Results of Test Set

--------------------
Accuracy: 0.6057661084566498, F1 Score: 0.2874654172133595, Precision: 0.566411773485056, Recall: 0.26899916646762073

              precision    recall  f1-score   support

           0       0.55      0.15      0.24      2795
           1       1.00      0.00      0.00      1321
           2       1.00      0.01      0.03       355
           3       0.83      0.78      0.80      4700
           4       0.00      0.00      0.00       585
           5       0.48      0.11      0.18      1504
           6       0.70      0.43      0.53      3669
           7       0.53      0.30      0.38      7506
           8       0.00      0.00      0.00       666
           9       0.58      0.90      0.71     20013

   micro avg       0.61      0.61      0.61     43114
   macro avg       0.57      0.27      0.29     43114
weighted avg       0.60      0.61      0.55     43114
 samples avg       0.61      0.61      0.61     43114


[[  432     0     0     8     0    42    10   119     0  2184]
 [    2     1     0    68     0     1    40   179     0  1030]
 [   12     0     5     4     0     3    10    21     0   300]
 [    4     0     0  3667     0     1    21   344     0   663]
 [    4     0     0     6     0     0     6    23     0   546]
 [   59     0     0    18     0   167    10   147     0  1103]
 [    0     0     0    75     0     3  1579    68     0  1944]
 [   61     0     0   344     0    56    50  2238     0  4757]
 [    4     0     0    17     0     6     3   153     0   483]
 [  213     0     0   208     0    67   533   964     0 18028]]

