Title: Fully Connected - Words: 1000, Batch: 128, Epochs: 5, Outputs: 64

Results of Training Set

--------------------
Accuracy: 0.6215769046404107, F1 Score: 0.29578618329245615, Precision: 0.5147166492937151, Recall: 0.2721470545562198

              precision    recall  f1-score   support

           0       0.64      0.15      0.24      8263
           1       0.00      0.00      0.00      3968
           2       1.00      0.00      0.00      1050
           3       0.87      0.77      0.82     14541
           4       0.00      0.00      0.00      1763
           5       0.71      0.14      0.23      4392
           6       0.77      0.44      0.56     11089
           7       0.57      0.30      0.40     22288
           8       0.00      0.00      0.00      1971
           9       0.58      0.93      0.72     60017

   micro avg       0.62      0.62      0.62    129342
   macro avg       0.51      0.27      0.30    129342
weighted avg       0.61      0.62      0.56    129342
 samples avg       0.62      0.62      0.62    129342


[[ 1202     0     0     8     0    48    11   212     0  6782]
 [   13     0     0   176     0     4    77   496     0  3202]
 [   25     0     2     7     0     3    21    64     0   928]
 [   12     0     0 11156     0     2    57  1181     0  2133]
 [    2     0     0    15     0     1     6    59     0  1680]
 [  110     0     0    47     0   603     9   416     0  3207]
 [    3     0     0   206     0     0  4831   203     0  5846]
 [  117     0     0   666     0    67   141  6767     0 14530]
 [   11     0     0    60     0    15    14   336     0  1535]
 [  397     0     0   424     0   101  1099  2161     0 55835]]

Results of Validation Set

--------------------
Accuracy: 0.6026348749826043, F1 Score: 0.27668924997069594, Precision: 0.38668463657160296, Recall: 0.25753168403108767

              precision    recall  f1-score   support

           0       0.60      0.12      0.20      2797
           1       0.00      0.00      0.00      1370
           2       0.00      0.00      0.00       371
           3       0.85      0.74      0.79      4733
           4       0.00      0.00      0.00       600
           5       0.57      0.10      0.17      1417
           6       0.74      0.41      0.53      3795
           7       0.53      0.28      0.37      7454
           8       0.00      0.00      0.00       665
           9       0.57      0.92      0.70     19912

   micro avg       0.60      0.60      0.60     43114
   macro avg       0.39      0.26      0.28     43114
weighted avg       0.57      0.60      0.54     43114
 samples avg       0.60      0.60      0.60     43114


[[  346     0     0     4     0    22     3    69     0  2353]
 [    1     0     0    76     0     2    32   196     0  1063]
 [    6     0     0     1     0     0     6    22     0   336]
 [    3     0     0  3511     0     0    25   411     0   783]
 [    5     0     0     3     0     0     2    33     0   557]
 [   33     0     0    13     0   142     5   143     0  1081]
 [    2     0     0    71     0     0  1546    64     0  2112]
 [   38     0     0   243     0    25    41  2095     0  5012]
 [    3     0     0    20     0     7     3   124     0   508]
 [  143     0     0   177     0    49   428   773     0 18342]]

Results of Test Set

--------------------
Accuracy: 0.6013359929489261, F1 Score: 0.2728216810159282, Precision: 0.37489273472916185, Recall: 0.2551506146343115

              precision    recall  f1-score   support

           0       0.52      0.11      0.19      2795
           1       0.00      0.00      0.00      1321
           2       0.00      0.00      0.00       355
           3       0.85      0.75      0.80      4700
           4       0.00      0.00      0.00       585
           5       0.54      0.09      0.16      1504
           6       0.72      0.40      0.51      3669
           7       0.54      0.28      0.37      7506
           8       0.00      0.00      0.00       666
           9       0.57      0.92      0.70     20013

   micro avg       0.60      0.60      0.60     43114
   macro avg       0.37      0.26      0.27     43114
weighted avg       0.57      0.60      0.54     43114
 samples avg       0.60      0.60      0.60     43114


[[  321     0     0     2     0    21     7    75     0  2369]
 [    2     0     0    52     0     2    26   174     0  1065]
 [    9     0     0     4     0     2     6    18     0   316]
 [    2     0     0  3513     0     0    27   401     0   757]
 [    2     0     0     4     0     0     7    21     0   551]
 [   45     0     0    16     0   140    10   135     0  1158]
 [    1     0     0    70     0     1  1463    74     0  2060]
 [   52     0     0   280     0    34    41  2085     0  5014]
 [    4     0     0    17     0     4     5   119     0   517]
 [  176     0     0   162     0    53   440   778     0 18404]]

