Title: Fully Connected - Words: 1000, Batch: 32, Epochs: 5, Outputs: 128

Results of Training Set

--------------------
Accuracy: 0.6458922855684929, F1 Score: 0.3403090714356776, Precision: 0.6931833989577828, Recall: 0.3049540667623019

              precision    recall  f1-score   support

           0       0.69      0.24      0.36      8263
           1       0.76      0.01      0.02      3968
           2       0.98      0.04      0.08      1050
           3       0.88      0.80      0.84     14541
           4       0.00      0.00      0.00      1763
           5       0.69      0.22      0.33      4392
           6       0.84      0.43      0.57     11089
           7       0.60      0.36      0.45     22288
           8       0.89      0.01      0.02      1971
           9       0.60      0.93      0.73     60017

   micro avg       0.65      0.65      0.65    129342
   macro avg       0.69      0.30      0.34    129342
weighted avg       0.67      0.65      0.60    129342
 samples avg       0.65      0.65      0.65    129342


[[ 2017     0     0     7     0    91    10   336     0  5802]
 [   11    45     0   192     0     8    72   566     0  3074]
 [   23     0    44     3     0     7    11    72     0   890]
 [   15     4     0 11630     0     4    37   937     0  1914]
 [    3     0     0    19     0     2     6    51     0  1682]
 [  141     0     0    53     0   958    17   459     0  2764]
 [    6     2     1   211     0     3  4800   238     0  5828]
 [  175     5     0   707     0   125   116  8027     0 13133]
 [   17     0     0    63     0    21     8   349    16  1497]
 [  512     3     0   382     0   171   644  2299     2 56004]]

Results of Validation Set

--------------------
Accuracy: 0.6062299948972492, F1 Score: 0.29480667795537674, Precision: 0.5510243230826242, Recall: 0.2703899529042437

              precision    recall  f1-score   support

           0       0.55      0.18      0.27      2797
           1       0.25      0.00      0.00      1370
           2       0.83      0.03      0.05       371
           3       0.84      0.76      0.80      4733
           4       0.00      0.00      0.00       600
           5       0.52      0.14      0.23      1417
           6       0.73      0.37      0.49      3795
           7       0.54      0.31      0.39      7454
           8       0.67      0.00      0.01       665
           9       0.58      0.91      0.71     19912

   micro avg       0.61      0.61      0.61     43114
   macro avg       0.55      0.27      0.29     43114
weighted avg       0.60      0.61      0.55     43114
 samples avg       0.61      0.61      0.61     43114


[[  504     0     1     6     0    45     5   117     0  2119]
 [    2     2     0    92     0     3    33   191     0  1047]
 [    4     0    10     1     0     2     5    24     0   325]
 [    4     1     0  3597     0     1    18   352     0   760]
 [    2     0     0     3     0     1     3    36     0   555]
 [   57     0     0    17     0   205     4   166     0   968]
 [    5     1     0    75     0     2  1405    71     0  2236]
 [   87     4     1   277     0    50    50  2291     0  4694]
 [    3     0     0    21     0     8     1   127     2   503]
 [  244     0     0   182     0    79   395   890     1 18121]]

Results of Test Set

--------------------
Accuracy: 0.6071809621004778, F1 Score: 0.2960688624456798, Precision: 0.6080730341578013, Recall: 0.2709708397502594

              precision    recall  f1-score   support

           0       0.53      0.18      0.26      2795
           1       0.64      0.01      0.01      1321
           2       1.00      0.02      0.04       355
           3       0.85      0.76      0.80      4700
           4       0.00      0.00      0.00       585
           5       0.55      0.15      0.24      1504
           6       0.75      0.37      0.49      3669
           7       0.53      0.30      0.39      7506
           8       0.67      0.01      0.01       666
           9       0.58      0.91      0.71     20013

   micro avg       0.61      0.61      0.61     43114
   macro avg       0.61      0.27      0.30     43114
weighted avg       0.61      0.61      0.55     43114
 samples avg       0.61      0.61      0.61     43114


[[  493     0     0     4     0    37     4   124     0  2133]
 [    8     7     0    61     0     1    20   188     0  1036]
 [   13     0     8     3     0     2     8    35     0   286]
 [    5     1     0  3593     0     0    19   347     0   735]
 [    4     0     0     5     0     0     4    24     0   548]
 [   63     0     0    18     0   227    10   166     1  1019]
 [    2     1     0    70     0     3  1359    88     0  2146]
 [   80     1     0   304     0    53    44  2282     0  4742]
 [    7     1     0    19     0     8     3   122     4   502]
 [  257     0     0   168     0    83   352   947     1 18205]]

