Title: Fully Connected - Words: 1000, Batch: 64, Epochs: 5, Outputs: 128

Results of Training Set

--------------------
Accuracy: 0.6496111085339642, F1 Score: 0.3449993322376287, Precision: 0.6895063345236235, Recall: 0.313567409756799

              precision    recall  f1-score   support

           0       0.72      0.22      0.33      8263
           1       0.69      0.00      0.01      3968
           2       0.94      0.03      0.06      1050
           3       0.88      0.80      0.84     14541
           4       0.00      0.00      0.00      1763
           5       0.68      0.28      0.39      4392
           6       0.79      0.49      0.61     11089
           7       0.59      0.39      0.47     22288
           8       1.00      0.00      0.01      1971
           9       0.61      0.92      0.74     60017

   micro avg       0.65      0.65      0.65    129342
   macro avg       0.69      0.31      0.34    129342
weighted avg       0.66      0.65      0.60    129342
 samples avg       0.65      0.65      0.65    129342


[[ 1804     0     0     9     0   109     9   443     0  5889]
 [    8    11     0   196     0     9    97   588     0  3059]
 [   28     0    33     5     0     8    19    88     0   869]
 [   16     2     0 11696     0     5    39   992     0  1791]
 [    3     0     0    13     0     4    13    71     0  1659]
 [   77     0     0    50     0  1224    14   527     0  2500]
 [    3     0     1   213     0     4  5428   240     0  5200]
 [  133     3     1   647     0   187   160  8641     0 12516]
 [   19     0     0    63     0    23    19   423     7  1417]
 [  426     0     0   441     0   233  1049  2690     0 55178]]

Results of Validation Set

--------------------
Accuracy: 0.6088045646425755, F1 Score: 0.29983035522761414, Precision: 0.6051750537824605, Recall: 0.2780252671852662

              precision    recall  f1-score   support

           0       0.59      0.16      0.25      2797
           1       0.50      0.00      0.00      1370
           2       0.83      0.01      0.03       371
           3       0.84      0.76      0.80      4733
           4       0.00      0.00      0.00       600
           5       0.48      0.18      0.27      1417
           6       0.72      0.43      0.54      3795
           7       0.52      0.34      0.41      7454
           8       1.00      0.00      0.01       665
           9       0.59      0.89      0.71     19912

   micro avg       0.61      0.61      0.61     43114
   macro avg       0.61      0.28      0.30     43114
weighted avg       0.61      0.61      0.56     43114
 samples avg       0.61      0.61      0.61     43114


[[  439     0     0     3     0    63     8   151     0  2133]
 [    4     1     0    88     0     2    46   215     0  1014]
 [    9     0     5     2     0     2     6    31     0   316]
 [    4     0     0  3606     0     2    24   383     0   714]
 [    4     0     0     5     0     1     6    41     0   543]
 [   31     0     0    15     0   262     6   200     0   903]
 [    5     1     0    79     0     2  1624    80     0  2004]
 [   56     0     1   271     0    80    54  2519     0  4473]
 [    4     0     0    20     0    13     4   153     2   469]
 [  194     0     0   212     0   124   488  1104     0 17790]]

Results of Test Set

--------------------
Accuracy: 0.6099642807440738, F1 Score: 0.3001284977438437, Precision: 0.6064299046747502, Recall: 0.2778565225092299

              precision    recall  f1-score   support

           0       0.55      0.16      0.24      2795
           1       0.50      0.00      0.00      1321
           2       0.89      0.02      0.04       355
           3       0.85      0.77      0.81      4700
           4       0.00      0.00      0.00       585
           5       0.46      0.17      0.25      1504
           6       0.71      0.43      0.53      3669
           7       0.51      0.33      0.40      7506
           8       1.00      0.00      0.01       666
           9       0.59      0.90      0.71     20013

   micro avg       0.61      0.61      0.61     43114
   macro avg       0.61      0.28      0.30     43114
weighted avg       0.61      0.61      0.56     43114
 samples avg       0.61      0.61      0.61     43114


[[  439     0     1     7     0    64     9   184     0  2091]
 [    5     2     0    63     0     5    37   187     0  1022]
 [   14     0     8     4     0     5     6    33     0   285]
 [    5     0     0  3616     0     0    22   384     0   673]
 [    1     0     0     3     0     0     9    30     0   542]
 [   47     0     0    19     0   255    11   187     0   985]
 [    3     0     0    75     0     2  1571    98     0  1920]
 [   67     1     0   289     0    93    56  2478     0  4522]
 [    4     0     0    17     0    10     2   159     3   471]
 [  206     1     0   175     0   115   500  1090     0 17926]]

