Title: Fully Connected - Words: 1000, Batch: 128, Epochs: 5, Outputs: 128

Results of Training Set

--------------------
Accuracy: 0.6435573904841428, F1 Score: 0.33387501542181497, Precision: 0.6864745495743109, Recall: 0.3042823581185236

              precision    recall  f1-score   support

           0       0.70      0.20      0.31      8263
           1       0.79      0.01      0.02      3968
           2       0.93      0.04      0.07      1050
           3       0.86      0.81      0.83     14541
           4       0.00      0.00      0.00      1763
           5       0.70      0.18      0.28      4392
           6       0.77      0.49      0.60     11089
           7       0.57      0.39      0.47     22288
           8       0.94      0.01      0.02      1971
           9       0.61      0.91      0.73     60017

   micro avg       0.64      0.64      0.64    129342
   macro avg       0.69      0.30      0.33    129342
weighted avg       0.66      0.64      0.60    129342
 samples avg       0.64      0.64      0.64    129342


[[ 1664     0     0    10     0    70    12   421     0  6086]
 [    6    44     0   214     0     8   125   644     0  2927]
 [   23     0    41     7     0     8    32   100     0   839]
 [   18     6     0 11744     0     7    52  1042     0  1672]
 [    1     0     0    18     0     3    11    86     0  1644]
 [   92     0     0    58     0   774    19   600     0  2849]
 [    5     1     1   220     0     0  5483   284     0  5095]
 [  117     5     2   777     0   110   205  8767     0 12305]
 [   16     0     0    67     0    13    21   410    16  1428]
 [  426     0     0   509     0   120  1196  3059     1 54706]]

Results of Validation Set

--------------------
Accuracy: 0.6090133135408452, F1 Score: 0.29637066640708565, Precision: 0.6296802675652362, Recall: 0.2751549862247635

              precision    recall  f1-score   support

           0       0.59      0.16      0.25      2797
           1       0.75      0.00      0.01      1370
           2       0.80      0.02      0.04       371
           3       0.83      0.77      0.80      4733
           4       0.00      0.00      0.00       600
           5       0.53      0.12      0.20      1417
           6       0.70      0.43      0.53      3795
           7       0.51      0.35      0.42      7454
           8       1.00      0.00      0.01       665
           9       0.59      0.89      0.71     19912

   micro avg       0.61      0.61      0.61     43114
   macro avg       0.63      0.28      0.30     43114
weighted avg       0.61      0.61      0.56     43114
 samples avg       0.61      0.61      0.61     43114


[[  443     0     0     4     0    31     8   160     0  2151]
 [    2     6     0    95     0     2    50   243     0   972]
 [    9     0     8     2     0     1     9    30     0   312]
 [    7     1     0  3643     0     1    35   406     0   640]
 [    2     0     0     3     0     0     5    38     0   552]
 [   36     0     0    17     0   173     6   207     0   978]
 [    4     0     0    82     0     1  1629    87     0  1992]
 [   58     1     2   292     0    51    60  2616     0  4374]
 [    6     0     0    24     0     8     3   147     3   474]
 [  186     0     0   215     0    60   518  1197     0 17736]]

Results of Test Set

--------------------
Accuracy: 0.6081319293037064, F1 Score: 0.29357119939521487, Precision: 0.6044908005171419, Recall: 0.2736049115100658

              precision    recall  f1-score   support

           0       0.54      0.14      0.23      2795
           1       0.71      0.00      0.01      1321
           2       1.00      0.02      0.04       355
           3       0.84      0.78      0.81      4700
           4       0.00      0.00      0.00       585
           5       0.50      0.12      0.19      1504
           6       0.69      0.43      0.53      3669
           7       0.51      0.34      0.41      7506
           8       0.67      0.01      0.01       666
           9       0.59      0.89      0.71     20013

   micro avg       0.61      0.61      0.61     43114
   macro avg       0.60      0.27      0.29     43114
weighted avg       0.60      0.61      0.56     43114
 samples avg       0.61      0.61      0.61     43114


[[  405     0     0     4     0    31    10   162     0  2183]
 [    5     5     0    66     0     2    40   217     0   986]
 [   15     0     8     4     0     2     9    42     0   275]
 [    7     0     0  3659     0     0    25   393     0   616]
 [    1     0     0     4     0     0     7    28     0   545]
 [   42     0     0    19     0   173    11   207     0  1052]
 [    4     0     0    70     0     0  1586   107     0  1902]
 [   59     1     0   317     0    56    58  2579     1  4435]
 [    4     1     0    21     0     9     5   156     4   466]
 [  208     0     0   203     0    73   551  1177     1 17800]]

