Title: Fully Connected - Words: 1000, Batch: 128, Epochs: 1, Outputs: 32

Results of Training Set

--------------------
Accuracy: 0.5955142181194044, F1 Score: 0.23371462887408095, Precision: 0.3426594931229358, Recall: 0.23183538513371707

              precision    recall  f1-score   support

           0       0.73      0.00      0.00      8263
           1       0.00      0.00      0.00      3968
           2       0.00      0.00      0.00      1050
           3       0.85      0.76      0.80     14541
           4       0.00      0.00      0.00      1763
           5       0.00      0.00      0.00      4392
           6       0.74      0.39      0.51     11089
           7       0.56      0.23      0.32     22288
           8       0.00      0.00      0.00      1971
           9       0.56      0.94      0.70     60017

   micro avg       0.60      0.60      0.60    129342
   macro avg       0.34      0.23      0.23    129342
weighted avg       0.56      0.60      0.52    129342
 samples avg       0.60      0.60      0.60    129342


[[   16     0     0    12     0     0    17   144     0  8074]
 [    0     0     0   209     0     0    85   329     0  3345]
 [    0     0     0    10     0     0    25    51     0   964]
 [    0     0     0 11006     0     0    80  1066     0  2389]
 [    0     0     0    19     0     0     7    51     0  1686]
 [    0     0     0    64     0     0    13   269     0  4046]
 [    0     0     0   226     0     0  4294   164     0  6405]
 [    2     0     0   832     0     0   132  5109     0 16213]
 [    0     0     0    58     0     0    17   286     0  1610]
 [    4     0     0   564     0     0  1164  1685     0 56600]]

Results of Validation Set

--------------------
Accuracy: 0.5872570394767361, F1 Score: 0.2302123245249174, Precision: 0.3453074724448663, Recall: 0.22896810475190693

              precision    recall  f1-score   support

           0       0.80      0.00      0.00      2797
           1       0.00      0.00      0.00      1370
           2       0.00      0.00      0.00       371
           3       0.84      0.75      0.79      4733
           4       0.00      0.00      0.00       600
           5       0.00      0.00      0.00      1417
           6       0.73      0.38      0.50      3795
           7       0.54      0.22      0.32      7454
           8       0.00      0.00      0.00       665
           9       0.55      0.94      0.70     19912

   micro avg       0.59      0.59      0.59     43114
   macro avg       0.35      0.23      0.23     43114
weighted avg       0.56      0.59      0.51     43114
 samples avg       0.59      0.59      0.59     43114


[[    4     0     0     5     0     0     6    47     0  2735]
 [    0     0     0    80     0     0    32   129     0  1129]
 [    0     0     0     1     0     0     7    15     0   348]
 [    0     0     0  3532     0     0    30   356     0   815]
 [    0     0     0     2     0     0     3    27     0   568]
 [    0     0     0    11     0     0     3   101     0  1302]
 [    0     0     0    85     0     0  1447    42     0  2221]
 [    0     0     0   279     0     0    38  1661     0  5476]
 [    0     0     0    18     0     0     3   106     0   538]
 [    1     0     0   209     0     0   424   603     0 18675]]

Results of Test Set

--------------------
Accuracy: 0.5876049543071856, F1 Score: 0.22923203364718686, Precision: 0.35159206732691606, Recall: 0.22830098240092447

              precision    recall  f1-score   support

           0       0.88      0.00      0.00      2795
           1       0.00      0.00      0.00      1321
           2       0.00      0.00      0.00       355
           3       0.84      0.75      0.79      4700
           4       0.00      0.00      0.00       585
           5       0.00      0.00      0.00      1504
           6       0.72      0.38      0.49      3669
           7       0.53      0.21      0.31      7506
           8       0.00      0.00      0.00       666
           9       0.55      0.94      0.70     20013

   micro avg       0.59      0.59      0.59     43114
   macro avg       0.35      0.23      0.23     43114
weighted avg       0.56      0.59      0.51     43114
 samples avg       0.59      0.59      0.59     43114


[[    7     0     0     3     0     0     8    51     0  2726]
 [    0     0     0    58     0     0    27   129     0  1107]
 [    0     0     0     3     0     0     7    14     0   331]
 [    0     0     0  3523     0     0    27   359     0   791]
 [    0     0     0     4     0     0     6    16     0   559]
 [    0     0     0    16     0     0    12    83     0  1393]
 [    0     0     0    76     0     0  1381    53     0  2159]
 [    0     0     0   311     0     0    35  1610     0  5550]
 [    0     0     0    17     0     0     5   119     0   525]
 [    1     0     0   201     0     0   422   576     0 18813]]

